2.219525337219238281e+00 2.188672065734863281e+00 1.070240736007690430e+00 8.744003176689147949e-01 8.786910027265548706e-02 -2.517112493515014648e-01 -2.684316635131835938e-01 -2.686168849468231201e-01 -2.296251654624938965e-01 -1.532529890537261963e-01 -2.982376813888549805e-01 -2.301839143037796021e-01 -2.670735418796539307e-01 -2.255617082118988037e-01 2.429449707269668579e-01 4.893547892570495605e-01 -1.864150911569595337e-01 -1.206582933664321899e-01 2.925093173980712891e-01 -1.424010097980499268e-01 2.946386337280273438e-01 2.913152799010276794e-03 -2.249270528554916382e-01 -1.111868023872375488e-01 -4.796632379293441772e-02 1.011786796152591705e-02 -1.897539794445037842e-01 -1.872665882110595703e-01 2.025308459997177124e-01 2.935279011726379395e-01 3.773113191127777100e-01 1.270786225795745850e-01 -5.343545228242874146e-02 -4.358337447047233582e-02 2.674927562475204468e-02 2.024755179882049561e-01 -2.772386074066162109e-01 -3.041426539421081543e-01 -1.269916743040084839e-01 -4.434231296181678772e-02 2.152694910764694214e-01 -2.997936904430389404e-01 -1.841252446174621582e-01 -6.812470406293869019e-02 -1.387389600276947021e-01 -2.957232892513275146e-01 -3.237162530422210693e-01 -1.341915428638458252e-01 -2.897032499313354492e-01 2.627119123935699463e-01 1.093470212072134018e-02 7.131653279066085815e-02 -1.579135507345199585e-01 -1.827476471662521362e-01 -2.027588635683059692e-01 -4.016441106796264648e-02 -2.630113959312438965e-01 -2.073538452386856079e-01 -1.877694576978683472e-01 7.903920486569404602e-04 -3.266845345497131348e-01 5.923402309417724609e-01 -1.187454462051391602e-01 -2.685168981552124023e-01 -2.939316928386688232e-01 1.576678156852722168e-01 -8.483842760324478149e-02 -9.386775642633438110e-02 -8.470432460308074951e-02 -1.327041387557983398e-01 -1.330394893884658813e-01 7.945015281438827515e-02 -2.255475968122482300e-01 -2.582604289054870605e-01 -2.233537435531616211e-01 -5.938531458377838135e-02 -1.769460588693618774e-01 -6.191104277968406677e-02 -4.312185943126678467e-02 -4.390274733304977417e-02 -3.868841379880905151e-02 -1.156212389469146729e-01 -6.274577695876359940e-03 -4.782323166728019714e-02 -4.222617670893669128e-02 -1.210009381175041199e-01 3.431731462478637695e-02 -3.954024240374565125e-02 -3.988726064562797546e-02 -1.221379116177558899e-01 -4.556529968976974487e-02 -1.224682182073593140e-01 4.802871048450469971e-01 1.733397841453552246e-01 1.715550720691680908e-01 1.673510372638702393e-01 3.777539730072021484e-01 -7.336693257093429565e-02 -9.535104036331176758e-02 -7.336778193712234497e-02 -2.162666991353034973e-03
2.188672065734863281e+00 2.211508035659790039e+00 1.065520524978637695e+00 8.725619912147521973e-01 8.798684924840927124e-02 -2.504636347293853760e-01 -2.700436115264892578e-01 -2.722686231136322021e-01 -2.258304506540298462e-01 -1.539804935455322266e-01 -2.982600331306457520e-01 -2.279443889856338501e-01 -2.685800492763519287e-01 -2.224870771169662476e-01 2.405787408351898193e-01 4.853435158729553223e-01 -1.819330304861068726e-01 -1.172003820538520813e-01 2.976480424404144287e-01 -1.393497288227081299e-01 2.873812317848205566e-01 4.855315200984477997e-03 -2.249158024787902832e-01 -1.122834011912345886e-01 -4.571206867694854736e-02 6.654354743659496307e-03 -1.864653229713439941e-01 -1.847884804010391235e-01 1.965227425098419189e-01 2.769047319889068604e-01 3.719908595085144043e-01 1.155452057719230652e-01 -5.157957598567008972e-02 -4.685479775071144104e-02 2.097539417445659637e-02 1.951989829540252686e-01 -2.791272997856140137e-01 -3.027881085872650146e-01 -1.172716394066810608e-01 -4.195141419768333435e-02 2.186334729194641113e-01 -2.966100871562957764e-01 -1.871634125709533691e-01 -6.536654382944107056e-02 -1.393603831529617310e-01 -2.934619486331939697e-01 -3.206266760826110840e-01 -1.325990557670593262e-01 -2.875345051288604736e-01 2.569720149040222168e-01 9.732551872730255127e-03 6.554809957742691040e-02 -1.574356257915496826e-01 -1.810232996940612793e-01 -1.979645490646362305e-01 -3.676799684762954712e-02 -2.605226933956146240e-01 -2.086953073740005493e-01 -1.878834962844848633e-01 -1.021359115839004517e-03 -3.199884295463562012e-01 5.999232530593872070e-01 -1.154278591275215149e-01 -2.703992128372192383e-01 -2.987606227397918701e-01 1.602402627468109131e-01 -7.890495657920837402e-02 -9.869313240051269531e-02 -8.190147578716278076e-02 -1.304656863212585449e-01 -1.365516185760498047e-01 8.350323140621185303e-02 -2.231244295835494995e-01 -2.554520070552825928e-01 -2.148336619138717651e-01 -5.164528638124465942e-02 -1.787147819995880127e-01 -5.530415847897529602e-02 -4.675246775150299072e-02 -4.208507761359214783e-02 -3.232916817069053650e-02 -1.128528937697410583e-01 -8.420309983193874359e-03 -4.544222354888916016e-02 -4.530462995171546936e-02 -1.151677295565605164e-01 3.522533550858497620e-02 -3.894868493080139160e-02 -3.909983113408088684e-02 -1.156289875507354736e-01 -4.092598706483840942e-02 -1.144270971417427063e-01 4.725857675075531006e-01 1.678211241960525513e-01 1.683147102594375610e-01 1.591747850179672241e-01 3.759197592735290527e-01 -7.287827879190444946e-02 -9.177314490079879761e-02 -7.246599346399307251e-02 -1.688585267402231693e-03
1.070240736007690430e+00 1.065520524978637695e+00 1.214527487754821777e+00 4.296621978282928467e-01 -1.137745287269353867e-02 -3.769321367144584656e-02 -2.161644846200942993e-01 -2.176007777452468872e-01 -1.973752528429031372e-01 4.158327281475067139e-01 1.287741959095001221e-01 -1.975682377815246582e-01 -2.147579938173294067e-01 -1.970992833375930786e-01 1.512466222047805786e-01 1.915092617273330688e-01 -1.657483726739883423e-01 -1.167285442352294922e-01 1.625252366065979004e-01 -1.325250715017318726e-01 1.213211044669151306e-01 1.595230959355831146e-02 -1.730141490697860718e-01 -9.793931245803833008e-02 -1.062932759523391724e-01 -9.261755645275115967e-02 -1.715961694717407227e-01 -1.621786206960678101e-01 4.678716138005256653e-02 5.816544592380523682e-02 1.496579796075820923e-01 7.784605491906404495e-03 6.054682135581970215e-01 -1.176503375172615051e-01 8.408987894654273987e-03 6.542342156171798706e-02 -2.384858578443527222e-01 -2.674543261528015137e-01 -1.973660290241241455e-01 -8.140271902084350586e-02 1.293656881898641586e-02 -2.398333102464675903e-01 -1.700271368026733398e-01 -6.728179752826690674e-02 -1.558595448732376099e-01 -2.602771818637847900e-01 -2.650544345378875732e-01 -1.303281635046005249e-01 -1.968934237957000732e-01 1.279167681932449341e-01 -5.845026299357414246e-02 -1.008483320474624634e-01 -1.154903545975685120e-01 -1.737523376941680908e-01 -1.678025722503662109e-01 -1.228144764900207520e-01 -2.474694848060607910e-01 -4.955996200442314148e-02 -2.200709134340286255e-01 -1.092761307954788208e-01 -2.261853516101837158e-01 3.290055394172668457e-01 -1.591279357671737671e-01 -2.164441794157028198e-01 -2.095069438219070435e-01 5.833611637353897095e-02 -8.109586685895919800e-02 -9.285026788711547852e-02 -1.043847128748893738e-01 -1.145305410027503967e-01 -6.803537160158157349e-02 -9.841953217983245850e-02 -9.799078851938247681e-02 -1.061656549572944641e-01 -9.913416951894760132e-02 1.258041262626647949e+00 5.291010737419128418e-01 1.256716609001159668e+00 -1.200989708304405212e-01 -1.181509941816329956e-01 -1.099897176027297974e-01 -1.969762295484542847e-01 -9.030234813690185547e-02 -1.214822977781295776e-01 -1.199726611375808716e-01 -2.017630189657211304e-01 -3.832703456282615662e-02 -1.158414557576179504e-01 -1.181927025318145752e-01 -1.979902684688568115e-01 -1.122485920786857605e-01 -1.990754455327987671e-01 4.083041250705718994e-01 6.325764209032058716e-02 6.313342601060867310e-02 5.615910142660140991e-02 2.718933820724487305e-01 -1.289421506226062775e-02 -1.353350728750228882e-01 -1.064527407288551331e-02 5.324556678533554077e-02
8.744003176689147949e-01 8.725619912147521973e-01 4.296621978282928467e-01 1.535379171371459961e+00 3.982410728931427002e-01 -1.184458285570144653e-01 -2.018013745546340942e-01 -2.024454623460769653e-01 4.739152640104293823e-02 -1.174809560179710388e-01 -1.415395140647888184e-01 4.824825003743171692e-02 -2.027652561664581299e-01 4.861444979906082153e-02 1.392541080713272095e-01 1.589933186769485474e-01 2.717209793627262115e-02 6.203997135162353516e-02 1.681076288223266602e-01 -1.076783984899520874e-02 9.015140682458877563e-02 1.543528884649276733e-01 -3.697839006781578064e-02 9.711909294128417969e-02 1.826395653188228607e-02 9.995045512914657593e-02 -5.944417789578437805e-02 9.953588992357254028e-02 1.579211652278900146e-02 3.567860424518585205e-01 2.392016202211380005e-01 1.615103930234909058e-01 -4.519482329487800598e-02 -1.295076310634613037e-01 -7.974739372730255127e-02 1.330907642841339111e-01 2.009761035442352295e-01 2.347092032432556152e-01 -1.957510411739349365e-01 -4.123404994606971741e-02 1.131265144795179367e-02 -1.213061437010765076e-01 -1.056717634201049805e-01 1.579204499721527100e-01 -6.938472390174865723e-02 -9.908711165189743042e-02 -1.400694698095321655e-01 -1.063686981797218323e-01 1.141930148005485535e-01 1.266738921403884888e-01 -9.971527755260467529e-02 5.061286035925149918e-03 -2.090310677886009216e-02 -1.054231822490692139e-01 1.901523619890213013e-01 -1.061650589108467102e-01 -9.414219111204147339e-02 -9.305868297815322876e-02 2.425274625420570374e-02 -3.733761236071586609e-02 -1.950292438268661499e-01 3.296642303466796875e-01 -1.184047982096672058e-01 -2.013804465532302856e-01 -1.864999234676361084e-01 2.059383988380432129e-01 1.502187401056289673e-01 4.213821887969970703e-02 -8.690391480922698975e-02 2.872741036117076874e-02 2.620754018425941467e-02 -6.668688356876373291e-02 1.492626368999481201e-01 8.397243916988372803e-03 1.498025357723236084e-01 -1.188947726041078568e-02 1.078086122870445251e-01 -1.132650673389434814e-02 -2.379610538482666016e-01 -2.377291470766067505e-01 -2.348694205284118652e-01 -1.942884922027587891e-01 -1.759991049766540527e-01 -2.386898249387741089e-01 -2.375424802303314209e-01 -1.947756856679916382e-01 -2.749623954296112061e-01 -2.372999787330627441e-01 -2.329547256231307983e-01 -1.959751397371292114e-01 -2.366116642951965332e-01 -1.963549107313156128e-01 1.525270342826843262e-01 2.262457013130187988e-01 2.185574471950531006e-01 2.118083387613296509e-01 6.003704667091369629e-02 -2.106192260980606079e-01 -1.988254189491271973e-01 -2.107750028371810913e-01 -1.621813923120498657e-01
8.786910027265548706e-02 8.798684924840927124e-02 -1.137745287269353867e-02 3.982410728931427002e-01 1.690872788429260254e+00 5.451171100139617920e-02 -6.685117632150650024e-02 -6.754361093044281006e-02 2.449727654457092285e-01 -1.809024363756179810e-01 -4.145381972193717957e-02 2.477906644344329834e-01 -6.949838995933532715e-02 2.468920052051544189e-01 4.730426706373691559e-03 -1.356505602598190308e-01 4.287587106227874756e-01 1.077127382159233093e-01 -8.700205385684967041e-02 1.216478571295738220e-01 -4.232403635978698730e-02 6.771495193243026733e-02 2.821010053157806396e-01 4.531559348106384277e-01 1.023068204522132874e-01 2.008430063724517822e-01 -2.636046893894672394e-02 3.476462066173553467e-01 2.597925961017608643e-01 1.919928044080734253e-01 6.147822365164756775e-02 9.933651238679885864e-02 -1.376696079969406128e-01 -1.893336325883865356e-01 -5.209304764866828918e-02 5.239315703511238098e-02 1.218985319137573242e+00 1.354681611061096191e+00 -2.931246161460876465e-01 -4.766150191426277161e-02 -9.217835962772369385e-02 -9.490138292312622070e-02 -3.014535270631313324e-02 1.997496932744979858e-01 -6.806527078151702881e-02 -1.509024109691381454e-02 -5.633337050676345825e-02 -1.019378658384084702e-02 4.165542125701904297e-01 -6.245793029665946960e-02 -1.109703332185745239e-01 -3.956244140863418579e-02 1.003004312515258789e-01 -3.267911821603775024e-02 7.856710553169250488e-01 5.375595390796661377e-02 -5.863644927740097046e-02 -1.150474697351455688e-01 3.508697450160980225e-01 -2.421092540025711060e-01 1.902214139699935913e-01 -2.157604321837425232e-02 -1.990594863891601562e-01 -6.683845072984695435e-02 1.265922039747238159e-01 -7.446793466806411743e-02 3.866147696971893311e-01 2.743640681728720665e-03 -9.954694658517837524e-02 8.018466830253601074e-02 9.062455967068672180e-03 -5.102480947971343994e-02 1.176583170890808105e-01 -2.617435455322265625e-01 1.143069341778755188e-01 -6.211904063820838928e-02 6.159703731536865234e-01 -5.734260380268096924e-02 -3.602297008037567139e-01 -3.608022928237915039e-01 -3.593575060367584229e-01 -2.950191795825958252e-01 -3.106216788291931152e-01 -3.613616824150085449e-01 -3.588270545005798340e-01 -2.963755428791046143e-01 -4.221161007881164551e-01 -3.595639467239379883e-01 -3.573115468025207520e-01 -2.947153747081756592e-01 -3.586749136447906494e-01 -2.954801321029663086e-01 -1.313761025667190552e-01 -7.473951578140258789e-02 -6.335613131523132324e-02 -7.630747556686401367e-02 -1.933239102363586426e-01 -3.358769714832305908e-01 -3.274007141590118408e-01 -3.350116908550262451e-01 -3.051356673240661621e-01
-2.517112493515014648e-01 -2.504636347293853760e-01 -3.769321367144584656e-02 -1.184458285570144653e-01 5.451171100139617920e-02 8.059631586074829102e-01 2.516972720623016357e-01 2.518392503261566162e-01 2.443924248218536377e-01 2.192904502153396606e-01 1.394306719303131104e-01 2.429545074701309204e-01 2.475966215133666992e-01 2.402324676513671875e-01 9.241241961717605591e-02 1.258997470140457153e-01 -6.830555945634841919e-02 -3.171928226947784424e-02 -1.922966390848159790e-01 -1.419288814067840576e-01 -2.692841226235032082e-04 -1.043071970343589783e-01 8.984971791505813599e-02 -3.632958047091960907e-03 -1.362184435129165649e-01 -1.795880645513534546e-01 8.580145984888076782e-02 -1.446483563631772995e-02 -6.084053963422775269e-02 -1.753443330526351929e-01 -1.467369049787521362e-01 -6.650745123624801636e-02 -9.074568003416061401e-02 -1.147695779800415039e-01 -8.198340982198715210e-02 -1.921818107366561890e-01 1.553326845169067383e-01 1.468892395496368408e-01 -2.354382872581481934e-01 1.230237036943435669e-01 2.937061479315161705e-03 9.472370892763137817e-02 2.729054689407348633e-01 -5.712993443012237549e-04 1.037188023328781128e-01 1.089671105146408081e-01 1.909436732530593872e-01 2.226476222276687622e-01 -1.333080083131790161e-01 6.196516007184982300e-02 -1.156752482056617737e-01 -8.273808658123016357e-02 6.868081633001565933e-03 2.640268206596374512e-01 5.162540823221206665e-02 -2.172603607177734375e-01 9.184925258159637451e-02 3.784886328503489494e-03 -1.065741553902626038e-01 -1.791024506092071533e-01 1.243252083659172058e-01 -2.691700160503387451e-01 9.027236700057983398e-02 2.470605671405792236e-01 -6.276466697454452515e-02 1.393821388483047485e-01 -1.110649332404136658e-01 -5.837462097406387329e-02 1.517809629440307617e-01 -2.122249826788902283e-02 -8.224523626267910004e-03 -2.829772233963012695e-01 -1.447256505489349365e-01 -2.504907846450805664e-01 -1.472911387681961060e-01 1.550126075744628906e-01 1.569161713123321533e-01 1.606001406908035278e-01 -1.581566631793975830e-01 -1.602422297000885010e-01 -1.590193510055541992e-01 -2.375145852565765381e-01 -1.782411336898803711e-01 -1.580643951892852783e-01 -1.562375873327255249e-01 -2.365891039371490479e-01 -8.663807064294815063e-02 -1.611321717500686646e-01 -1.607702672481536865e-01 -2.381594181060791016e-01 -1.569527834653854370e-01 -2.363716065883636475e-01 1.882171183824539185e-01 2.058951705694198608e-01 1.294707357883453369e-01 1.346345841884613037e-01 4.660112783312797546e-02 7.080022245645523071e-02 6.490036100149154663e-02 6.568174064159393311e-02 1.380117088556289673e-01
-2.684316635131835938e-01 -2.700436115264892578e-01 -2.161644846200942993e-01 -2.018013745546340942e-01 -6.685117632150650024e-02 2.516972720623016357e-01 7.934746742248535156e-01 7.892420291900634766e-01 2.081467509269714355e-01 1.540206074714660645e-01 3.946473300457000732e-01 2.104628831148147583e-01 7.835472226142883301e-01 2.071388363838195801e-01 1.016275510191917419e-01 1.089123412966728210e-01 -8.221596479415893555e-02 -8.628161996603012085e-02 -2.637400329113006592e-01 -1.455640494823455811e-01 4.911780357360839844e-02 -7.065846771001815796e-02 5.197998136281967163e-02 8.932163007557392120e-03 3.813210176303982735e-03 -1.665879040956497192e-02 1.601298302412033081e-01 -1.331119090318679810e-01 -8.714201301336288452e-02 -1.481377780437469482e-01 -1.697796881198883057e-01 -8.136327564716339111e-02 -2.434805184602737427e-01 -1.431086957454681396e-01 -7.170968502759933472e-02 -1.410014182329177856e-01 6.625123322010040283e-02 5.914070829749107361e-02 -2.840617895126342773e-01 1.089690849184989929e-01 5.491639487445354462e-03 8.606360852718353271e-02 2.672430574893951416e-01 -1.183988824486732483e-01 1.458072513341903687e-01 5.732064321637153625e-02 1.472850143909454346e-01 2.256599217653274536e-01 -2.124337553977966309e-01 1.819275133311748505e-02 -2.116505354642868042e-01 3.318922966718673706e-02 -3.634748980402946472e-02 2.608574926853179932e-01 1.470330823212862015e-02 -6.862122565507888794e-02 8.538891375064849854e-02 -2.101322710514068604e-01 -1.050400882959365845e-01 -2.511014342308044434e-01 1.627963781356811523e-01 -3.263586461544036865e-01 3.660508617758750916e-02 7.832967638969421387e-01 1.002031087875366211e+00 1.028523147106170654e-01 -2.172755822539329529e-02 2.356171375140547752e-03 1.761316955089569092e-01 1.338589191436767578e-01 1.349351741373538971e-02 -1.458525359630584717e-01 -1.997898817062377930e-01 -2.404593974351882935e-01 -1.991488337516784668e-01 -1.759875714778900146e-01 -5.577181279659271240e-02 -1.743321418762207031e-01 -2.357604056596755981e-01 -2.385532706975936890e-01 -2.377311140298843384e-01 -2.887893915176391602e-01 -2.284648418426513672e-01 -2.386745512485504150e-01 -2.359737753868103027e-01 -2.856404185295104980e-01 -1.935568302869796753e-01 -2.352335900068283081e-01 -2.378802150487899780e-01 -2.844799757003784180e-01 -2.336494922637939453e-01 -2.866134345531463623e-01 1.627258360385894775e-01 1.753053069114685059e-01 9.617414325475692749e-02 9.961303323507308960e-02 2.312774583697319031e-02 5.564513057470321655e-02 6.690720468759536743e-02 4.682674631476402283e-02 1.254384964704513550e-01
-2.686168849468231201e-01 -2.722686231136322021e-01 -2.176007777452468872e-01 -2.024454623460769653e-01 -6.754361093044281006e-02 2.518392503261566162e-01 7.892420291900634766e-01 8.023346066474914551e-01 2.094351947307586670e-01 1.556837558746337891e-01 3.933103382587432861e-01 2.103708237409591675e-01 7.859076857566833496e-01 2.055666744709014893e-01 1.038931980729103088e-01 1.085352823138237000e-01 -8.502382785081863403e-02 -8.674442023038864136e-02 -2.646757662296295166e-01 -1.473638415336608887e-01 4.874611645936965942e-02 -7.237229496240615845e-02 5.665076151490211487e-02 6.951821502298116684e-03 7.587325526401400566e-04 -1.791488006711006165e-02 1.589326262474060059e-01 -1.353746652603149414e-01 -8.676851540803909302e-02 -1.475177407264709473e-01 -1.723282635211944580e-01 -8.211231976747512817e-02 -2.434147447347640991e-01 -1.424971818923950195e-01 -7.048600167036056519e-02 -1.419000625610351562e-01 6.440066546201705933e-02 5.945026874542236328e-02 -2.849575877189636230e-01 1.089952439069747925e-01 4.332890268415212631e-03 8.698068559169769287e-02 2.697574794292449951e-01 -1.175231561064720154e-01 1.514022946357727051e-01 5.769867077469825745e-02 1.474878340959548950e-01 2.244935333728790283e-01 -2.126953303813934326e-01 1.768809556961059570e-02 -2.111056745052337646e-01 3.432990610599517822e-02 -3.676514327526092529e-02 2.688953280448913574e-01 1.494810264557600021e-02 -6.535697728395462036e-02 8.547937870025634766e-02 -2.135106772184371948e-01 -1.056200638413429260e-01 -2.515891492366790771e-01 1.592193096876144409e-01 -3.279291391372680664e-01 3.574459999799728394e-02 7.873765230178833008e-01 1.006983757019042969e+00 1.071229800581932068e-01 -2.349033392965793610e-02 1.421397202648222446e-03 1.748779863119125366e-01 1.329704225063323975e-01 1.227116584777832031e-02 -1.472681909799575806e-01 -2.002292126417160034e-01 -2.388779670000076294e-01 -2.003427594900131226e-01 -1.773485094308853149e-01 -5.300538241863250732e-02 -1.735637485980987549e-01 -2.365840524435043335e-01 -2.388795316219329834e-01 -2.391334623098373413e-01 -2.861273884773254395e-01 -2.288044691085815430e-01 -2.412281483411788940e-01 -2.366803288459777832e-01 -2.862765491008758545e-01 -1.960211545228958130e-01 -2.368649095296859741e-01 -2.391281425952911377e-01 -2.842091321945190430e-01 -2.357904613018035889e-01 -2.867835164070129395e-01 1.649869084358215332e-01 1.772699356079101562e-01 9.447001665830612183e-02 1.055581867694854736e-01 2.335234545171260834e-02 5.776520818471908569e-02 6.959225237369537354e-02 4.899973049759864807e-02 1.263376176357269287e-01
-2.296251654624938965e-01 -2.258304506540298462e-01 -1.973752528429031372e-01 4.739152640104293823e-02 2.449727654457092285e-01 2.443924248218536377e-01 2.081467509269714355e-01 2.094351947307586670e-01 7.242094874382019043e-01 6.611874699592590332e-02 1.047750860452651978e-01 7.160300016403198242e-01 2.090198844671249390e-01 7.110676169395446777e-01 1.724721044301986694e-01 8.656646311283111572e-02 1.893116720020771027e-02 -4.525795951485633850e-02 -1.956756860017776489e-01 -4.546743631362915039e-02 -7.304915040731430054e-02 -5.723491683602333069e-02 -4.980245605111122131e-02 -4.293271899223327637e-02 -1.172377020120620728e-01 -5.310792848467826843e-02 1.957993060350418091e-01 -1.500453334301710129e-02 -1.414206027984619141e-01 -6.645184010267257690e-02 -9.035872668027877808e-02 -2.093380689620971680e-02 -1.927047669887542725e-01 -1.429931670427322388e-01 -7.456754148006439209e-02 -1.074746251106262207e-01 1.545671522617340088e-01 2.589236497879028320e-01 -2.968549430370330811e-01 1.917910426855087280e-01 8.551157265901565552e-02 8.512685447931289673e-02 2.751654386520385742e-01 -2.157857641577720642e-02 1.289582103490829468e-01 1.708337366580963135e-01 2.380207777023315430e-01 1.271979063749313354e-01 8.432547003030776978e-02 8.528426289558410645e-02 -1.712060868740081787e-01 -9.028484672307968140e-02 7.241013646125793457e-02 2.743225395679473877e-01 7.888238877058029175e-02 -1.907070577144622803e-01 1.643167585134506226e-01 -1.938370615243911743e-01 -1.062577813863754272e-01 -2.298363745212554932e-01 1.652036905288696289e-01 -2.683322131633758545e-01 4.775863140821456909e-02 2.086949795484542847e-01 -1.135070696473121643e-01 1.294598281383514404e-01 9.452698752284049988e-03 8.634543977677822113e-03 1.266899555921554565e-01 -1.751580275595188141e-02 -4.108268767595291138e-02 -2.287782430648803711e-01 9.503793716430664062e-02 -2.192646265029907227e-01 9.155093133449554443e-02 -1.261110007762908936e-01 4.372390359640121460e-02 -1.213030293583869934e-01 -2.346654832363128662e-01 -2.363564074039459229e-01 -2.376016527414321899e-01 -2.999316751956939697e-01 -2.191442400217056274e-01 -2.320856899023056030e-01 -2.358854711055755615e-01 -2.980063855648040771e-01 -1.784324645996093750e-01 -2.375776320695877075e-01 -2.325999438762664795e-01 -2.950108051300048828e-01 -2.348994761705398560e-01 -2.982187867164611816e-01 1.611447185277938843e-01 1.841273158788681030e-01 1.222370117902755737e-01 1.235693544149398804e-01 3.571063280105590820e-02 5.883555859327316284e-02 5.917306244373321533e-02 5.326335877180099487e-02 1.199810579419136047e-01
-1.532529890537261963e-01 -1.539804935455322266e-01 4.158327281475067139e-01 -1.174809560179710388e-01 -1.809024363756179810e-01 2.192904502153396606e-01 1.540206074714660645e-01 1.556837558746337891e-01 6.611874699592590332e-02 8.649480938911437988e-01 4.721395969390869141e-01 6.637928634881973267e-02 1.567780077457427979e-01 6.186566501855850220e-02 2.016899138689041138e-01 9.341409802436828613e-02 -1.431249380111694336e-01 -1.187508478760719299e-01 -1.741124689579010010e-01 -1.857706010341644287e-01 -5.840015783905982971e-02 -5.874092131853103638e-02 -1.472943872213363647e-01 -1.382626146078109741e-01 -8.683498203754425049e-02 -1.158457845449447632e-01 3.672311827540397644e-02 -1.633567512035369873e-01 -8.348867297172546387e-02 -1.600698232650756836e-01 -9.901370108127593994e-02 -1.199289858341217041e-01 3.980683088302612305e-01 -1.396069973707199097e-01 -6.744009256362915039e-02 -1.145677044987678528e-01 -2.149831950664520264e-01 -2.372579276561737061e-01 -2.679164111614227295e-01 1.062600687146186829e-01 3.154971450567245483e-02 4.064043238759040833e-02 1.440761983394622803e-01 -1.051078587770462036e-01 4.184294119477272034e-02 2.394346892833709717e-02 6.329088658094406128e-02 1.015788540244102478e-01 -1.642057895660400391e-01 9.703379869461059570e-02 -1.152529641985893250e-01 -1.533650457859039307e-01 -5.607187375426292419e-02 1.372401714324951172e-01 -1.890807002782821655e-01 -1.572921723127365112e-01 3.854862973093986511e-02 -4.335122182965278625e-02 -1.723574548959732056e-01 -1.268336027860641479e-01 -3.537981584668159485e-02 -1.361161023378372192e-01 5.023333430290222168e-02 1.530388444662094116e-01 -1.460745092481374741e-02 8.222600817680358887e-02 -1.053398326039314270e-01 -1.249972879886627197e-01 6.430441862903535366e-04 -2.352896891534328461e-02 -4.836416617035865784e-02 -2.034762203693389893e-01 -5.206344649195671082e-02 -2.358610043302178383e-03 -5.288469791412353516e-02 9.340438246726989746e-01 3.733228445053100586e-01 9.338437318801879883e-01 -1.813105344772338867e-01 -1.855964511632919312e-01 -1.846632361412048340e-01 -2.722684442996978760e-01 -1.830354779958724976e-01 -1.832016557455062866e-01 -1.829834133386611938e-01 -2.709735929965972900e-01 -1.009553968906402588e-01 -1.849132925271987915e-01 -1.854304820299148560e-01 -2.675293385982513428e-01 -1.769931167364120483e-01 -2.707569301128387451e-01 3.426114618778228760e-01 1.073514670133590698e-01 7.090782374143600464e-02 7.694806903600692749e-02 1.774610579013824463e-01 1.564889401197433472e-01 9.673595428466796875e-02 1.520881354808807373e-01 2.331748753786087036e-01
-2.982376813888549805e-01 -2.982600331306457520e-01 1.287741959095001221e-01 -1.415395140647888184e-01 -4.145381972193717957e-02 1.394306719303131104e-01 3.946473300457000732e-01 3.933103382587432861e-01 1.047750860452651978e-01 4.721395969390869141e-01 1.037387371063232422e+00 1.037595868110656738e-01 3.938466310501098633e-01 1.039318293333053589e-01 3.904717862606048584e-01 -8.384295739233493805e-03 2.741525508463382721e-02 -1.529106218367815018e-02 -1.703586578369140625e-01 -1.398036628961563110e-01 -1.978785544633865356e-02 -1.968920044600963593e-02 7.062085438519716263e-03 -6.681510806083679199e-02 -6.668912712484598160e-03 8.354855701327323914e-03 3.253950923681259155e-02 -1.092417538166046143e-01 -1.232631728053092957e-01 -8.374381065368652344e-02 -1.294026672840118408e-01 -6.269275397062301636e-02 1.495894342660903931e-01 -1.657190769910812378e-01 -5.098802968859672546e-02 -7.607215642929077148e-02 -1.703097671270370483e-02 -6.102458108216524124e-03 -3.467009365558624268e-01 2.491195797920227051e-01 -1.909133419394493103e-02 2.639632485806941986e-02 1.634178757667541504e-01 -4.966707527637481689e-02 1.296926736831665039e-01 3.952753171324729919e-02 6.906884256750345230e-03 1.202918961644172668e-01 -5.767340958118438721e-02 3.363040462136268616e-02 -1.519882231950759888e-01 -1.834810711443424225e-02 -5.436089262366294861e-02 1.563559770584106445e-01 -3.283341228961944580e-02 -8.496439456939697266e-02 6.569223105907440186e-02 -4.766071960330009460e-02 -1.520444601774215698e-01 -2.207707017660140991e-01 1.515308320522308350e-01 -2.242863774299621582e-01 -3.368622064590454102e-02 3.940265774726867676e-01 5.988946557044982910e-01 5.953810643404722214e-03 5.357873067259788513e-02 2.590741775929927826e-02 7.062982022762298584e-02 7.068386673927307129e-02 3.990970924496650696e-02 -1.885122060775756836e-01 -1.153870671987533569e-02 -6.440744549036026001e-02 -1.077381242066621780e-02 5.362826585769653320e-01 2.717845439910888672e-01 5.364485383033752441e-01 -2.925129830837249756e-01 -2.928036451339721680e-01 -2.947636842727661133e-01 -3.518878519535064697e-01 -2.659689784049987793e-01 -2.917838096618652344e-01 -2.927677929401397705e-01 -3.511309027671813965e-01 -2.380124777555465698e-01 -2.919221818447113037e-01 -2.913261055946350098e-01 -3.481816947460174561e-01 -2.916277348995208740e-01 -3.495546877384185791e-01 1.381823420524597168e-01 6.799223832786083221e-03 -3.582148114219307899e-03 -2.595420693978667259e-03 5.815384536981582642e-02 2.865727432072162628e-02 -6.437332928180694580e-02 2.416099049150943756e-02 6.571812927722930908e-02
-2.301839143037796021e-01 -2.279443889856338501e-01 -1.975682377815246582e-01 4.824825003743171692e-02 2.477906644344329834e-01 2.429545074701309204e-01 2.104628831148147583e-01 2.103708237409591675e-01 7.160300016403198242e-01 6.637928634881973267e-02 1.037595868110656738e-01 7.248708605766296387e-01 2.095729112625122070e-01 7.141650915145874023e-01 1.740859895944595337e-01 8.733272552490234375e-02 2.003542706370353699e-02 -4.565323144197463989e-02 -1.934299319982528687e-01 -4.550089314579963684e-02 -7.135508954524993896e-02 -5.738093703985214233e-02 -4.906252026557922363e-02 -3.725007176399230957e-02 -1.164934858679771423e-01 -5.353174358606338501e-02 1.979220658540725708e-01 -1.671390794217586517e-02 -1.416967213153839111e-01 -6.079790741205215454e-02 -8.577274531126022339e-02 -2.179338969290256500e-02 -1.938876956701278687e-01 -1.429450809955596924e-01 -7.409050315618515015e-02 -1.088807284832000732e-01 1.579852253198623657e-01 2.633096575736999512e-01 -2.958844304084777832e-01 1.901707947254180908e-01 8.319160342216491699e-02 8.398860692977905273e-02 2.775642871856689453e-01 -1.900817081332206726e-02 1.293798387050628662e-01 1.722166687250137329e-01 2.372131943702697754e-01 1.257936954498291016e-01 8.521787077188491821e-02 8.723949640989303589e-02 -1.730898767709732056e-01 -9.050665050745010376e-02 7.143580168485641479e-02 2.740657627582550049e-01 8.224211633205413818e-02 -1.888878941535949707e-01 1.617377847433090210e-01 -1.939023882150650024e-01 -1.072657853364944458e-01 -2.297590523958206177e-01 1.661642640829086304e-01 -2.688393890857696533e-01 4.794009774923324585e-02 2.093615084886550903e-01 -1.110032275319099426e-01 1.263019442558288574e-01 1.054642628878355026e-02 1.075212378054857254e-02 1.239406093955039978e-01 -1.935926638543605804e-02 -4.040934145450592041e-02 -2.265942692756652832e-01 9.419237822294235229e-02 -2.185034900903701782e-01 9.259747713804244995e-02 -1.265206187963485718e-01 4.533452913165092468e-02 -1.246135979890823364e-01 -2.343527525663375854e-01 -2.383273243904113770e-01 -2.404028326272964478e-01 -3.033450841903686523e-01 -2.217954248189926147e-01 -2.356684654951095581e-01 -2.364649474620819092e-01 -2.999570071697235107e-01 -1.780160963535308838e-01 -2.370605468750000000e-01 -2.328041344881057739e-01 -2.981152832508087158e-01 -2.345031052827835083e-01 -2.991445958614349365e-01 1.591671705245971680e-01 1.844892054796218872e-01 1.216708943247795105e-01 1.203886270523071289e-01 3.468516841530799866e-02 5.596657842397689819e-02 5.762452259659767151e-02 5.263261497020721436e-02 1.196865290403366089e-01
-2.670735418796539307e-01 -2.685800492763519287e-01 -2.147579938173294067e-01 -2.027652561664581299e-01 -6.949838995933532715e-02 2.475966215133666992e-01 7.835472226142883301e-01 7.859076857566833496e-01 2.090198844671249390e-01 1.567780077457427979e-01 3.938466310501098633e-01 2.095729112625122070e-01 7.946383357048034668e-01 2.077541351318359375e-01 1.005925610661506653e-01 1.074334383010864258e-01 -8.253666013479232788e-02 -8.642014116048812866e-02 -2.648103237152099609e-01 -1.466713994741439819e-01 4.642832279205322266e-02 -7.176078110933303833e-02 5.362729355692863464e-02 5.333272740244865417e-03 1.519307028502225876e-03 -1.744511723518371582e-02 1.583928465843200684e-01 -1.365327984094619751e-01 -8.998215198516845703e-02 -1.496649086475372314e-01 -1.721258610486984253e-01 -8.132407069206237793e-02 -2.431972920894622803e-01 -1.419348269701004028e-01 -7.323614507913589478e-02 -1.427366286516189575e-01 6.210558861494064331e-02 5.515800788998603821e-02 -2.820368707180023193e-01 1.101106628775596619e-01 2.681308193132281303e-03 8.620887249708175659e-02 2.674584984779357910e-01 -1.168640255928039551e-01 1.446818411350250244e-01 5.619706586003303528e-02 1.476861387491226196e-01 2.289469987154006958e-01 -2.166081964969635010e-01 2.057256363332271576e-02 -2.122828960418701172e-01 3.474627807736396790e-02 -3.977894783020019531e-02 2.683253884315490723e-01 1.325121428817510605e-02 -6.737702339887619019e-02 8.358553051948547363e-02 -2.117419987916946411e-01 -1.073878258466720581e-01 -2.495970577001571655e-01 1.600880920886993408e-01 -3.268300592899322510e-01 3.648962080478668213e-02 7.847394943237304688e-01 1.005077123641967773e+00 1.027935072779655457e-01 -2.298299409449100494e-02 1.405305461958050728e-03 1.746573299169540405e-01 1.314186006784439087e-01 1.314670406281948090e-02 -1.470709592103958130e-01 -2.031707614660263062e-01 -2.440803349018096924e-01 -2.023671567440032959e-01 -1.727307438850402832e-01 -5.621505528688430786e-02 -1.729610860347747803e-01 -2.323883473873138428e-01 -2.349133044481277466e-01 -2.347144186496734619e-01 -2.836279571056365967e-01 -2.252281159162521362e-01 -2.366820424795150757e-01 -2.329695969820022583e-01 -2.824053466320037842e-01 -1.917570084333419800e-01 -2.302149683237075806e-01 -2.373590171337127686e-01 -2.837408781051635742e-01 -2.308185398578643799e-01 -2.832509875297546387e-01 1.644184440374374390e-01 1.733639091253280640e-01 9.707017242908477783e-02 1.040752753615379333e-01 2.277606539428234100e-02 5.308804661035537720e-02 6.956106424331665039e-02 4.793827608227729797e-02 1.285265535116195679e-01
-2.255617082118988037e-01 -2.224870771169662476e-01 -1.970992833375930786e-01 4.861444979906082153e-02 2.468920052051544189e-01 2.402324676513671875e-01 2.071388363838195801e-01 2.055666744709014893e-01 7.110676169395446777e-01 6.186566501855850220e-02 1.039318293333053589e-01 7.141650915145874023e-01 2.077541351318359375e-01 7.276077270507812500e-01 1.788620501756668091e-01 8.813848346471786499e-02 1.804628409445285797e-02 -4.679063335061073303e-02 -1.939093023538589478e-01 -4.596750065684318542e-02 -7.430515438318252563e-02 -5.698984861373901367e-02 -4.652374982833862305e-02 -3.929845988750457764e-02 -1.182200685143470764e-01 -5.337828397750854492e-02 1.964479684829711914e-01 -1.847424544394016266e-02 -1.422489285469055176e-01 -5.875246226787567139e-02 -8.749917149543762207e-02 -1.810975559055805206e-02 -1.938934475183486938e-01 -1.425827890634536743e-01 -6.998225301504135132e-02 -1.053143441677093506e-01 1.558579504489898682e-01 2.605386674404144287e-01 -2.957229316234588623e-01 1.907622516155242920e-01 8.190914988517761230e-02 8.092281222343444824e-02 2.823552489280700684e-01 -2.090948075056076050e-02 1.252315938472747803e-01 1.709708124399185181e-01 2.422415465116500854e-01 1.275907307863235474e-01 8.273252099752426147e-02 8.713163435459136963e-02 -1.730101555585861206e-01 -8.861332386732101440e-02 7.124073058366775513e-02 2.760979533195495605e-01 8.235324919223785400e-02 -1.873396933078765869e-01 1.617574691772460938e-01 -1.939824819564819336e-01 -1.078398600220680237e-01 -2.290692031383514404e-01 1.687300056219100952e-01 -2.676959037780761719e-01 5.106916278600692749e-02 2.080218940973281860e-01 -1.108486577868461609e-01 1.224733665585517883e-01 1.255398523062467575e-02 1.054596994072198868e-02 1.236270815134048462e-01 -2.346629276871681213e-02 -3.913757577538490295e-02 -2.264385521411895752e-01 9.370836615562438965e-02 -2.206556349992752075e-01 9.218537807464599609e-02 -1.259445101022720337e-01 4.268391430377960205e-02 -1.243855580687522888e-01 -2.368105351924896240e-01 -2.364631444215774536e-01 -2.367745488882064819e-01 -2.988112866878509521e-01 -2.229011356830596924e-01 -2.358954995870590210e-01 -2.363820970058441162e-01 -2.990985214710235596e-01 -1.717982590198516846e-01 -2.335693687200546265e-01 -2.341526746749877930e-01 -2.972918152809143066e-01 -2.343153655529022217e-01 -2.951670885086059570e-01 1.625017672777175903e-01 1.862338334321975708e-01 1.204260140657424927e-01 1.227816715836524963e-01 3.640618547797203064e-02 5.364619940519332886e-02 5.676689743995666504e-02 4.760132357478141785e-02 1.164793744683265686e-01
2.429449707269668579e-01 2.405787408351898193e-01 1.512466222047805786e-01 1.392541080713272095e-01 4.730426706373691559e-03 9.241241961717605591e-02 1.016275510191917419e-01 1.038931980729103088e-01 1.724721044301986694e-01 2.016899138689041138e-01 3.904717862606048584e-01 1.740859895944595337e-01 1.005925610661506653e-01 1.788620501756668091e-01 9.443038702011108398e-01 3.075869977474212646e-01 -3.668272402137517929e-03 3.537690266966819763e-02 -3.894451260566711426e-02 -1.669865250587463379e-01 3.988045267760753632e-03 -5.085952207446098328e-02 -8.594802767038345337e-02 -8.896420150995254517e-02 -9.145044535398483276e-02 -3.427583351731300354e-02 5.072040110826492310e-02 -1.154981926083564758e-01 -1.982691735029220581e-01 -9.617195278406143188e-02 -1.168862730264663696e-01 -3.179765865206718445e-02 -1.038400903344154358e-01 -1.233060285449028015e-01 -3.028549253940582275e-02 -1.067422255873680115e-01 -1.572596430778503418e-01 -1.434445083141326904e-01 -3.244308829307556152e-01 3.334021568298339844e-01 1.756248623132705688e-01 8.531145751476287842e-02 2.677089571952819824e-01 5.093563720583915710e-02 1.343548893928527832e-01 1.085921898484230042e-01 7.774861901998519897e-02 5.362842604517936707e-02 -4.160987213253974915e-02 7.875733822584152222e-02 -1.435382813215255737e-01 -3.790343925356864929e-02 8.116385899484157562e-03 2.579957842826843262e-01 -1.143689900636672974e-01 -1.931833922863006592e-01 9.874126315116882324e-02 -9.303364157676696777e-02 -2.108100205659866333e-01 -1.599547863006591797e-01 1.858087182044982910e-01 -2.330533461645245552e-03 7.890267297625541687e-03 1.009848341345787048e-01 -8.576024323701858521e-02 9.662995487451553345e-02 4.267352819442749023e-02 4.679852724075317383e-02 9.318320453166961670e-02 2.588901855051517487e-02 -1.607335917651653290e-02 -2.398978769779205322e-01 -5.813888460397720337e-02 -1.693515181541442871e-01 -5.780844762921333313e-02 7.241238653659820557e-02 -4.268079251050949097e-02 6.805650889873504639e-02 -1.986996233463287354e-01 -2.015090584754943848e-01 -1.995056122541427612e-01 -3.283590674400329590e-01 -1.922064274549484253e-01 -2.028982192277908325e-01 -2.011929750442504883e-01 -3.275771737098693848e-01 -7.255781441926956177e-02 -1.998260021209716797e-01 -1.989962905645370483e-01 -3.273976147174835205e-01 -1.989904195070266724e-01 -3.273582756519317627e-01 3.786081969738006592e-01 1.334163993597030640e-01 9.401948750019073486e-02 1.016183868050575256e-01 2.296841442584991455e-01 -1.515734940767288208e-02 8.871967904269695282e-03 -2.267301082611083984e-02 4.091321490705013275e-03
