4.229665398597717285e-01 4.044691026210784912e-01 4.038423895835876465e-01 4.044449627399444580e-01 3.963704705238342285e-01 3.183380961418151855e-01 2.255810052156448364e-01 4.091898500919342041e-01 4.064781367778778076e-01 3.131422698497772217e-01 -1.290720403194427490e-01 -6.134367734193801880e-02 -2.408120334148406982e-01 -1.308449655771255493e-01 -1.272493600845336914e-01 -4.117748141288757324e-01 -3.862606585025787354e-01 -3.643063604831695557e-01 -2.765813767910003662e-01 -1.336372643709182739e-01 -1.296454668045043945e-01 -3.981938362121582031e-01 -1.213373392820358276e-01 4.106950163841247559e-01 -1.307019740343093872e-01 -1.541769951581954956e-01 -1.356653720140457153e-01 -1.316477656364440918e-01 -1.317149698734283447e-01 -6.487207114696502686e-02 -1.361339688301086426e-01 -1.331175416707992554e-01 -1.348344236612319946e-01 -1.366422474384307861e-01
4.044691026210784912e-01 4.213336110115051270e-01 4.033650457859039307e-01 4.041810929775238037e-01 3.927696943283081055e-01 3.125313520431518555e-01 2.234786748886108398e-01 4.054565131664276123e-01 4.023388922214508057e-01 3.076055645942687988e-01 -1.308995187282562256e-01 -5.831333994865417480e-02 -2.395886629819869995e-01 -1.271554976701736450e-01 -1.250589638948440552e-01 -4.109907746315002441e-01 -3.873733580112457275e-01 -3.630174100399017334e-01 -2.825313508510589600e-01 -1.300303041934967041e-01 -1.231258660554885864e-01 -4.005724787712097168e-01 -1.190094128251075745e-01 4.054532349109649658e-01 -1.299419999122619629e-01 -1.521625071763992310e-01 -1.331221163272857666e-01 -1.265232264995574951e-01 -1.262915283441543579e-01 -6.768003851175308228e-02 -1.313130259513854980e-01 -1.325415819883346558e-01 -1.323700845241546631e-01 -1.300110369920730591e-01
4.038423895835876465e-01 4.033650457859039307e-01 4.178286194801330566e-01 3.996362090110778809e-01 3.929449319839477539e-01 3.101978600025177002e-01 2.210736572742462158e-01 4.003076553344726562e-01 3.964288830757141113e-01 3.127366006374359131e-01 -1.276846826076507568e-01 -5.878725275397300720e-02 -2.399645298719406128e-01 -1.255248785018920898e-01 -1.275301277637481689e-01 -4.129785895347595215e-01 -3.867796957492828369e-01 -3.656711280345916748e-01 -2.804842889308929443e-01 -1.224418804049491882e-01 -1.229410395026206970e-01 -4.011215865612030029e-01 -1.174276620149612427e-01 4.063815772533416748e-01 -1.270554363727569580e-01 -1.455989181995391846e-01 -1.315852552652359009e-01 -1.297482550144195557e-01 -1.273787617683410645e-01 -7.084118574857711792e-02 -1.301040202379226685e-01 -1.274330914020538330e-01 -1.301666498184204102e-01 -1.291952729225158691e-01
4.044449627399444580e-01 4.041810929775238037e-01 3.996362090110778809e-01 4.182198941707611084e-01 3.925722837448120117e-01 3.110867142677307129e-01 2.212166488170623779e-01 4.014610350131988525e-01 3.992828726768493652e-01 3.125337362289428711e-01 -1.220548823475837708e-01 -5.753865838050842285e-02 -2.434699982404708862e-01 -1.268844157457351685e-01 -1.195947676897048950e-01 -4.150702953338623047e-01 -3.896100819110870361e-01 -3.672612607479095459e-01 -2.824679017066955566e-01 -1.292650401592254639e-01 -1.205727159976959229e-01 -4.005038738250732422e-01 -1.242046505212783813e-01 4.019547402858734131e-01 -1.288208216428756714e-01 -1.510274708271026611e-01 -1.279242038726806641e-01 -1.196105629205703735e-01 -1.223442852497100830e-01 -6.681051850318908691e-02 -1.280619204044342041e-01 -1.301574856042861938e-01 -1.317508071660995483e-01 -1.306899189949035645e-01
3.963704705238342285e-01 3.927696943283081055e-01 3.929449319839477539e-01 3.925722837448120117e-01 4.192072749137878418e-01 3.148014545440673828e-01 2.195432633161544800e-01 3.978861570358276367e-01 3.916652500629425049e-01 3.131854534149169922e-01 -1.289029121398925781e-01 -6.441499292850494385e-02 -2.328373342752456665e-01 -1.259762793779373169e-01 -1.232259571552276611e-01 -4.051960706710815430e-01 -3.806972503662109375e-01 -3.564153313636779785e-01 -2.776322662830352783e-01 -1.251576840877532959e-01 -1.166209354996681213e-01 -3.939752578735351562e-01 -1.249758675694465637e-01 3.976394832134246826e-01 -1.281750798225402832e-01 -1.466733813285827637e-01 -1.301794201135635376e-01 -1.269133538007736206e-01 -1.290829330682754517e-01 -6.964629888534545898e-02 -1.311266422271728516e-01 -1.312314420938491821e-01 -1.301245689392089844e-01 -1.233252957463264465e-01
3.183380961418151855e-01 3.125313520431518555e-01 3.101978600025177002e-01 3.110867142677307129e-01 3.148014545440673828e-01 3.715835511684417725e-01 1.678627431392669678e-01 3.188635408878326416e-01 3.176799416542053223e-01 3.480212688446044922e-01 -9.121949225664138794e-02 -1.029440909624099731e-01 -1.683797240257263184e-01 -8.559441566467285156e-02 -8.620972186326980591e-02 -3.890047073364257812e-01 -3.709901869297027588e-01 -3.437799215316772461e-01 -2.440049648284912109e-01 -9.068865329027175903e-02 -9.121461957693099976e-02 -3.881881535053253174e-01 -1.744589656591415405e-01 3.178763389587402344e-01 -8.990673720836639404e-02 -1.105220019817352295e-01 -9.647763520479202271e-02 -8.367802947759628296e-02 -9.183593839406967163e-02 -2.296714112162590027e-02 -9.099973738193511963e-02 -8.826782554388046265e-02 -9.155116230249404907e-02 -9.227243810892105103e-02
2.255810052156448364e-01 2.234786748886108398e-01 2.210736572742462158e-01 2.212166488170623779e-01 2.195432633161544800e-01 1.678627431392669678e-01 8.283194899559020996e-01 2.241687029600143433e-01 2.286076247692108154e-01 1.600841134786605835e-01 -2.742573618888854980e-01 1.415163576602935791e-01 -1.470997836440801620e-02 -2.669477164745330811e-01 -2.584567070007324219e-01 9.458278864622116089e-02 8.179547637701034546e-02 -4.724344611167907715e-02 9.197267889976501465e-02 -2.707250416278839111e-01 -2.645273804664611816e-01 1.522529274225234985e-01 1.876767575740814209e-01 2.215326279401779175e-01 -2.747438251972198486e-01 -2.584857940673828125e-01 -2.673324048519134521e-01 -2.715005576610565186e-01 -2.760199308395385742e-01 5.452520027756690979e-02 -2.762841284275054932e-01 -2.734530568122863770e-01 -2.736757397651672363e-01 -2.727540731430053711e-01
4.091898500919342041e-01 4.054565131664276123e-01 4.003076553344726562e-01 4.014610350131988525e-01 3.978861570358276367e-01 3.188635408878326416e-01 2.241687029600143433e-01 4.310224950313568115e-01 4.037916362285614014e-01 3.094693124294281006e-01 -1.305519789457321167e-01 -6.144721806049346924e-02 -2.443936914205551147e-01 -1.238305270671844482e-01 -1.275616288185119629e-01 -4.118353426456451416e-01 -3.845830261707305908e-01 -3.655191957950592041e-01 -2.835179865360260010e-01 -1.313008815050125122e-01 -1.241777464747428894e-01 -4.001993536949157715e-01 -1.216522902250289917e-01 4.074823558330535889e-01 -1.293413192033767700e-01 -1.546059697866439819e-01 -1.346392035484313965e-01 -1.266653090715408325e-01 -1.308259069919586182e-01 -6.597165018320083618e-02 -1.353431046009063721e-01 -1.336037069559097290e-01 -1.339838653802871704e-01 -1.265469491481781006e-01
4.064781367778778076e-01 4.023388922214508057e-01 3.964288830757141113e-01 3.992828726768493652e-01 3.916652500629425049e-01 3.176799416542053223e-01 2.286076247692108154e-01 4.037916362285614014e-01 4.243265986442565918e-01 3.066155910491943359e-01 -1.288585513830184937e-01 -6.151213496923446655e-02 -2.437670379877090454e-01 -1.229055747389793396e-01 -1.278369128704071045e-01 -4.109039902687072754e-01 -3.864968419075012207e-01 -3.637433648109436035e-01 -2.812837362289428711e-01 -1.301262825727462769e-01 -1.305965930223464966e-01 -3.966730237007141113e-01 -1.128829717636108398e-01 4.061331450939178467e-01 -1.314577758312225342e-01 -1.527581512928009033e-01 -1.262138485908508301e-01 -1.252101659774780273e-01 -1.282712519168853760e-01 -6.797338277101516724e-02 -1.304442733526229858e-01 -1.301911622285842896e-01 -1.333085894584655762e-01 -1.293164193630218506e-01
3.131422698497772217e-01 3.076055645942687988e-01 3.127366006374359131e-01 3.125337362289428711e-01 3.131854534149169922e-01 3.480212688446044922e-01 1.600841134786605835e-01 3.094693124294281006e-01 3.066155910491943359e-01 3.664835393428802490e-01 -7.954467087984085083e-02 -1.119911000132560730e-01 -1.658432632684707642e-01 -8.180949836969375610e-02 -8.479270339012145996e-02 -3.972183465957641602e-01 -3.770155012607574463e-01 -3.502353131771087646e-01 -2.359210550785064697e-01 -8.031588047742843628e-02 -8.029355108737945557e-02 -3.932358324527740479e-01 -1.873508095741271973e-01 3.141133785247802734e-01 -7.899819314479827881e-02 -1.031825020909309387e-01 -8.619536459445953369e-02 -7.993473857641220093e-02 -8.047115802764892578e-02 -2.723245136439800262e-02 -8.228427916765213013e-02 -8.191466331481933594e-02 -8.546026051044464111e-02 -8.875255286693572998e-02
-1.290720403194427490e-01 -1.308995187282562256e-01 -1.276846826076507568e-01 -1.220548823475837708e-01 -1.289029121398925781e-01 -9.121949225664138794e-02 -2.742573618888854980e-01 -1.305519789457321167e-01 -1.288585513830184937e-01 -7.954467087984085083e-02 3.437988758087158203e-01 -1.893933117389678955e-01 -9.921351820230484009e-02 2.827210128307342529e-01 2.834340929985046387e-01 -4.293318986892700195e-01 -4.264063835144042969e-01 -3.292922079563140869e-01 -2.475220561027526855e-01 2.897453606128692627e-01 2.801517248153686523e-01 -4.762913584709167480e-01 -1.720449179410934448e-01 -1.287960559129714966e-01 3.022780120372772217e-01 2.642397284507751465e-01 3.015934526920318604e-01 3.076620399951934814e-01 2.936079204082489014e-01 -4.916077107191085815e-02 2.891664206981658936e-01 2.815405130386352539e-01 2.762389779090881348e-01 2.750910818576812744e-01
-6.134367734193801880e-02 -5.831333994865417480e-02 -5.878725275397300720e-02 -5.753865838050842285e-02 -6.441499292850494385e-02 -1.029440909624099731e-01 1.415163576602935791e-01 -6.144721806049346924e-02 -6.151213496923446655e-02 -1.119911000132560730e-01 -1.893933117389678955e-01 1.058323979377746582e+00 -2.071855403482913971e-02 -1.915762424468994141e-01 -1.940364837646484375e-01 2.186731100082397461e-01 4.655681848526000977e-01 1.430137753486633301e-01 3.592628240585327148e-02 -1.930682659149169922e-01 -1.990830898284912109e-01 5.250930786132812500e-01 7.509600520133972168e-01 -5.803372338414192200e-02 -2.039675712585449219e-01 -2.109914869070053101e-01 -1.890019029378890991e-01 -1.901216655969619751e-01 -1.879417896270751953e-01 6.345736980438232422e-02 -1.949653625488281250e-01 -1.996376514434814453e-01 -1.953402906656265259e-01 -1.945709437131881714e-01
-2.408120334148406982e-01 -2.395886629819869995e-01 -2.399645298719406128e-01 -2.434699982404708862e-01 -2.328373342752456665e-01 -1.683797240257263184e-01 -1.470997836440801620e-02 -2.443936914205551147e-01 -2.437670379877090454e-01 -1.658432632684707642e-01 -9.921351820230484009e-02 -2.071855403482913971e-02 1.025379538536071777e+00 -9.736881405115127563e-02 -1.001750379800796509e-01 6.791374683380126953e-01 4.327650368213653564e-01 5.664065480232238770e-01 3.877490460872650146e-01 -9.013609588146209717e-02 -9.559519588947296143e-02 4.769488275051116943e-01 -6.676021497696638107e-03 -2.444566190242767334e-01 -8.590736240148544312e-02 -4.830117523670196533e-02 -9.509021788835525513e-02 -9.245407581329345703e-02 -9.648234397172927856e-02 3.379749134182929993e-02 -9.801811724901199341e-02 -8.860412240028381348e-02 -9.052804857492446899e-02 -9.596240520477294922e-02
-1.308449655771255493e-01 -1.271554976701736450e-01 -1.255248785018920898e-01 -1.268844157457351685e-01 -1.259762793779373169e-01 -8.559441566467285156e-02 -2.669477164745330811e-01 -1.238305270671844482e-01 -1.229055747389793396e-01 -8.180949836969375610e-02 2.827210128307342529e-01 -1.915762424468994141e-01 -9.736881405115127563e-02 3.313534855842590332e-01 2.765256166458129883e-01 -4.227855801582336426e-01 -4.318675994873046875e-01 -3.225874006748199463e-01 -2.592810988426208496e-01 2.987765967845916748e-01 2.835365533828735352e-01 -4.715420603752136230e-01 -1.513424515724182129e-01 -1.226504594087600708e-01 2.926594913005828857e-01 2.626057267189025879e-01 2.892080247402191162e-01 2.789732217788696289e-01 2.965833842754364014e-01 -5.401926487684249878e-02 2.805145978927612305e-01 2.866976261138916016e-01 2.773287892341613770e-01 2.851629257202148438e-01
-1.272493600845336914e-01 -1.250589638948440552e-01 -1.275301277637481689e-01 -1.195947676897048950e-01 -1.232259571552276611e-01 -8.620972186326980591e-02 -2.584567070007324219e-01 -1.275616288185119629e-01 -1.278369128704071045e-01 -8.479270339012145996e-02 2.834340929985046387e-01 -1.940364837646484375e-01 -1.001750379800796509e-01 2.765256166458129883e-01 3.449023067951202393e-01 -4.171770513057708740e-01 -4.187847077846527100e-01 -3.178606033325195312e-01 -2.468610107898712158e-01 2.819397151470184326e-01 2.977471649646759033e-01 -4.693582952022552490e-01 -1.612101048231124878e-01 -1.297039389610290527e-01 2.935093641281127930e-01 2.585113644599914551e-01 2.782966494560241699e-01 2.796772420406341553e-01 2.917436063289642334e-01 -4.857561737298965454e-02 2.774837613105773926e-01 2.777642011642456055e-01 2.693319320678710938e-01 2.818008959293365479e-01
-4.117748141288757324e-01 -4.109907746315002441e-01 -4.129785895347595215e-01 -4.150702953338623047e-01 -4.051960706710815430e-01 -3.890047073364257812e-01 9.458278864622116089e-02 -4.118353426456451416e-01 -4.109039902687072754e-01 -3.972183465957641602e-01 -4.293318986892700195e-01 2.186731100082397461e-01 6.791374683380126953e-01 -4.227855801582336426e-01 -4.171770513057708740e-01 2.258173704147338867e+00 1.650022625923156738e+00 1.726547718048095703e+00 1.177936911582946777e+00 -4.262827932834625244e-01 -4.292638301849365234e-01 1.778166890144348145e+00 2.814044952392578125e-01 -4.117374122142791748e-01 -4.293635189533233643e-01 -3.460544645786285400e-01 -4.215867817401885986e-01 -4.249581694602966309e-01 -4.350751042366027832e-01 6.736507266759872437e-02 -4.291343986988067627e-01 -4.294439554214477539e-01 -4.287359416484832764e-01 -4.276941716670989990e-01
-3.862606585025787354e-01 -3.873733580112457275e-01 -3.867796957492828369e-01 -3.896100819110870361e-01 -3.806972503662109375e-01 -3.709901869297027588e-01 8.179547637701034546e-02 -3.845830261707305908e-01 -3.864968419075012207e-01 -3.770155012607574463e-01 -4.264063835144042969e-01 4.655681848526000977e-01 4.327650368213653564e-01 -4.318675994873046875e-01 -4.187847077846527100e-01 1.650022625923156738e+00 2.088144302368164062e+00 1.381710886955261230e+00 9.995472431182861328e-01 -4.278213381767272949e-01 -4.271598160266876221e-01 2.011872291564941406e+00 4.989724159240722656e-01 -3.880393803119659424e-01 -4.310373663902282715e-01 -3.209429383277893066e-01 -4.225271046161651611e-01 -4.233317971229553223e-01 -4.273957908153533936e-01 1.186025962233543396e-01 -4.428094029426574707e-01 -4.443643987178802490e-01 -4.305071532726287842e-01 -4.428292512893676758e-01
-3.643063604831695557e-01 -3.630174100399017334e-01 -3.656711280345916748e-01 -3.672612607479095459e-01 -3.564153313636779785e-01 -3.437799215316772461e-01 -4.724344611167907715e-02 -3.655191957950592041e-01 -3.637433648109436035e-01 -3.502353131771087646e-01 -3.292922079563140869e-01 1.430137753486633301e-01 5.664065480232238770e-01 -3.225874006748199463e-01 -3.178606033325195312e-01 1.726547718048095703e+00 1.381710886955261230e+00 1.829790115356445312e+00 9.124848842620849609e-01 -3.198168277740478516e-01 -3.243416845798492432e-01 1.483922362327575684e+00 2.504017055034637451e-01 -3.664578795433044434e-01 -3.263224959373474121e-01 -2.434312552213668823e-01 -3.285970985889434814e-01 -3.333957791328430176e-01 -3.363559842109680176e-01 -1.286233365535736084e-01 -3.405687212944030762e-01 -3.395346701145172119e-01 -3.360431492328643799e-01 -3.338277041912078857e-01
-2.765813767910003662e-01 -2.825313508510589600e-01 -2.804842889308929443e-01 -2.824679017066955566e-01 -2.776322662830352783e-01 -2.440049648284912109e-01 9.197267889976501465e-02 -2.835179865360260010e-01 -2.812837362289428711e-01 -2.359210550785064697e-01 -2.475220561027526855e-01 3.592628240585327148e-02 3.877490460872650146e-01 -2.592810988426208496e-01 -2.468610107898712158e-01 1.177936911582946777e+00 9.995472431182861328e-01 9.124848842620849609e-01 1.330445528030395508e+00 -2.580023407936096191e-01 -2.458766400814056396e-01 1.110517263412475586e+00 4.913485422730445862e-02 -2.818908095359802246e-01 -2.483977377414703369e-01 -1.930799633264541626e-01 -2.444852590560913086e-01 -2.544112205505371094e-01 -2.571221590042114258e-01 1.117373183369636536e-01 -2.551413774490356445e-01 -2.573975026607513428e-01 -2.501123845577239990e-01 -2.603496611118316650e-01
-1.336372643709182739e-01 -1.300303041934967041e-01 -1.224418804049491882e-01 -1.292650401592254639e-01 -1.251576840877532959e-01 -9.068865329027175903e-02 -2.707250416278839111e-01 -1.313008815050125122e-01 -1.301262825727462769e-01 -8.031588047742843628e-02 2.897453606128692627e-01 -1.930682659149169922e-01 -9.013609588146209717e-02 2.987765967845916748e-01 2.819397151470184326e-01 -4.262827932834625244e-01 -4.278213381767272949e-01 -3.198168277740478516e-01 -2.580023407936096191e-01 3.350989520549774170e-01 2.902317941188812256e-01 -4.731247425079345703e-01 -1.603249609470367432e-01 -1.321903169155120850e-01 2.951247096061706543e-01 2.739439010620117188e-01 2.879002392292022705e-01 2.823809385299682617e-01 2.944343984127044678e-01 -5.964272469282150269e-02 2.919224798679351807e-01 2.972952723503112793e-01 2.859728932380676270e-01 2.922608554363250732e-01
-1.296454668045043945e-01 -1.231258660554885864e-01 -1.229410395026206970e-01 -1.205727159976959229e-01 -1.166209354996681213e-01 -9.121461957693099976e-02 -2.645273804664611816e-01 -1.241777464747428894e-01 -1.305965930223464966e-01 -8.029355108737945557e-02 2.801517248153686523e-01 -1.990830898284912109e-01 -9.559519588947296143e-02 2.835365533828735352e-01 2.977471649646759033e-01 -4.292638301849365234e-01 -4.271598160266876221e-01 -3.243416845798492432e-01 -2.458766400814056396e-01 2.902317941188812256e-01 3.429133892059326172e-01 -4.719034433364868164e-01 -1.603073328733444214e-01 -1.260311305522918701e-01 2.980236113071441650e-01 2.655449211597442627e-01 2.815211415290832520e-01 2.809120416641235352e-01 2.956265211105346680e-01 -5.194997787475585938e-02 2.781106233596801758e-01 2.826645374298095703e-01 2.778758704662322998e-01 2.858562171459197998e-01
-3.981938362121582031e-01 -4.005724787712097168e-01 -4.011215865612030029e-01 -4.005038738250732422e-01 -3.939752578735351562e-01 -3.881881535053253174e-01 1.522529274225234985e-01 -4.001993536949157715e-01 -3.966730237007141113e-01 -3.932358324527740479e-01 -4.762913584709167480e-01 5.250930786132812500e-01 4.769488275051116943e-01 -4.715420603752136230e-01 -4.693582952022552490e-01 1.778166890144348145e+00 2.011872291564941406e+00 1.483922362327575684e+00 1.110517263412475586e+00 -4.731247425079345703e-01 -4.719034433364868164e-01 2.240748643875122070e+00 5.497519373893737793e-01 -4.005403220653533936e-01 -4.758616089820861816e-01 -3.528355956077575684e-01 -4.656375944614410400e-01 -4.716511666774749756e-01 -4.739586412906646729e-01 1.363925784826278687e-01 -4.832705557346343994e-01 -4.867789447307586670e-01 -4.786891341209411621e-01 -4.883418679237365723e-01
-1.213373392820358276e-01 -1.190094128251075745e-01 -1.174276620149612427e-01 -1.242046505212783813e-01 -1.249758675694465637e-01 -1.744589656591415405e-01 1.876767575740814209e-01 -1.216522902250289917e-01 -1.128829717636108398e-01 -1.873508095741271973e-01 -1.720449179410934448e-01 7.509600520133972168e-01 -6.676021497696638107e-03 -1.513424515724182129e-01 -1.612101048231124878e-01 2.814044952392578125e-01 4.989724159240722656e-01 2.504017055034637451e-01 4.913485422730445862e-02 -1.603249609470367432e-01 -1.603073328733444214e-01 5.497519373893737793e-01 1.071188449859619141e+00 -1.151491850614547729e-01 -1.656476259231567383e-01 -1.827917993068695068e-01 -1.682336330413818359e-01 -1.757966428995132446e-01 -1.723593920469284058e-01 -2.675691060721874237e-02 -1.666765958070755005e-01 -1.634723395109176636e-01 -1.684619188308715820e-01 -1.604971736669540405e-01
4.106950163841247559e-01 4.054532349109649658e-01 4.063815772533416748e-01 4.019547402858734131e-01 3.976394832134246826e-01 3.178763389587402344e-01 2.215326279401779175e-01 4.074823558330535889e-01 4.061331450939178467e-01 3.141133785247802734e-01 -1.287960559129714966e-01 -5.803372338414192200e-02 -2.444566190242767334e-01 -1.226504594087600708e-01 -1.297039389610290527e-01 -4.117374122142791748e-01 -3.880393803119659424e-01 -3.664578795433044434e-01 -2.818908095359802246e-01 -1.321903169155120850e-01 -1.260311305522918701e-01 -4.005403220653533936e-01 -1.151491850614547729e-01 4.247751235961914062e-01 -1.288790255784988403e-01 -1.542338430881500244e-01 -1.330655217170715332e-01 -1.298096626996994019e-01 -1.252713203430175781e-01 -7.045780867338180542e-02 -1.334797590970993042e-01 -1.336182057857513428e-01 -1.365847587585449219e-01 -1.365120112895965576e-01
-1.307019740343093872e-01 -1.299419999122619629e-01 -1.270554363727569580e-01 -1.288208216428756714e-01 -1.281750798225402832e-01 -8.990673720836639404e-02 -2.747438251972198486e-01 -1.293413192033767700e-01 -1.314577758312225342e-01 -7.899819314479827881e-02 3.022780120372772217e-01 -2.039675712585449219e-01 -8.590736240148544312e-02 2.926594913005828857e-01 2.935093641281127930e-01 -4.293635189533233643e-01 -4.310373663902282715e-01 -3.263224959373474121e-01 -2.483977377414703369e-01 2.951247096061706543e-01 2.980236113071441650e-01 -4.758616089820861816e-01 -1.656476259231567383e-01 -1.288790255784988403e-01 3.435231149196624756e-01 2.688058018684387207e-01 3.012309074401855469e-01 2.992591261863708496e-01 2.925370931625366211e-01 -5.620286241173744202e-02 2.903278470039367676e-01 2.900940179824829102e-01 2.831875383853912354e-01 2.828963994979858398e-01
-1.541769951581954956e-01 -1.521625071763992310e-01 -1.455989181995391846e-01 -1.510274708271026611e-01 -1.466733813285827637e-01 -1.105220019817352295e-01 -2.584857940673828125e-01 -1.546059697866439819e-01 -1.527581512928009033e-01 -1.031825020909309387e-01 2.642397284507751465e-01 -2.109914869070053101e-01 -4.830117523670196533e-02 2.626057267189025879e-01 2.585113644599914551e-01 -3.460544645786285400e-01 -3.209429383277893066e-01 -2.434312552213668823e-01 -1.930799633264541626e-01 2.739439010620117188e-01 2.655449211597442627e-01 -3.528355956077575684e-01 -1.827917993068695068e-01 -1.542338430881500244e-01 2.688058018684387207e-01 3.747687935829162598e-01 2.650167644023895264e-01 2.626525163650512695e-01 2.688662707805633545e-01 -5.130775272846221924e-02 2.599658071994781494e-01 2.682419121265411377e-01 2.701782584190368652e-01 2.616294026374816895e-01
-1.356653720140457153e-01 -1.331221163272857666e-01 -1.315852552652359009e-01 -1.279242038726806641e-01 -1.301794201135635376e-01 -9.647763520479202271e-02 -2.673324048519134521e-01 -1.346392035484313965e-01 -1.262138485908508301e-01 -8.619536459445953369e-02 3.015934526920318604e-01 -1.890019029378890991e-01 -9.509021788835525513e-02 2.892080247402191162e-01 2.782966494560241699e-01 -4.215867817401885986e-01 -4.225271046161651611e-01 -3.285970985889434814e-01 -2.444852590560913086e-01 2.879002392292022705e-01 2.815211415290832520e-01 -4.656375944614410400e-01 -1.682336330413818359e-01 -1.330655217170715332e-01 3.012309074401855469e-01 2.650167644023895264e-01 3.624777197837829590e-01 3.053605854511260986e-01 3.020105659961700439e-01 -4.871816188097000122e-02 2.765970826148986816e-01 2.778422236442565918e-01 2.788793146610260010e-01 2.860272526741027832e-01
-1.316477656364440918e-01 -1.265232264995574951e-01 -1.297482550144195557e-01 -1.196105629205703735e-01 -1.269133538007736206e-01 -8.367802947759628296e-02 -2.715005576610565186e-01 -1.266653090715408325e-01 -1.252101659774780273e-01 -7.993473857641220093e-02 3.076620399951934814e-01 -1.901216655969619751e-01 -9.245407581329345703e-02 2.789732217788696289e-01 2.796772420406341553e-01 -4.249581694602966309e-01 -4.233317971229553223e-01 -3.333957791328430176e-01 -2.544112205505371094e-01 2.823809385299682617e-01 2.809120416641235352e-01 -4.716511666774749756e-01 -1.757966428995132446e-01 -1.298096626996994019e-01 2.992591261863708496e-01 2.626525163650512695e-01 3.053605854511260986e-01 3.594526946544647217e-01 2.919834256172180176e-01 -5.096124112606048584e-02 2.830067574977874756e-01 2.754203379154205322e-01 2.738480269908905029e-01 2.720637023448944092e-01
-1.317149698734283447e-01 -1.262915283441543579e-01 -1.273787617683410645e-01 -1.223442852497100830e-01 -1.290829330682754517e-01 -9.183593839406967163e-02 -2.760199308395385742e-01 -1.308259069919586182e-01 -1.282712519168853760e-01 -8.047115802764892578e-02 2.936079204082489014e-01 -1.879417896270751953e-01 -9.648234397172927856e-02 2.965833842754364014e-01 2.917436063289642334e-01 -4.350751042366027832e-01 -4.273957908153533936e-01 -3.363559842109680176e-01 -2.571221590042114258e-01 2.944343984127044678e-01 2.956265211105346680e-01 -4.739586412906646729e-01 -1.723593920469284058e-01 -1.252713203430175781e-01 2.925370931625366211e-01 2.688662707805633545e-01 3.020105659961700439e-01 2.919834256172180176e-01 3.548294603824615479e-01 -5.420580133795738220e-02 2.866983413696289062e-01 2.853323817253112793e-01 2.820355296134948730e-01 2.858555018901824951e-01
-6.487207114696502686e-02 -6.768003851175308228e-02 -7.084118574857711792e-02 -6.681051850318908691e-02 -6.964629888534545898e-02 -2.296714112162590027e-02 5.452520027756690979e-02 -6.597165018320083618e-02 -6.797338277101516724e-02 -2.723245136439800262e-02 -4.916077107191085815e-02 6.345736980438232422e-02 3.379749134182929993e-02 -5.401926487684249878e-02 -4.857561737298965454e-02 6.736507266759872437e-02 1.186025962233543396e-01 -1.286233365535736084e-01 1.117373183369636536e-01 -5.964272469282150269e-02 -5.194997787475585938e-02 1.363925784826278687e-01 -2.675691060721874237e-02 -7.045780867338180542e-02 -5.620286241173744202e-02 -5.130775272846221924e-02 -4.871816188097000122e-02 -5.096124112606048584e-02 -5.420580133795738220e-02 7.231180071830749512e-01 -1.750072836875915527e-02 -2.399022318422794342e-02 -9.602762758731842041e-03 -2.413900382816791534e-02
-1.361339688301086426e-01 -1.313130259513854980e-01 -1.301040202379226685e-01 -1.280619204044342041e-01 -1.311266422271728516e-01 -9.099973738193511963e-02 -2.762841284275054932e-01 -1.353431046009063721e-01 -1.304442733526229858e-01 -8.228427916765213013e-02 2.891664206981658936e-01 -1.949653625488281250e-01 -9.801811724901199341e-02 2.805145978927612305e-01 2.774837613105773926e-01 -4.291343986988067627e-01 -4.428094029426574707e-01 -3.405687212944030762e-01 -2.551413774490356445e-01 2.919224798679351807e-01 2.781106233596801758e-01 -4.832705557346343994e-01 -1.666765958070755005e-01 -1.334797590970993042e-01 2.903278470039367676e-01 2.599658071994781494e-01 2.765970826148986816e-01 2.830067574977874756e-01 2.866983413696289062e-01 -1.750072836875915527e-02 3.622739911079406738e-01 3.185882866382598877e-01 3.180824518203735352e-01 3.087762594223022461e-01
-1.331175416707992554e-01 -1.325415819883346558e-01 -1.274330914020538330e-01 -1.301574856042861938e-01 -1.312314420938491821e-01 -8.826782554388046265e-02 -2.734530568122863770e-01 -1.336037069559097290e-01 -1.301911622285842896e-01 -8.191466331481933594e-02 2.815405130386352539e-01 -1.996376514434814453e-01 -8.860412240028381348e-02 2.866976261138916016e-01 2.777642011642456055e-01 -4.294439554214477539e-01 -4.443643987178802490e-01 -3.395346701145172119e-01 -2.573975026607513428e-01 2.972952723503112793e-01 2.826645374298095703e-01 -4.867789447307586670e-01 -1.634723395109176636e-01 -1.336182057857513428e-01 2.900940179824829102e-01 2.682419121265411377e-01 2.778422236442565918e-01 2.754203379154205322e-01 2.853323817253112793e-01 -2.399022318422794342e-02 3.185882866382598877e-01 3.553362190723419189e-01 3.161135017871856689e-01 3.167358040809631348e-01
-1.348344236612319946e-01 -1.323700845241546631e-01 -1.301666498184204102e-01 -1.317508071660995483e-01 -1.301245689392089844e-01 -9.155116230249404907e-02 -2.736757397651672363e-01 -1.339838653802871704e-01 -1.333085894584655762e-01 -8.546026051044464111e-02 2.762389779090881348e-01 -1.953402906656265259e-01 -9.052804857492446899e-02 2.773287892341613770e-01 2.693319320678710938e-01 -4.287359416484832764e-01 -4.305071532726287842e-01 -3.360431492328643799e-01 -2.501123845577239990e-01 2.859728932380676270e-01 2.778758704662322998e-01 -4.786891341209411621e-01 -1.684619188308715820e-01 -1.365847587585449219e-01 2.831875383853912354e-01 2.701782584190368652e-01 2.788793146610260010e-01 2.738480269908905029e-01 2.820355296134948730e-01 -9.602762758731842041e-03 3.180824518203735352e-01 3.161135017871856689e-01 3.553011417388916016e-01 3.132358491420745850e-01
-1.366422474384307861e-01 -1.300110369920730591e-01 -1.291952729225158691e-01 -1.306899189949035645e-01 -1.233252957463264465e-01 -9.227243810892105103e-02 -2.727540731430053711e-01 -1.265469491481781006e-01 -1.293164193630218506e-01 -8.875255286693572998e-02 2.750910818576812744e-01 -1.945709437131881714e-01 -9.596240520477294922e-02 2.851629257202148438e-01 2.818008959293365479e-01 -4.276941716670989990e-01 -4.428292512893676758e-01 -3.338277041912078857e-01 -2.603496611118316650e-01 2.922608554363250732e-01 2.858562171459197998e-01 -4.883418679237365723e-01 -1.604971736669540405e-01 -1.365120112895965576e-01 2.828963994979858398e-01 2.616294026374816895e-01 2.860272526741027832e-01 2.720637023448944092e-01 2.858555018901824951e-01 -2.413900382816791534e-02 3.087762594223022461e-01 3.167358040809631348e-01 3.132358491420745850e-01 3.611767590045928955e-01
