2.196602582931518555e+00 2.165603637695312500e+00 1.060151100158691406e+00 -2.506461441516876221e-01 -2.681063711643218994e-01 -2.686898410320281982e-01 -2.284342199563980103e-01 -1.519820243120193481e-01 -2.980287671089172363e-01 -2.289645075798034668e-01 -2.667249143123626709e-01 -2.243516892194747925e-01 2.307246029376983643e-01 4.770771265029907227e-01 -1.850655972957611084e-01 -1.174240335822105408e-01 2.964798808097839355e-01 -1.416804492473602295e-01 2.968275845050811768e-01 5.607926286756992340e-03 -2.230407595634460449e-01 -1.089649349451065063e-01 -4.614937305450439453e-02 1.080634817481040955e-02 -1.893438845872879028e-01 -1.854381412267684937e-01 2.053945362567901611e-01 2.949160635471343994e-01 3.788438737392425537e-01 1.278440505266189575e-01 -5.156177654862403870e-02 -4.264740645885467529e-02 2.750552818179130554e-02 2.039083838462829590e-01 -2.761327624320983887e-01 -3.025147318840026855e-01 -1.262823194265365601e-01 -4.330522194504737854e-02 2.010331153869628906e-01 -2.984425127506256104e-01 -1.825519949197769165e-01 -6.121844053268432617e-02 -1.365042477846145630e-01 -2.948870956897735596e-01 -3.232765197753906250e-01 -1.333787441253662109e-01 -2.893100380897521973e-01 2.657843232154846191e-01 1.265043765306472778e-02 7.529548555612564087e-02 -1.572093069553375244e-01 -1.811597347259521484e-01 -2.016967684030532837e-01 -3.882313147187232971e-02 -2.616049051284790039e-01 -2.062676697969436646e-01 -1.869054734706878662e-01 1.534456154331564903e-03 -3.246317505836486816e-01 5.959674119949340820e-01 -1.176567673683166504e-01 -2.685776948928833008e-01 -2.937504649162292480e-01 1.593355834484100342e-01 -8.370710164308547974e-02 -9.262395650148391724e-02 -8.388324081897735596e-02 -1.312251091003417969e-01 -1.324545741081237793e-01 7.946404814720153809e-02 -2.245201617479324341e-01 -2.571805715560913086e-01 -2.222266644239425659e-01 -5.680204182863235474e-02 -1.748212128877639771e-01 -5.915225297212600708e-02 -4.149916023015975952e-02 -4.227972403168678284e-02 -3.718413040041923523e-02 -1.146786957979202271e-01 -4.587354138493537903e-03 -4.623552411794662476e-02 -4.061499983072280884e-02 -1.199087873101234436e-01 3.617265075445175171e-02 -3.791096433997154236e-02 -3.822118043899536133e-02 -1.210995018482208252e-01 -4.392446205019950867e-02 -1.214509755373001099e-01 4.684265851974487305e-01 1.749412864446640015e-01 1.731351763010025024e-01 1.690649390220642090e-01 3.668295443058013916e-01 -7.261035591363906860e-02 -9.439780563116073608e-02 -7.253707200288772583e-02 -1.330033526755869389e-03 -1.927976012229919434e-01 -1.771762818098068237e-01 -1.748029887676239014e-01 -9.926040470600128174e-02 8.530200123786926270e-01 4.527494609355926514e-01 -1.716016232967376709e-01 9.357701241970062256e-02 5.904456377029418945e-01 -1.718434393405914307e-01 2.834582515060901642e-02 7.715023756027221680e-01 7.181672006845474243e-02 4.008883982896804810e-02 -1.392498165369033813e-01 -5.962557625025510788e-03 -9.150227904319763184e-02 8.180113881826400757e-02 -1.190810874104499817e-01 -4.709260165691375732e-02 -1.103369370102882385e-01 -1.488923132419586182e-01 8.483634889125823975e-02 -1.194375939667224884e-02
2.165603637695312500e+00 2.189210653305053711e+00 1.055325388908386230e+00 -2.495814710855484009e-01 -2.698406577110290527e-01 -2.719566822052001953e-01 -2.247365564107894897e-01 -1.527968943119049072e-01 -2.981184124946594238e-01 -2.268604040145874023e-01 -2.683310806751251221e-01 -2.214183062314987183e-01 2.282702326774597168e-01 4.735264480113983154e-01 -1.806145310401916504e-01 -1.140571311116218567e-01 3.015756905078887939e-01 -1.386481523513793945e-01 2.895166277885437012e-01 7.631360087543725967e-03 -2.230630815029144287e-01 -1.096245497465133667e-01 -4.399115592241287231e-02 7.881406694650650024e-03 -1.861091107130050659e-01 -1.830383688211441040e-01 1.993096470832824707e-01 2.782981395721435547e-01 3.733519613742828369e-01 1.163002923130989075e-01 -4.965470358729362488e-02 -4.591363668441772461e-02 2.216268144547939301e-02 1.965656876564025879e-01 -2.781549394130706787e-01 -3.013045191764831543e-01 -1.160442456603050232e-01 -4.089169204235076904e-02 2.044494450092315674e-01 -2.953818440437316895e-01 -1.856916993856430054e-01 -5.847247689962387085e-02 -1.371832191944122314e-01 -2.927034199237823486e-01 -3.201924562454223633e-01 -1.318863779306411743e-01 -2.873889505863189697e-01 2.599722743034362793e-01 1.136824209243059158e-02 6.982368230819702148e-02 -1.568235456943511963e-01 -1.794717609882354736e-01 -1.971258670091629028e-01 -3.557934612035751343e-02 -2.590891420841217041e-01 -2.076024264097213745e-01 -1.871902346611022949e-01 -2.679800090845674276e-04 -3.180294930934906006e-01 6.035596132278442383e-01 -1.144123375415802002e-01 -2.700009047985076904e-01 -2.982268631458282471e-01 1.618377864360809326e-01 -7.765547931194305420e-02 -9.745861589908599854e-02 -8.105278015136718750e-02 -1.289830803871154785e-01 -1.359835714101791382e-01 8.404161036014556885e-02 -2.222346365451812744e-01 -2.543226778507232666e-01 -2.136562466621398926e-01 -4.902389645576477051e-02 -1.766656041145324707e-01 -5.256491899490356445e-02 -4.517317563295364380e-02 -4.053915664553642273e-02 -3.090920858085155487e-02 -1.119894087314605713e-01 -6.868821568787097931e-03 -4.384573176503181458e-02 -4.382591322064399719e-02 -1.141672432422637939e-01 3.705312684178352356e-02 -3.746566176414489746e-02 -3.749502822756767273e-02 -1.146294623613357544e-01 -3.937885910272598267e-02 -1.135300844907760620e-01 4.605994522571563721e-01 1.693719774484634399e-01 1.699539273977279663e-01 1.609257310628890991e-01 3.650206625461578369e-01 -7.223010808229446411e-02 -9.087955206632614136e-02 -7.166142016649246216e-02 -8.706988301128149033e-04 -1.946782320737838745e-01 -1.794341504573822021e-01 -1.743380874395370483e-01 -9.920475631952285767e-02 8.527103662490844727e-01 4.502960145473480225e-01 -1.701283156871795654e-01 9.460106492042541504e-02 5.856282114982604980e-01 -1.720435023307800293e-01 2.992969006299972534e-02 7.707387804985046387e-01 7.071627676486968994e-02 3.511270135641098022e-02 -1.422443985939025879e-01 -6.373056676238775253e-03 -9.098742157220840454e-02 7.958387583494186401e-02 -1.207732483744621277e-01 -4.677097126841545105e-02 -1.135734990239143372e-01 -1.485103666782379150e-01 8.508258312940597534e-02 -1.114772167056798935e-02
1.060151100158691406e+00 1.055325388908386230e+00 1.208451986312866211e+00 -3.646048903465270996e-02 -2.159620821475982666e-01 -2.178389877080917358e-01 -1.965138167142868042e-01 4.145016968250274658e-01 1.254082024097442627e-01 -1.966746449470520020e-01 -2.145673930644989014e-01 -1.962313205003738403e-01 1.454919874668121338e-01 1.856256425380706787e-01 -1.647284179925918579e-01 -1.143796145915985107e-01 1.655119061470031738e-01 -1.315980851650238037e-01 1.229464933276176453e-01 1.790581829845905304e-02 -1.717038750648498535e-01 -9.661994874477386475e-02 -1.046449244022369385e-01 -9.256231039762496948e-02 -1.713698357343673706e-01 -1.612513065338134766e-01 4.800294339656829834e-02 5.875258147716522217e-02 1.503870040178298950e-01 7.740955334156751633e-03 6.039630174636840820e-01 -1.172555983066558838e-01 8.518944494426250458e-03 6.602643430233001709e-02 -2.378829568624496460e-01 -2.665986418724060059e-01 -1.968263685703277588e-01 -8.089263737201690674e-02 6.722104735672473907e-03 -2.384883314371109009e-01 -1.689218431711196899e-01 -6.266678869724273682e-02 -1.535136997699737549e-01 -2.596383988857269287e-01 -2.647401690483093262e-01 -1.298894733190536499e-01 -1.966982185840606689e-01 1.256706118583679199e-01 -5.773353204131126404e-02 -9.859517216682434082e-02 -1.153314411640167236e-01 -1.727964878082275391e-01 -1.675031632184982300e-01 -1.220440492033958435e-01 -2.463192790746688843e-01 -4.813816398382186890e-02 -2.195696234703063965e-01 -1.083921790122985840e-01 -2.244138866662979126e-01 3.309940993785858154e-01 -1.583873182535171509e-01 -2.166766077280044556e-01 -2.095619142055511475e-01 5.970697849988937378e-02 -8.003857731819152832e-02 -9.182818979024887085e-02 -1.037322133779525757e-01 -1.134828329086303711e-01 -6.735824048519134521e-02 -9.873420745134353638e-02 -9.713464975357055664e-02 -1.054483056068420410e-01 -9.809140861034393311e-02 1.255116581916809082e+00 5.283768177032470703e-01 1.253924965858459473e+00 -1.189155727624893188e-01 -1.170092970132827759e-01 -1.088943108916282654e-01 -1.963859647512435913e-01 -8.905621618032455444e-02 -1.203813701868057251e-01 -1.187883242964744568e-01 -2.009416520595550537e-01 -3.678070008754730225e-02 -1.147470772266387939e-01 -1.170204505324363708e-01 -1.970192044973373413e-01 -1.107980459928512573e-01 -1.983762979507446289e-01 4.023872613906860352e-01 6.460807472467422485e-02 6.447430700063705444e-02 5.755254626274108887e-02 2.692675292491912842e-01 -1.084102969616651535e-02 -1.347341239452362061e-01 -8.537996560335159302e-03 5.534270405769348145e-02 -1.907722204923629761e-01 -1.218642741441726685e-01 -1.018130034208297729e-01 2.369934171438217163e-01 3.915751278400421143e-01 3.079407513141632080e-01 -7.559616863727569580e-02 -2.889626286923885345e-02 2.556866109371185303e-01 -1.076315641403198242e-01 8.915073238313198090e-03 3.843916654586791992e-01 4.436181485652923584e-01 4.717013798654079437e-03 -4.393455013632774353e-02 4.854905605316162109e-02 -9.605889767408370972e-02 -1.684652268886566162e-02 -3.625312447547912598e-02 -6.334591656923294067e-02 -7.087711244821548462e-02 -1.200956553220748901e-01 7.398509420454502106e-03 9.140127338469028473e-03
-2.506461441516876221e-01 -2.495814710855484009e-01 -3.646048903465270996e-02 8.077580332756042480e-01 2.517536580562591553e-01 2.514199614524841309e-01 2.444575130939483643e-01 2.200971394777297974e-01 1.394280493259429932e-01 2.430152446031570435e-01 2.475706785917282104e-01 2.402804344892501831e-01 9.310482442378997803e-02 1.260761767625808716e-01 -6.804362684488296509e-02 -3.088561818003654480e-02 -1.922836303710937500e-01 -1.426485627889633179e-01 -7.939110946608707309e-05 -1.039944514632225037e-01 9.071739763021469116e-02 -3.579246578738093376e-03 -1.365733742713928223e-01 -1.808978170156478882e-01 8.534919470548629761e-02 -1.435005106031894684e-02 -6.042731180787086487e-02 -1.765149086713790894e-01 -1.478686928749084473e-01 -6.790185719728469849e-02 -9.043898433446884155e-02 -1.157563701272010803e-01 -8.353855460882186890e-02 -1.933221966028213501e-01 1.561734080314636230e-01 1.482200622558593750e-01 -2.364233583211898804e-01 1.233285069465637207e-01 4.573189187794923782e-03 9.522195160388946533e-02 2.739521861076354980e-01 1.300089294090867043e-03 1.048676520586013794e-01 1.093626916408538818e-01 1.909109503030776978e-01 2.227290272712707520e-01 -1.338694244623184204e-01 6.308268755674362183e-02 -1.159058138728141785e-01 -8.311136066913604736e-02 6.190824322402477264e-03 2.648567855358123779e-01 5.175977945327758789e-02 -2.175890356302261353e-01 9.284716099500656128e-02 4.044257570058107376e-03 -1.065683364868164062e-01 -1.792183816432952881e-01 1.250575035810470581e-01 -2.696433365345001221e-01 9.112478047609329224e-02 2.466454505920410156e-01 -6.385632604360580444e-02 1.395592689514160156e-01 -1.113519370555877686e-01 -5.806784704327583313e-02 1.514799296855926514e-01 -2.120558731257915497e-02 -8.657621219754219055e-03 -2.844481766223907471e-01 -1.455771923065185547e-01 -2.513190805912017822e-01 -1.480688452720642090e-01 1.563224047422409058e-01 1.582795083522796631e-01 1.618172824382781982e-01 -1.583093702793121338e-01 -1.603816449642181396e-01 -1.591702997684478760e-01 -2.382661849260330200e-01 -1.782786101102828979e-01 -1.581834256649017334e-01 -1.563956737518310547e-01 -2.371292412281036377e-01 -8.644631505012512207e-02 -1.613171398639678955e-01 -1.609361767768859863e-01 -2.387870550155639648e-01 -1.570461541414260864e-01 -2.369377017021179199e-01 1.890003234148025513e-01 2.061348855495452881e-01 1.296301335096359253e-01 1.347938328981399536e-01 4.818004369735717773e-02 7.067435234785079956e-02 6.470231711864471436e-02 6.558657437562942505e-02 1.379777789115905762e-01 1.135154217481613159e-01 1.526268869638442993e-01 4.844912514090538025e-02 -3.880319371819496155e-02 -1.932827234268188477e-01 -2.893334813416004181e-02 2.740255184471607208e-02 -1.753364056348800659e-01 -1.265432089567184448e-01 7.178376615047454834e-02 -4.282293468713760376e-02 -7.645511627197265625e-02 6.316469050943851471e-03 -6.512315571308135986e-02 -3.720178082585334778e-02 4.301690682768821716e-02 2.633663639426231384e-02 -1.272476464509963989e-01 5.752852559089660645e-02 2.049021795392036438e-02 -4.388299956917762756e-02 -1.773566380143165588e-02 1.386014278978109360e-03 -1.332502067089080811e-02
-2.681063711643218994e-01 -2.698406577110290527e-01 -2.159620821475982666e-01 2.517536580562591553e-01 7.940003275871276855e-01 7.893033623695373535e-01 2.080811262130737305e-01 1.537756174802780151e-01 3.947165310382843018e-01 2.104211747646331787e-01 7.839755415916442871e-01 2.070639580488204956e-01 1.019051745533943176e-01 1.088667511940002441e-01 -8.290902525186538696e-02 -8.601767569780349731e-02 -2.646537721157073975e-01 -1.467396169900894165e-01 4.899442568421363831e-02 -7.094863802194595337e-02 5.188917741179466248e-02 7.754874415695667267e-03 3.063402371481060982e-03 -1.859961450099945068e-02 1.598351597785949707e-01 -1.338084787130355835e-01 -8.811026066541671753e-02 -1.493896394968032837e-01 -1.710717678070068359e-01 -8.327593654394149780e-02 -2.440170645713806152e-01 -1.446946859359741211e-01 -7.382487505674362183e-02 -1.421822011470794678e-01 6.524402648210525513e-02 5.867500230669975281e-02 -2.851837873458862305e-01 1.089580655097961426e-01 6.638367660343647003e-03 8.659239858388900757e-02 2.681939303874969482e-01 -1.176499575376510620e-01 1.468953937292098999e-01 5.748743563890457153e-02 1.472134888172149658e-01 2.249207496643066406e-01 -2.140084505081176758e-01 1.888300664722919464e-02 -2.125446647405624390e-01 3.300720080733299255e-02 -3.739041462540626526e-02 2.616137266159057617e-01 1.407109294086694717e-02 -6.959327310323715210e-02 8.623168617486953735e-02 -2.109008282423019409e-01 -1.060667857527732849e-01 -2.518023848533630371e-01 1.633807718753814697e-01 -3.275888264179229736e-01 3.685010969638824463e-02 7.833279967308044434e-01 1.001768469810485840e+00 1.027521565556526184e-01 -2.271959185600280762e-02 2.161115407943725586e-03 1.755928099155426025e-01 1.336380988359451294e-01 1.233280822634696960e-02 -1.476927697658538818e-01 -2.008158117532730103e-01 -2.412368655204772949e-01 -2.001789212226867676e-01 -1.760699003934860229e-01 -5.588898807764053345e-02 -1.744889020919799805e-01 -2.361766546964645386e-01 -2.389599829912185669e-01 -2.381628900766372681e-01 -2.898561358451843262e-01 -2.288747280836105347e-01 -2.391053885221481323e-01 -2.364222258329391479e-01 -2.864809334278106689e-01 -1.936390697956085205e-01 -2.356862723827362061e-01 -2.383172512054443359e-01 -2.853999435901641846e-01 -2.340247184038162231e-01 -2.874771356582641602e-01 1.630481481552124023e-01 1.752259880304336548e-01 9.607777744531631470e-02 9.955926239490509033e-02 2.405328117311000824e-02 5.529091879725456238e-02 6.665073335170745850e-02 4.643696174025535583e-02 1.251292824745178223e-01 5.861133933067321777e-01 4.989670217037200928e-01 5.064526200294494629e-01 -2.347839064896106720e-02 -1.516630798578262329e-01 2.189586311578750610e-01 1.530842948704957962e-02 -2.133670030161738396e-03 -1.028594821691513062e-01 1.748721748590469360e-01 -5.963817611336708069e-02 -1.017164885997772217e-01 -1.627399176359176636e-01 -1.031884774565696716e-01 2.050910890102386475e-01 7.205981016159057617e-02 3.270038589835166931e-02 -1.509269177913665771e-01 -7.156222313642501831e-02 -3.375324979424476624e-02 -7.495624572038650513e-02 -9.683733433485031128e-02 1.285904739052057266e-02 -3.499121591448783875e-02
-2.686898410320281982e-01 -2.719566822052001953e-01 -2.178389877080917358e-01 2.514199614524841309e-01 7.893033623695373535e-01 8.064562082290649414e-01 2.089331895112991333e-01 1.549936980009078979e-01 3.929591178894042969e-01 2.098882198333740234e-01 7.859913110733032227e-01 2.050494998693466187e-01 1.037525907158851624e-01 1.122684553265571594e-01 -8.617506176233291626e-02 -8.693917095661163330e-02 -2.660343647003173828e-01 -1.489851474761962891e-01 4.821933805942535400e-02 -7.306154817342758179e-02 5.619812756776809692e-02 9.743808768689632416e-03 -4.266810137778520584e-04 -1.635857857763767242e-02 1.581992506980895996e-01 -1.365550905466079712e-01 -8.818017691373825073e-02 -1.492294520139694214e-01 -1.740801781415939331e-01 -8.434602618217468262e-02 -2.444184720516204834e-01 -1.444691121578216553e-01 -6.861662119626998901e-02 -1.435016095638275146e-01 6.293661147356033325e-02 5.852623283863067627e-02 -2.828452885150909424e-01 1.085324659943580627e-01 5.011063069105148315e-03 8.704876154661178589e-02 2.702482342720031738e-01 -1.172029152512550354e-01 1.520478874444961548e-01 5.742126330733299255e-02 1.469652205705642700e-01 2.232931405305862427e-01 -2.147432267665863037e-01 1.792858913540840149e-02 -2.124439775943756104e-01 3.784893825650215149e-02 -3.804510459303855896e-02 2.692342400550842285e-01 1.384572405368089676e-02 -6.677966564893722534e-02 8.588220179080963135e-02 -2.147255837917327881e-01 -1.070975139737129211e-01 -2.527022361755371094e-01 1.593302190303802490e-01 -3.296163082122802734e-01 3.553779795765876770e-02 7.913511395454406738e-01 1.010782122611999512e+00 1.065811067819595337e-01 -2.493546716868877411e-02 7.689315825700759888e-04 1.738944947719573975e-01 1.323086619377136230e-01 1.068794354796409607e-02 -1.451086401939392090e-01 -2.016922682523727417e-01 -2.400889396667480469e-01 -2.018119245767593384e-01 -1.778841912746429443e-01 -5.358059331774711609e-02 -1.741716861724853516e-01 -2.374753803014755249e-01 -2.397605180740356445e-01 -2.400361597537994385e-01 -2.876920998096466064e-01 -2.296755313873291016e-01 -2.421197593212127686e-01 -2.376045286655426025e-01 -2.876168787479400635e-01 -1.965481340885162354e-01 -2.377941608428955078e-01 -2.400405108928680420e-01 -2.854484319686889648e-01 -2.366421520709991455e-01 -2.881545424461364746e-01 1.648584455251693726e-01 1.767495423555374146e-01 9.392394870519638062e-02 1.050503849983215332e-01 2.384151332080364227e-02 5.701483786106109619e-02 6.888818740844726562e-02 4.817285761237144470e-02 1.255991905927658081e-01 5.905447006225585938e-01 5.029231905937194824e-01 5.090262889862060547e-01 -2.338037267327308655e-02 -1.536949872970581055e-01 2.213128954172134399e-01 1.374678220599889755e-02 -2.373956376686692238e-03 -1.035793945193290710e-01 1.765090823173522949e-01 -6.020631641149520874e-02 -1.013055518269538879e-01 -1.627268046140670776e-01 -1.044690981507301331e-01 2.065567076206207275e-01 7.332085072994232178e-02 3.098769672214984894e-02 -1.529802978038787842e-01 -7.252927869558334351e-02 -3.414300456643104553e-02 -6.987679749727249146e-02 -9.728658199310302734e-02 1.281500328332185745e-02 -3.465930372476577759e-02
-2.284342199563980103e-01 -2.247365564107894897e-01 -1.965138167142868042e-01 2.444575130939483643e-01 2.080811262130737305e-01 2.089331895112991333e-01 7.260678410530090332e-01 6.618214398622512817e-02 1.042538434267044067e-01 7.178456187248229980e-01 2.089310288429260254e-01 7.128613591194152832e-01 1.731131523847579956e-01 8.671876043081283569e-02 2.002375945448875427e-02 -4.367791861295700073e-02 -1.960181742906570435e-01 -4.644525796175003052e-02 -7.280415296554565430e-02 -5.629705637693405151e-02 -4.913188889622688293e-02 -4.343410953879356384e-02 -1.177176460623741150e-01 -5.414499714970588684e-02 1.953171640634536743e-01 -1.514938287436962128e-02 -1.418954432010650635e-01 -6.657050549983978271e-02 -9.087935090065002441e-02 -2.153685130178928375e-02 -1.927276253700256348e-01 -1.437961906194686890e-01 -7.567189633846282959e-02 -1.077351197600364685e-01 1.557150483131408691e-01 2.619760334491729736e-01 -2.975710332393646240e-01 1.923468559980392456e-01 8.698081225156784058e-02 8.594935387372970581e-02 2.765815854072570801e-01 -1.889922097325325012e-02 1.303600221872329712e-01 1.713978052139282227e-01 2.382576763629913330e-01 1.264503598213195801e-01 8.504381775856018066e-02 8.667050302028656006e-02 -1.720112562179565430e-01 -9.018291532993316650e-02 7.180602103471755981e-02 2.756455242633819580e-01 8.014868199825286865e-02 -1.914733648300170898e-01 1.653654724359512329e-01 -1.940161287784576416e-01 -1.069108173251152039e-01 -2.301891893148422241e-01 1.637545228004455566e-01 -2.685815393924713135e-01 4.820289090275764465e-02 2.081827223300933838e-01 -1.149525195360183716e-01 1.298434585332870483e-01 1.008838880807161331e-02 9.436858817934989929e-03 1.268945336341857910e-01 -1.785702444612979889e-02 -4.170121252536773682e-02 -2.302493751049041748e-01 9.425644576549530029e-02 -2.196927666664123535e-01 9.077104926109313965e-02 -1.256350129842758179e-01 4.559459537267684937e-02 -1.208662763237953186e-01 -2.346872240304946899e-01 -2.363553047180175781e-01 -2.376254498958587646e-01 -3.005135059356689453e-01 -2.188718914985656738e-01 -2.320895493030548096e-01 -2.358935028314590454e-01 -2.984496057033538818e-01 -1.780935823917388916e-01 -2.376261949539184570e-01 -2.326817065477371216e-01 -2.955160140991210938e-01 -2.348615378141403198e-01 -2.986955642700195312e-01 1.619201898574829102e-01 1.843705624341964722e-01 1.233384236693382263e-01 1.238852441310882568e-01 3.730129450559616089e-02 5.859005823731422424e-02 5.897565558552742004e-02 5.306767299771308899e-02 1.198322400450706482e-01 9.863570332527160645e-02 1.243611201643943787e-01 8.462720364332199097e-02 -1.436994373798370361e-01 -9.803876280784606934e-02 -6.096972152590751648e-02 1.229207962751388550e-02 -7.917872071266174316e-02 6.961922161281108856e-03 1.410363316535949707e-01 9.298110753297805786e-02 -2.774631232023239136e-02 -1.126812547445297241e-01 6.343618035316467285e-02 -9.634036570787429810e-03 -8.696754463016986847e-03 1.016650274395942688e-01 -2.567710168659687042e-02 1.348063796758651733e-01 9.960645809769630432e-03 -8.442629873752593994e-02 -2.564593451097607613e-03 5.497635342180728912e-03 -6.144043058156967163e-02
-1.519820243120193481e-01 -1.527968943119049072e-01 4.145016968250274658e-01 2.200971394777297974e-01 1.537756174802780151e-01 1.549936980009078979e-01 6.618214398622512817e-02 8.628121018409729004e-01 4.681756496429443359e-01 6.645842641592025757e-02 1.565307527780532837e-01 6.191967427730560303e-02 2.018740028142929077e-01 9.375807642936706543e-02 -1.435693055391311646e-01 -1.178716272115707397e-01 -1.738051176071166992e-01 -1.864982694387435913e-01 -5.811138078570365906e-02 -5.847972631454467773e-02 -1.475840359926223755e-01 -1.388074606657028198e-01 -8.670171350240707397e-02 -1.175771728157997131e-01 3.613614663481712341e-02 -1.641718149185180664e-01 -8.438251167535781860e-02 -1.607725024223327637e-01 -9.994373470544815063e-02 -1.214334592223167419e-01 3.950032591819763184e-01 -1.406518369913101196e-01 -6.888926029205322266e-02 -1.153842955827713013e-01 -2.156539112329483032e-01 -2.377032935619354248e-01 -2.684539854526519775e-01 1.059309914708137512e-01 3.313068300485610962e-02 4.131156578660011292e-02 1.450567990541458130e-01 -1.039189249277114868e-01 4.324799776077270508e-02 2.418412268161773682e-02 6.328668445348739624e-02 1.014986932277679443e-01 -1.652926653623580933e-01 9.385119378566741943e-02 -1.158038154244422913e-01 -1.538211256265640259e-01 -5.694197118282318115e-02 1.379789412021636963e-01 -1.898907274007797241e-01 -1.581123024225234985e-01 3.946067765355110168e-02 -4.274539276957511902e-02 -1.730232685804367065e-01 -1.270254552364349365e-01 -3.463118150830268860e-02 -1.370716840028762817e-01 5.058725923299789429e-02 1.523463726043701172e-01 -1.606895588338375092e-02 8.236093074083328247e-02 -1.054333969950675964e-01 -1.248126253485679626e-01 4.240263078827410936e-04 -2.335290051996707916e-02 -4.958597198128700256e-02 -2.050443738698959351e-01 -5.271181836724281311e-02 -3.163787536323070526e-03 -5.342832952737808228e-02 9.291579723358154297e-01 3.711504936218261719e-01 9.291340112686157227e-01 -1.812544167041778564e-01 -1.855645030736923218e-01 -1.845826655626296997e-01 -2.728914320468902588e-01 -1.828174144029617310e-01 -1.831569820642471313e-01 -1.829566657543182373e-01 -2.713107168674468994e-01 -1.005248799920082092e-01 -1.848672032356262207e-01 -1.853630244731903076e-01 -2.676464915275573730e-01 -1.766504943370819092e-01 -2.711724936962127686e-01 3.425713777542114258e-01 1.075228303670883179e-01 7.109909504652023315e-02 7.715413719415664673e-02 1.809187829494476318e-01 1.580654978752136230e-01 9.666358679533004761e-02 1.536520421504974365e-01 2.348511964082717896e-01 7.669815421104431152e-02 1.138358712196350098e-01 9.978249669075012207e-02 1.771583706140518188e-01 -8.538161963224411011e-02 4.670014604926109314e-02 -3.412268683314323425e-02 -9.671476483345031738e-02 -6.135825067758560181e-02 -3.168268874287605286e-02 2.856312692165374756e-02 2.526143379509449005e-02 2.660517096519470215e-01 -9.950978308916091919e-02 -3.037698753178119659e-02 6.378561258316040039e-02 -6.526308134198188782e-03 -1.244542002677917480e-01 -2.396979369223117828e-02 -5.581781640648841858e-02 -4.476857185363769531e-02 -9.778253734111785889e-02 -2.288218587636947632e-02 1.943869981914758682e-03
-2.980287671089172363e-01 -2.981184124946594238e-01 1.254082024097442627e-01 1.394280493259429932e-01 3.947165310382843018e-01 3.929591178894042969e-01 1.042538434267044067e-01 4.681756496429443359e-01 1.037296772003173828e+00 1.032324656844139099e-01 3.939229249954223633e-01 1.033636182546615601e-01 3.936134874820709229e-01 -8.749159052968025208e-03 3.096180595457553864e-02 -1.484377402812242508e-02 -1.664803028106689453e-01 -1.413234770298004150e-01 -1.992029882967472076e-02 -2.148634754121303558e-02 6.718942895531654358e-03 -6.794361770153045654e-02 -7.281283382326364517e-03 5.429822020232677460e-03 3.248624131083488464e-02 -1.057284697890281677e-01 -1.243462339043617249e-01 -8.420611917972564697e-02 -1.302017420530319214e-01 -6.365822255611419678e-02 1.453393101692199707e-01 -1.668845117092132568e-01 -5.346573516726493835e-02 -7.730039209127426147e-02 -1.762277074158191681e-02 -5.729925353080034256e-03 -3.477010428905487061e-01 2.523708343505859375e-01 -1.863901875913143158e-02 2.601338177919387817e-02 1.647614538669586182e-01 -4.855440557003021240e-02 1.308538019657135010e-01 3.988382220268249512e-02 7.073718123137950897e-03 1.196318641304969788e-01 -5.478918179869651794e-02 3.055213578045368195e-02 -1.527763456106185913e-01 -1.873014122247695923e-02 -5.535832792520523071e-02 1.576094478368759155e-01 -3.316282853484153748e-02 -8.604560792446136475e-02 6.683193892240524292e-02 -4.886190220713615417e-02 -1.530642509460449219e-01 -2.212069630622863770e-01 1.505882292985916138e-01 -2.212589383125305176e-01 -3.321884199976921082e-02 3.936301767826080322e-01 5.983029007911682129e-01 5.803102627396583557e-03 5.176132544875144958e-02 2.632750384509563446e-02 7.053273171186447144e-02 7.005177438259124756e-02 4.275390133261680603e-02 -1.905582845211029053e-01 -1.337810233235359192e-02 -6.473094224929809570e-02 -1.261454634368419647e-02 5.292043685913085938e-01 2.686119079589843750e-01 5.292516350746154785e-01 -2.927618920803070068e-01 -2.930419147014617920e-01 -2.950154840946197510e-01 -3.527092337608337402e-01 -2.658785283565521240e-01 -2.920292913913726807e-01 -2.930446565151214600e-01 -3.517575263977050781e-01 -2.379626780748367310e-01 -2.921984195709228516e-01 -2.915789186954498291e-01 -3.489506840705871582e-01 -2.919274270534515381e-01 -3.502064049243927002e-01 1.375918537378311157e-01 6.615168880671262741e-03 -3.782724728807806969e-03 -2.777036745101213455e-03 6.088262796401977539e-02 2.983457781374454498e-02 -6.471666693687438965e-02 2.532615140080451965e-02 6.686236709356307983e-02 3.632527291774749756e-01 2.865991294384002686e-01 3.902719318866729736e-01 1.277865916490554810e-01 -9.176099300384521484e-02 1.668765097856521606e-01 9.497296065092086792e-03 5.006011109799146652e-03 -5.305748432874679565e-02 1.386547535657882690e-01 4.668552894145250320e-03 -1.059681847691535950e-01 1.417776048183441162e-01 -7.059439551085233688e-03 1.811654418706893921e-01 4.007701948285102844e-02 4.462171718478202820e-02 -7.439815253019332886e-02 2.029033750295639038e-02 -5.745772644877433777e-02 -5.222846195101737976e-02 -9.804324060678482056e-02 -4.076325893402099609e-02 -3.018767759203910828e-02
-2.289645075798034668e-01 -2.268604040145874023e-01 -1.966746449470520020e-01 2.430152446031570435e-01 2.104211747646331787e-01 2.098882198333740234e-01 7.178456187248229980e-01 6.645842641592025757e-02 1.032324656844139099e-01 7.267372012138366699e-01 2.095033824443817139e-01 7.159622311592102051e-01 1.747485101222991943e-01 8.750608563423156738e-02 2.110825851559638977e-02 -4.404248669743537903e-02 -1.937542110681533813e-01 -4.647313430905342102e-02 -7.110121101140975952e-02 -5.645143613219261169e-02 -4.838669300079345703e-02 -3.774956986308097839e-02 -1.168983355164527893e-01 -5.454723536968231201e-02 1.974491178989410400e-01 -1.687544398009777069e-02 -1.421605497598648071e-01 -6.092048436403274536e-02 -8.628623932600021362e-02 -2.245427481830120087e-02 -1.938818097114562988e-01 -1.437722146511077881e-01 -7.520558685064315796e-02 -1.091412976384162903e-01 1.591438502073287964e-01 2.663680315017700195e-01 -2.966088652610778809e-01 1.907243281602859497e-01 8.468162268400192261e-02 8.483380079269409180e-02 2.790153920650482178e-01 -1.638853363692760468e-02 1.308380514383316040e-01 1.727975755929946899e-01 2.374643236398696899e-01 1.250186413526535034e-01 8.606606721878051758e-02 8.867421001195907593e-02 -1.738945245742797852e-01 -9.037216007709503174e-02 7.080911844968795776e-02 2.753955721855163574e-01 8.351159095764160156e-02 -1.896612197160720825e-01 1.627863347530364990e-01 -1.940640807151794434e-01 -1.079231649637222290e-01 -2.301356792449951172e-01 1.647023111581802368e-01 -2.690930068492889404e-01 4.839128628373146057e-02 2.088687270879745483e-01 -1.124388650059700012e-01 1.266870796680450439e-01 1.122222654521465302e-02 1.152572222054004669e-02 1.241101920604705811e-01 -1.973403617739677429e-02 -4.103012755513191223e-02 -2.280519753694534302e-01 9.337426722049713135e-02 -2.189633995294570923e-01 9.177397936582565308e-02 -1.260555535554885864e-01 4.722546041011810303e-02 -1.241890713572502136e-01 -2.343811243772506714e-01 -2.383368462324142456e-01 -2.404386848211288452e-01 -3.039394021034240723e-01 -2.215370982885360718e-01 -2.356816679239273071e-01 -2.364857047796249390e-01 -3.004086911678314209e-01 -1.776896864175796509e-01 -2.371171265840530396e-01 -2.328930795192718506e-01 -2.986190021038055420e-01 -2.344752997159957886e-01 -2.996290624141693115e-01 1.599585264921188354e-01 1.847602128982543945e-01 1.227909475564956665e-01 1.207321658730506897e-01 3.629134595394134521e-02 5.573290586471557617e-02 5.743178725242614746e-02 5.245297029614448547e-02 1.195475906133651733e-01 9.947483986616134644e-02 1.250252872705459595e-01 8.562730997800827026e-02 -1.437085419893264771e-01 -9.790468961000442505e-02 -6.031868234276771545e-02 1.321181468665599823e-02 -7.873211801052093506e-02 8.050616830587387085e-03 1.429719924926757812e-01 9.274741262197494507e-02 -2.851340360939502716e-02 -1.130312234163284302e-01 6.589978933334350586e-02 -7.302884943783283234e-03 -9.019179269671440125e-03 1.024470999836921692e-01 -2.424328215420246124e-02 1.366229504346847534e-01 1.020658574998378754e-02 -8.429493010044097900e-02 -2.493530977517366409e-03 5.322853568941354752e-03 -6.209751963615417480e-02
-2.667249143123626709e-01 -2.683310806751251221e-01 -2.145673930644989014e-01 2.475706785917282104e-01 7.839755415916442871e-01 7.859913110733032227e-01 2.089310288429260254e-01 1.565307527780532837e-01 3.939229249954223633e-01 2.095033824443817139e-01 7.951904535293579102e-01 2.076637893915176392e-01 1.008590161800384521e-01 1.074305549263954163e-01 -8.321745693683624268e-02 -8.623345196247100830e-02 -2.657077312469482422e-01 -1.478256434202194214e-01 4.624553024768829346e-02 -7.207408547401428223e-02 5.348451063036918640e-02 4.154696594923734665e-03 7.410571561194956303e-04 -1.936564780771732330e-02 1.581053584814071655e-01 -1.373013257980346680e-01 -9.099376201629638672e-02 -1.509290188550949097e-01 -1.734656244516372681e-01 -8.323295414447784424e-02 -2.437294423580169678e-01 -1.435559988021850586e-01 -7.530106604099273682e-02 -1.439427435398101807e-01 6.104161217808723450e-02 5.463941022753715515e-02 -2.831846177577972412e-01 1.100792586803436279e-01 3.803430590778589249e-03 8.674833923578262329e-02 2.683469355106353760e-01 -1.162093356251716614e-01 1.457404792308807373e-01 5.633118748664855957e-02 1.476002931594848633e-01 2.281623780727386475e-01 -2.181756049394607544e-01 2.128417417407035828e-02 -2.132569402456283569e-01 3.460031375288963318e-02 -4.085813835263252258e-02 2.691172063350677490e-01 1.259668543934822083e-02 -6.847020238637924194e-02 8.438190072774887085e-02 -2.125734537839889526e-01 -1.084563210606575012e-01 -2.503425478935241699e-01 1.606281250715255737e-01 -3.280672430992126465e-01 3.672146052122116089e-02 7.848186492919921875e-01 1.004922747611999512e+00 1.027083694934844971e-01 -2.399832196533679962e-02 1.114987768232822418e-03 1.740835309028625488e-01 1.311374902725219727e-01 1.195735763758420944e-02 -1.488683968782424927e-01 -2.042405754327774048e-01 -2.449145168066024780e-01 -2.034453749656677246e-01 -1.728222370147705078e-01 -5.640912428498268127e-02 -1.731888204813003540e-01 -2.327976822853088379e-01 -2.353396266698837280e-01 -2.351795732975006104e-01 -2.847372889518737793e-01 -2.256749123334884644e-01 -2.371686995029449463e-01 -2.334123849868774414e-01 -2.832577824592590332e-01 -1.918243765830993652e-01 -2.306870073080062866e-01 -2.378114163875579834e-01 -2.847030460834503174e-01 -2.311860322952270508e-01 -2.841950058937072754e-01 1.647453159093856812e-01 1.732744276523590088e-01 9.698535501956939697e-02 1.040370985865592957e-01 2.366936020553112030e-02 5.269323289394378662e-02 6.932028383016586304e-02 4.756415635347366333e-02 1.282395571470260620e-01 5.867756605148315430e-01 4.993643462657928467e-01 5.077538490295410156e-01 -2.255761064589023590e-02 -1.533083319664001465e-01 2.195314317941665649e-01 1.507486868649721146e-02 -3.196760313585400581e-03 -1.036365404725074768e-01 1.734120845794677734e-01 -6.171968206763267517e-02 -1.017758995294570923e-01 -1.619969159364700317e-01 -1.041545495390892029e-01 2.039472162723541260e-01 7.256849110126495361e-02 3.179026022553443909e-02 -1.506702154874801636e-01 -7.203684002161026001e-02 -3.427242487668991089e-02 -7.549372315406799316e-02 -9.654323011636734009e-02 1.340002566576004028e-02 -3.442528471350669861e-02
-2.243516892194747925e-01 -2.214183062314987183e-01 -1.962313205003738403e-01 2.402804344892501831e-01 2.070639580488204956e-01 2.050494998693466187e-01 7.128613591194152832e-01 6.191967427730560303e-02 1.033636182546615601e-01 7.159622311592102051e-01 2.076637893915176392e-01 7.294261455535888672e-01 1.795300841331481934e-01 8.824216574430465698e-02 1.910923048853874207e-02 -4.521014168858528137e-02 -1.942541152238845825e-01 -4.694692417979240417e-02 -7.407083362340927124e-02 -5.601850897073745728e-02 -4.590056091547012329e-02 -3.982640802860260010e-02 -1.185748055577278137e-01 -5.440988019108772278e-02 1.959672123193740845e-01 -1.864604838192462921e-02 -1.427375227212905884e-01 -5.870790407061576843e-02 -8.801110088825225830e-02 -1.869961805641651154e-02 -1.939174085855484009e-01 -1.434647589921951294e-01 -7.108892500400543213e-02 -1.055140718817710876e-01 1.569938808679580688e-01 2.635824680328369141e-01 -2.964507639408111572e-01 1.912788897752761841e-01 8.338636904954910278e-02 8.173538744449615479e-02 2.837744951248168945e-01 -1.829785108566284180e-02 1.266307383775711060e-01 1.715545654296875000e-01 2.424894422292709351e-01 1.267741024494171143e-01 8.364402502775192261e-02 8.853411674499511719e-02 -1.738528162240982056e-01 -8.848639577627182007e-02 7.059872150421142578e-02 2.774262130260467529e-01 8.361846953630447388e-02 -1.881064474582672119e-01 1.627718061208724976e-01 -1.941620558500289917e-01 -1.084976643323898315e-01 -2.294675558805465698e-01 1.672780066728591919e-01 -2.679432034492492676e-01 5.150390043854713440e-02 2.074753195047378540e-01 -1.122972667217254639e-01 1.228166818618774414e-01 1.335800997912883759e-02 1.134086772799491882e-02 1.238158568739891052e-01 -2.384479343891143799e-02 -3.973685950040817261e-02 -2.279178351163864136e-01 9.288138896226882935e-02 -2.211245745420455933e-01 9.135371446609497070e-02 -1.254991590976715088e-01 4.455026984214782715e-02 -1.239878162741661072e-01 -2.368332147598266602e-01 -2.364618629217147827e-01 -2.368003726005554199e-01 -2.993903160095214844e-01 -2.226359099149703979e-01 -2.358954101800918579e-01 -2.363948374986648560e-01 -2.995423376560211182e-01 -1.714658737182617188e-01 -2.336118519306182861e-01 -2.342337071895599365e-01 -2.977992892265319824e-01 -2.342777997255325317e-01 -2.956401407718658447e-01 1.632953882217407227e-01 1.864650249481201172e-01 1.215112358331680298e-01 1.231089681386947632e-01 3.797279298305511475e-02 5.338246747851371765e-02 5.656188353896141052e-02 4.738832637667655945e-02 1.163109987974166870e-01 9.825394302606582642e-02 1.237824484705924988e-01 8.515907824039459229e-02 -1.440257132053375244e-01 -9.668909758329391479e-02 -6.050411611795425415e-02 1.254579238593578339e-02 -7.825183123350143433e-02 9.980070404708385468e-03 1.413276940584182739e-01 9.251808375120162964e-02 -2.730026096105575562e-02 -1.126400902867317200e-01 6.742794066667556763e-02 -8.341841399669647217e-03 -9.228501468896865845e-03 1.023781374096870422e-01 -2.286156639456748962e-02 1.360579431056976318e-01 1.013958640396595001e-02 -8.383263647556304932e-02 -2.131401561200618744e-03 5.440904293209314346e-03 -6.251143664121627808e-02
