1.674959063529968262e+00 1.656410336494445801e+00 1.295355200767517090e+00 2.644999623298645020e-01 3.837269544601440430e-02 1.973270773887634277e-01 2.413591295480728149e-01 1.361734271049499512e-01 4.146882519125938416e-02 2.746972441673278809e-01 1.589614897966384888e-01 3.078792393207550049e-01 -7.261601090431213379e-02 -1.419886350631713867e-01 -5.705933645367622375e-02 -6.468114256858825684e-02 -3.810574859380722046e-02 -2.161057852208614349e-02 8.718740195035934448e-02 -1.467944532632827759e-01 -3.045223057270050049e-01 -1.641909480094909668e-01 -1.863692849874496460e-01 9.290925227105617523e-03 -3.846593573689460754e-02 -2.169077657163143158e-02 -2.206674963235855103e-01 2.464444488286972046e-01 -1.024497449398040771e-01 1.649759709835052490e-02 -1.806672513484954834e-01 -8.474747836589813232e-02 -1.300962865352630615e-01 -9.910618513822555542e-02 2.667164206504821777e-01 3.690351545810699463e-01 3.659679293632507324e-01 -1.856890618801116943e-01 -2.026175409555435181e-01 -9.769278019666671753e-02 -2.151711881160736084e-01 -1.653386205434799194e-01 -2.457489520311355591e-01 -1.112444847822189331e-01 -8.745729923248291016e-02 8.549401164054870605e-02 2.797702550888061523e-01 6.930650025606155396e-02 -2.307351678609848022e-01 -1.170559525489807129e-01 -2.539448812603950500e-02 -1.963409930467605591e-01 -8.313618600368499756e-02 -1.005741879343986511e-01 -1.222248077392578125e-01 -1.410547792911529541e-01 2.525650858879089355e-01 -7.625376433134078979e-02 -4.539180919528007507e-02 -2.071721255779266357e-01 -2.483334578573703766e-02 8.755321614444255829e-03 2.658831477165222168e-01 -2.904720306396484375e-01 -1.475006192922592163e-01 -1.725969910621643066e-01 -1.641846150159835815e-01 -1.127424612641334534e-01 -1.496272385120391846e-01 -8.083616197109222412e-02 5.561789870262145996e-01 8.025583624839782715e-01 5.573922395706176758e-01 6.056440472602844238e-01 1.698611974716186523e-01 6.695103645324707031e-01 -2.718588709831237793e-01 -2.730860710144042969e-01 -3.174243867397308350e-01 -3.372028172016143799e-01 -2.235219925642013550e-01 -3.044946193695068359e-01 -3.412224948406219482e-01 -3.129327297210693359e-01 -3.013871908187866211e-01 -3.183011114597320557e-01 -3.194079399108886719e-01 -3.346655070781707764e-01 -3.209127783775329590e-01 -2.877205014228820801e-01 7.001662254333496094e-02 -2.747511565685272217e-01 -2.939690351486206055e-01 -2.911371290683746338e-01 -2.777223587036132812e-01 -1.501744538545608521e-01 -3.690735995769500732e-02 -1.472112238407135010e-01 -2.194942086935043335e-01 6.504091620445251465e-02 1.806505471467971802e-01 -2.639502845704555511e-02 1.514769643545150757e-01 -4.793271422386169434e-02 -3.336031734943389893e-02 1.007733121514320374e-01 -5.009850487112998962e-02 2.387631833553314209e-01 1.362223625183105469e-01 1.757183521986007690e-01 -1.688764840364456177e-01 -2.433205246925354004e-01 1.304966676980257034e-02 -7.292200811207294464e-03 -5.324142798781394958e-02 2.510489523410797119e-01 2.727535367012023926e-01 -3.531741350889205933e-02 2.087298333644866943e-01 -1.269766390323638916e-01 -1.561351269483566284e-01 4.077223315834999084e-02 -9.511579573154449463e-02
1.656410336494445801e+00 1.682312130928039551e+00 1.299242615699768066e+00 2.648124992847442627e-01 3.901361674070358276e-02 1.988733410835266113e-01 2.430614382028579712e-01 1.363230347633361816e-01 4.225378856062889099e-02 2.750532329082489014e-01 1.595442593097686768e-01 3.092532157897949219e-01 -7.353942096233367920e-02 -1.429121494293212891e-01 -5.506626516580581665e-02 -6.547151505947113037e-02 -3.898110985755920410e-02 -2.251311764121055603e-02 8.518952131271362305e-02 -1.453400701284408569e-01 -3.056355714797973633e-01 -1.635608077049255371e-01 -1.861586123704910278e-01 1.017397642135620117e-02 -4.008517041802406311e-02 -2.400455996394157410e-02 -2.224323749542236328e-01 2.455571144819259644e-01 -1.013227179646492004e-01 1.754747331142425537e-02 -1.799488365650177002e-01 -8.527642488479614258e-02 -1.293288767337799072e-01 -9.848747402429580688e-02 2.691964209079742432e-01 3.704003989696502686e-01 3.672675788402557373e-01 -1.889379918575286865e-01 -2.020361274480819702e-01 -9.852576255798339844e-02 -2.166694700717926025e-01 -1.621350795030593872e-01 -2.464091479778289795e-01 -1.123867481946945190e-01 -8.933396637439727783e-02 8.507317304611206055e-02 2.809870839118957520e-01 6.928246468305587769e-02 -2.309707552194595337e-01 -1.209740415215492249e-01 -2.460701018571853638e-02 -1.976592242717742920e-01 -8.328144997358322144e-02 -1.003285497426986694e-01 -1.226990148425102234e-01 -1.428942978382110596e-01 2.551396191120147705e-01 -7.614646106958389282e-02 -4.666084051132202148e-02 -2.084964066743850708e-01 -2.611216343939304352e-02 7.565533742308616638e-03 2.649000883102416992e-01 -2.924173474311828613e-01 -1.482760608196258545e-01 -1.697599738836288452e-01 -1.650891751050949097e-01 -1.101230233907699585e-01 -1.535465270280838013e-01 -8.078718930482864380e-02 5.580195784568786621e-01 8.063477873802185059e-01 5.600221753120422363e-01 6.078895330429077148e-01 1.705366224050521851e-01 6.709105968475341797e-01 -2.720056474208831787e-01 -2.741603255271911621e-01 -3.189039826393127441e-01 -3.367534875869750977e-01 -2.234389036893844604e-01 -3.052133023738861084e-01 -3.417781293392181396e-01 -3.131084442138671875e-01 -3.013628721237182617e-01 -3.198987245559692383e-01 -3.203018903732299805e-01 -3.349972367286682129e-01 -3.217360377311706543e-01 -2.868390977382659912e-01 7.165597379207611084e-02 -2.770808637142181396e-01 -2.939078509807586670e-01 -2.912586331367492676e-01 -2.776203453540802002e-01 -1.504064947366714478e-01 -3.960287570953369141e-02 -1.469341665506362915e-01 -2.180263251066207886e-01 6.461992114782333374e-02 1.794434934854507446e-01 -2.671656385064125061e-02 1.514438390731811523e-01 -4.804667830467224121e-02 -3.384738415479660034e-02 1.016293391585350037e-01 -4.917450249195098877e-02 2.400654256343841553e-01 1.353343725204467773e-01 1.754486411809921265e-01 -1.689070761203765869e-01 -2.442108243703842163e-01 1.385629922151565552e-02 -6.445662584155797958e-03 -5.312814936041831970e-02 2.511214911937713623e-01 2.722479403018951416e-01 -3.507539257407188416e-02 2.087592780590057373e-01 -1.264397799968719482e-01 -1.557693779468536377e-01 4.100933670997619629e-02 -9.554918855428695679e-02
1.295355200767517090e+00 1.299242615699768066e+00 1.343443751335144043e+00 2.168235778808593750e-01 2.813656255602836609e-02 1.478847861289978027e-01 1.507362127304077148e-01 2.402145862579345703e-01 9.807342290878295898e-02 2.018764764070510864e-01 1.101188361644744873e-01 2.166677564382553101e-01 -1.232759580016136169e-01 -1.743670403957366943e-01 -3.251466900110244751e-02 -6.444703787565231323e-02 -1.714759692549705505e-02 3.660919319372624159e-04 4.658046737313270569e-02 -1.064334288239479065e-01 -2.608634531497955322e-01 -1.865129619836807251e-01 -1.716563105583190918e-01 -3.548638895153999329e-02 -8.266038447618484497e-02 -1.182758901268243790e-02 -1.885075122117996216e-01 2.000428140163421631e-01 -6.927857547998428345e-02 7.233827561140060425e-02 -6.010632961988449097e-02 4.962994903326034546e-02 -8.090899884700775146e-02 -5.031833797693252563e-02 1.719904541969299316e-01 2.703605592250823975e-01 2.825978398323059082e-01 -1.728421002626419067e-01 -2.286474704742431641e-01 -1.109499484300613403e-01 -2.344145625829696655e-01 -1.529400944709777832e-01 -1.758566498756408691e-01 -5.588823929429054260e-02 -2.073585614562034607e-02 -1.042827591300010681e-02 1.645380109548568726e-01 7.928369194269180298e-02 -1.819621473550796509e-01 -1.488075405359268188e-01 -1.982823759317398071e-02 -2.150304168462753296e-01 -1.365553438663482666e-01 -1.046917289495468140e-01 -1.049618721008300781e-01 -1.482966244220733643e-01 1.675702184438705444e-01 -7.240597158670425415e-02 6.587618030607700348e-03 -1.920572221279144287e-01 7.972287945449352264e-03 -3.121325932443141937e-02 2.137941569089889526e-01 -2.028083354234695435e-01 -1.536308377981185913e-01 -1.729316562414169312e-01 -1.534428596496582031e-01 -1.292296051979064941e-01 -1.381054371595382690e-01 -4.971074685454368591e-02 4.367264509201049805e-01 7.034859657287597656e-01 4.331517517566680908e-01 7.149603962898254395e-01 3.265455067157745361e-01 7.798742055892944336e-01 -2.535741925239562988e-01 -2.558866739273071289e-01 -2.720282077789306641e-01 -2.690400779247283936e-01 -1.769656538963317871e-01 -2.516630887985229492e-01 -2.952491939067840576e-01 -2.741591334342956543e-01 -2.767104804515838623e-01 -2.727394402027130127e-01 -2.727909386157989502e-01 -2.685161232948303223e-01 -2.727043926715850830e-01 -2.478164732456207275e-01 4.429225809872150421e-03 -8.947566896677017212e-02 -2.039893865585327148e-01 -1.994334459304809570e-01 -2.718313932418823242e-01 -1.482473760843276978e-01 -4.257016628980636597e-02 -1.462386846542358398e-01 -2.218087762594223022e-01 2.971147187054157257e-02 1.326519101858139038e-01 -6.697940081357955933e-02 1.113424748182296753e-01 -5.019171535968780518e-02 -3.009167127311229706e-02 7.703840732574462891e-02 -4.541251063346862793e-02 1.476301848888397217e-01 5.575303360819816589e-02 1.024696528911590576e-01 -1.813021153211593628e-01 -1.534002274274826050e-01 -7.416666951030492783e-03 1.674667187035083771e-02 -4.475321248173713684e-02 1.442777067422866821e-01 1.802422702312469482e-01 -8.547461032867431641e-02 1.441403627395629883e-01 -1.400537639856338501e-01 -1.458346545696258545e-01 5.638772249221801758e-02 -7.331193238496780396e-02
2.644999623298645020e-01 2.648124992847442627e-01 2.168235778808593750e-01 1.714969635009765625e+00 8.168438076972961426e-01 1.468853831291198730e+00 3.646789118647575378e-03 -2.188192866742610931e-02 5.602239817380905151e-02 7.134246230125427246e-01 1.346445679664611816e+00 5.135332047939300537e-02 -1.647550910711288452e-01 -1.255755722522735596e-01 -1.361983120441436768e-01 -4.077736288309097290e-02 -1.181901842355728149e-01 2.514143660664558411e-02 6.816444545984268188e-02 -1.350363492965698242e-01 -1.453579068183898926e-01 -1.104991883039474487e-01 -4.166835173964500427e-02 -9.315150231122970581e-02 4.300037864595651627e-03 3.531762585043907166e-02 -3.545935750007629395e-01 1.838245242834091187e-01 -9.547998011112213135e-02 -3.807601705193519592e-02 -1.790834814310073853e-01 -1.293011903762817383e-01 -1.206098049879074097e-01 -9.944331645965576172e-02 2.379834204912185669e-01 1.791492998600006104e-01 1.147914603352546692e-01 -2.194905728101730347e-01 -2.516722977161407471e-01 -1.370126605033874512e-01 -2.372558563947677612e-01 -1.409831047058105469e-01 -9.308715909719467163e-02 -1.768086291849613190e-02 -5.444933474063873291e-02 2.017139829695224762e-02 2.433899790048599243e-02 1.964111030101776123e-01 -2.004867196083068848e-01 -6.999104470014572144e-02 1.112451683729887009e-02 -2.184233963489532471e-01 -1.278706043958663940e-01 -1.863290816545486450e-01 -3.208502382040023804e-02 -2.305773645639419556e-01 -4.321335349231958389e-03 -2.023135423660278320e-01 2.822520025074481964e-02 -2.405077219009399414e-01 -2.135149836540222168e-01 6.712264418601989746e-01 1.696432113647460938e+00 -2.436419129371643066e-01 -1.212422102689743042e-01 -7.046077400445938110e-02 -2.151990681886672974e-01 -1.477924585342407227e-01 -1.264850646257400513e-01 -1.020016670227050781e-01 3.468906879425048828e-01 4.754260480403900146e-01 3.473857939243316650e-01 1.326081901788711548e-02 -4.885526373982429504e-02 8.587247878313064575e-02 -2.935058176517486572e-01 -2.918281853199005127e-01 -2.951556444168090820e-01 -1.946184486150741577e-01 -2.303574085235595703e-01 -2.288094609975814819e-01 -3.194522261619567871e-01 -2.177729159593582153e-01 -3.983497619628906250e-01 -2.963059842586517334e-01 -2.968059778213500977e-01 -1.915500164031982422e-01 -2.956922352313995361e-01 -1.892928481101989746e-01 -7.619759440422058105e-02 -2.361999899148941040e-01 -2.450945526361465454e-01 -2.330211848020553589e-01 -3.024062514305114746e-01 -2.455871552228927612e-01 -1.815151125192642212e-01 -2.464518696069717407e-01 -3.043473064899444580e-01 1.161011695861816406e+00 1.316433906555175781e+00 4.602380096912384033e-01 1.306370258331298828e+00 -2.042824774980545044e-01 -4.260193090885877609e-03 -6.740058213472366333e-02 -9.230201691389083862e-02 1.393881291151046753e-01 1.863337606191635132e-01 1.732581704854965210e-01 -2.158782035112380981e-01 -2.182179391384124756e-01 -4.465839639306068420e-02 -3.584830090403556824e-02 1.015107892453670502e-02 2.100624293088912964e-01 3.209675252437591553e-01 7.989456504583358765e-02 -5.783345550298690796e-03 -1.669316887855529785e-01 -1.693748980760574341e-01 -1.647427976131439209e-01 7.467351108789443970e-02
3.837269544601440430e-02 3.901361674070358276e-02 2.813656255602836609e-02 8.168438076972961426e-01 1.097554445266723633e+00 9.494299888610839844e-01 -3.830682858824729919e-02 1.745539158582687378e-01 3.840072154998779297e-01 1.910521537065505981e-01 8.699241280555725098e-01 6.630437914282083511e-03 -2.333825267851352692e-02 1.970042474567890167e-02 -7.013633847236633301e-02 -7.078997045755386353e-02 -7.032144814729690552e-02 -4.033008590340614319e-02 1.714330865070223808e-03 -6.752724945545196533e-02 -1.280285865068435669e-01 -3.215170651674270630e-02 -5.342571064829826355e-02 7.250659167766571045e-02 1.965743675827980042e-02 -1.523695979267358780e-02 -4.929117113351821899e-02 -3.062605671584606171e-02 -9.323509037494659424e-02 -5.498388782143592834e-02 -4.595548287034034729e-02 -5.742809921503067017e-02 -6.223950162529945374e-02 -9.691445529460906982e-02 -7.491632550954818726e-02 -1.080616116523742676e-01 -4.185892269015312195e-02 -7.739017158746719360e-02 -1.551970243453979492e-01 -2.982362173497676849e-02 -1.621538102626800537e-01 -1.271796524524688721e-01 -6.895395368337631226e-02 -4.764625057578086853e-02 -6.692405790090560913e-02 -7.189184427261352539e-02 -2.545053139328956604e-02 4.886874556541442871e-02 -8.582788705825805664e-02 -4.917888715863227844e-02 3.072883561253547668e-02 -1.683649420738220215e-01 -2.494129538536071777e-02 -1.182627901434898376e-01 -6.860598176717758179e-02 -1.679454743862152100e-01 -3.960489481687545776e-02 -8.803207427263259888e-02 -3.993294015526771545e-02 -4.064013436436653137e-02 -1.255247145891189575e-01 4.853492081165313721e-01 8.165996074676513672e-01 -5.561225581914186478e-03 -4.653327167034149170e-02 -5.578008666634559631e-02 -1.311389505863189697e-01 -6.921177357435226440e-02 -4.835474863648414612e-02 -1.077862381935119629e-01 1.417591981589794159e-02 5.207296460866928101e-02 1.590018719434738159e-02 -4.162746295332908630e-02 -5.949678644537925720e-02 -1.965788938105106354e-02 -1.724838018417358398e-01 -1.726522743701934814e-01 -1.624243259429931641e-01 -4.758733883500099182e-02 -1.371079981327056885e-01 -7.932991534471511841e-02 -2.144507914781570435e-01 -1.118994727730751038e-01 -2.758899033069610596e-01 -1.625878363847732544e-01 -1.640183627605438232e-01 -4.584506526589393616e-02 -1.623411774635314941e-01 -5.583378300070762634e-02 -9.107310324907302856e-02 9.614497423171997070e-02 -1.108956523239612579e-02 -1.325723994523286819e-02 -1.730671674013137817e-01 -1.352597773075103760e-01 -4.239342361688613892e-02 -1.361289024353027344e-01 -6.661963462829589844e-02 7.261382341384887695e-01 7.950773239135742188e-01 2.627285122871398926e-01 8.064141869544982910e-01 -1.186618953943252563e-01 -7.923618704080581665e-02 -5.861243978142738342e-02 -8.226723968982696533e-02 1.269205752760171890e-02 4.438822343945503235e-02 7.054179161787033081e-02 -1.482748389244079590e-01 -3.025167249143123627e-02 -1.055088564753532410e-01 -8.924221247434616089e-02 -5.559189617633819580e-02 1.818822138011455536e-02 1.178250834345817566e-01 5.472790915518999100e-03 -3.847146034240722656e-02 -1.374757587909698486e-01 -6.883763521909713745e-02 -5.304839462041854858e-02 7.165955752134323120e-02
1.973270773887634277e-01 1.988733410835266113e-01 1.478847861289978027e-01 1.468853831291198730e+00 9.494299888610839844e-01 1.743590831756591797e+00 1.177398860454559326e-01 1.045418065041303635e-02 9.274935722351074219e-02 6.345884203910827637e-01 1.540953874588012695e+00 2.298023551702499390e-01 -1.529858261346817017e-01 -1.571904569864273071e-01 -7.232649624347686768e-02 -3.501798585057258606e-02 -6.904102116823196411e-02 6.376799196004867554e-03 9.384202212095260620e-02 -1.426217406988143921e-01 -1.274881809949874878e-01 -3.851405158638954163e-02 3.306112065911293030e-02 -5.052514374256134033e-02 1.983024738729000092e-02 4.883093386888504028e-02 -3.446980416774749756e-01 1.074042171239852905e-01 -1.385883986949920654e-01 -9.369565546512603760e-02 -1.622863858938217163e-01 -1.422437131404876709e-01 -1.267284750938415527e-01 -8.647859096527099609e-02 5.923407524824142456e-02 4.603041335940361023e-02 1.272894740104675293e-01 -2.008793205022811890e-01 -2.305225878953933716e-01 -9.637994319200515747e-02 -2.109298259019851685e-01 -1.454295516014099121e-01 -6.981062144041061401e-02 -4.968991503119468689e-03 -2.716296724975109100e-02 -3.062488697469234467e-02 1.063683554530143738e-01 1.384867727756500244e-01 -1.576876342296600342e-01 -7.962170988321304321e-02 9.356896579265594482e-02 -1.944499909877777100e-01 -1.340203136205673218e-01 -1.317313760519027710e-01 -3.444120287895202637e-02 -1.653707623481750488e-01 -2.268144488334655762e-02 -1.845323741436004639e-01 1.071814214810729027e-03 -2.137365043163299561e-01 -2.375304847955703735e-01 7.429744005203247070e-01 1.471058964729309082e+00 -2.321645021438598633e-01 -1.039860770106315613e-01 -8.232099562883377075e-02 -1.966220140457153320e-01 -1.295326352119445801e-01 -1.143013164401054382e-01 -1.509972810745239258e-01 2.728997766971588135e-01 4.082571268081665039e-01 2.738744914531707764e-01 -2.960339421406388283e-03 -7.283524423837661743e-02 7.722346484661102295e-02 -3.201423287391662598e-01 -3.181852698326110840e-01 -3.220003545284271240e-01 -2.400699555873870850e-01 -2.518718540668487549e-01 -2.748680710792541504e-01 -3.228015601634979248e-01 -2.408704459667205811e-01 -4.026684761047363281e-01 -3.232299685478210449e-01 -3.212210834026336670e-01 -2.385068982839584351e-01 -3.222063779830932617e-01 -2.351038157939910889e-01 -3.766430169343948364e-02 -2.279808968305587769e-01 -2.383478432893753052e-01 -2.215616554021835327e-01 -2.667514681816101074e-01 -2.436461448669433594e-01 -1.749950945377349854e-01 -2.445565611124038696e-01 -3.337701857089996338e-01 1.196993231773376465e+00 1.333739042282104492e+00 4.827961027622222900e-01 1.334950089454650879e+00 -1.851942986249923706e-01 -3.111573122441768646e-02 -6.363490223884582520e-02 -1.180034652352333069e-01 1.342621147632598877e-01 1.754501014947891235e-01 1.810278594493865967e-01 -2.243308126926422119e-01 -2.174695134162902832e-01 -5.540051311254501343e-02 -7.317211478948593140e-02 -1.802992448210716248e-02 1.820423603057861328e-01 3.027197122573852539e-01 9.775345772504806519e-02 8.735412266105413437e-04 -1.615128815174102783e-01 -1.292063742876052856e-01 -1.297336816787719727e-01 7.153314352035522461e-02
2.413591295480728149e-01 2.430614382028579712e-01 1.507362127304077148e-01 3.646789118647575378e-03 -3.830682858824729919e-02 1.177398860454559326e-01 1.930604934692382812e+00 1.901223883032798767e-02 -7.538963109254837036e-04 8.604704141616821289e-01 2.251002192497253418e-01 1.749196767807006836e+00 -5.159393697977066040e-02 -9.991087764501571655e-02 2.682008966803550720e-02 -3.065930493175983429e-02 -3.260077536106109619e-02 -1.670243404805660248e-02 1.632924228906631470e-01 -1.188346743583679199e-01 -1.664679199457168579e-01 -3.380922600626945496e-03 -1.624179631471633911e-01 -6.948744505643844604e-02 -4.613582417368888855e-02 -7.578058168292045593e-03 -2.210803478956222534e-01 3.473520576953887939e-01 -1.926366388797760010e-01 8.323317021131515503e-02 -2.561388313770294189e-01 3.458613064140081406e-03 -1.806789338588714600e-01 5.717022716999053955e-02 5.434355735778808594e-01 8.504507541656494141e-01 6.890395283699035645e-01 -1.159161627292633057e-01 -2.309738993644714355e-01 -1.510315835475921631e-01 -1.485614627599716187e-01 -1.486472189426422119e-01 -1.765085011720657349e-01 -9.743921458721160889e-02 -6.756658852100372314e-02 -1.558200418949127197e-01 3.072053194046020508e-01 -2.756953937932848930e-03 -1.768801212310791016e-01 -9.679397940635681152e-02 1.198348999023437500e-01 -1.370258480310440063e-01 7.108594477176666260e-02 -1.107181236147880554e-01 -1.125118583440780640e-01 -2.355138808488845825e-01 5.079213976860046387e-01 -1.499925851821899414e-01 -6.342393904924392700e-02 -1.462265253067016602e-01 -2.041257172822952271e-01 2.188344150781631470e-01 4.883372224867343903e-03 -2.449090629816055298e-01 2.759031020104885101e-02 -4.625919833779335022e-02 -1.240513771772384644e-01 -6.005776301026344299e-02 -4.196501523256301880e-02 -3.251698613166809082e-02 3.938371837139129639e-01 4.636860638856887817e-02 3.950885534286499023e-01 2.349959611892700195e-01 6.106140613555908203e-01 2.725807428359985352e-01 -3.167180716991424561e-01 -3.165033757686614990e-01 -3.399619460105895996e-01 -3.405214548110961914e-01 -2.234462648630142212e-01 -3.491367697715759277e-01 -3.219634294509887695e-01 -3.027919232845306396e-01 -3.395559489727020264e-01 -3.404285311698913574e-01 -3.404757380485534668e-01 -3.390221297740936279e-01 -3.414700329303741455e-01 -3.160436153411865234e-01 1.846062839031219482e-01 -2.500539422035217285e-01 -2.413069903850555420e-01 -2.608871459960937500e-01 -2.538556754589080811e-01 -2.544798851013183594e-01 -2.584945857524871826e-01 -2.562381923198699951e-01 -2.406357079744338989e-01 6.229839101433753967e-02 6.836287677288055420e-02 2.805255912244319916e-02 9.618789702653884888e-02 -2.012191116809844971e-01 -1.265658624470233917e-02 -1.717917025089263916e-01 -1.623284965753555298e-01 -6.010547652840614319e-02 1.827794872224330902e-02 -9.612219035625457764e-02 -1.882864534854888916e-01 -1.854103803634643555e-01 2.557684183120727539e-01 2.120544165372848511e-01 -1.310278009623289108e-02 2.618630416691303253e-02 9.520468860864639282e-02 6.562694162130355835e-02 3.845619857311248779e-01 -2.423425763845443726e-02 5.909353494644165039e-02 -6.803175806999206543e-02 -2.303845621645450592e-02
1.361734271049499512e-01 1.363230347633361816e-01 2.402145862579345703e-01 -2.188192866742610931e-02 1.745539158582687378e-01 1.045418065041303635e-02 1.901223883032798767e-02 8.999148607254028320e-01 6.181135177612304688e-01 2.092178328894078732e-04 2.490060217678546906e-02 -1.538089942187070847e-02 1.481988746672868729e-02 -4.308193922042846680e-02 1.136546209454536438e-02 -1.592710614204406738e-02 -4.358247295022010803e-02 -2.100293524563312531e-02 -5.042394995689392090e-02 1.222435571253299713e-02 -5.601789057254791260e-02 -2.650665119290351868e-02 -7.675196975469589233e-02 2.273754216730594635e-02 -7.872357964515686035e-03 -6.020200997591018677e-02 -4.394601564854383469e-03 -4.489513114094734192e-03 -7.174652069807052612e-02 -3.013836406171321869e-02 9.168990701436996460e-02 -2.461159788072109222e-02 -5.132976546883583069e-02 -5.725858733057975769e-02 -3.851971775293350220e-02 2.093161689117550850e-03 -1.101839914917945862e-01 -5.506209656596183777e-02 -9.695349633693695068e-02 -1.793966628611087799e-02 -6.630828231573104858e-02 -2.848077192902565002e-02 -2.101209200918674469e-02 -3.219034150242805481e-02 -5.615939199924468994e-02 -4.399705678224563599e-02 1.845386624336242676e-02 -2.653739601373672485e-02 -3.057411499321460724e-02 6.171488203108310699e-03 8.205910772085189819e-02 -1.517096441239118576e-02 -2.753794752061367035e-02 -5.781053751707077026e-02 -4.235368594527244568e-02 -6.130009517073631287e-02 -2.317783609032630920e-02 -2.175613492727279663e-02 -1.458533387631177902e-02 -1.700205611996352673e-03 2.011126838624477386e-02 2.054256573319435120e-02 -2.632456086575984955e-02 7.416452467441558838e-02 -7.246986962854862213e-03 -2.793262340128421783e-02 -4.335413873195648193e-02 2.635224908590316772e-02 1.458449405618011951e-03 -6.807399541139602661e-02 1.467771595343947411e-03 -2.866505179554224014e-03 1.140557345934212208e-03 4.094876646995544434e-01 3.605958521366119385e-01 3.260003328323364258e-01 -1.477650701999664307e-01 -1.456061303615570068e-01 -1.745117455720901489e-01 -1.633508354425430298e-01 -1.347109675407409668e-01 -1.490469574928283691e-01 -2.032164633274078369e-01 -1.663137227296829224e-01 -1.890234798192977905e-01 -1.733508110046386719e-01 -1.731718629598617554e-01 -1.635427772998809814e-01 -1.759819090366363525e-01 -1.353861242532730103e-01 2.953870454803109169e-03 9.957782924175262451e-02 7.612712681293487549e-02 7.467809319496154785e-02 -6.244546547532081604e-02 2.073709107935428619e-02 8.062908053398132324e-02 2.293952181935310364e-02 -1.911170594394207001e-02 3.251382708549499512e-02 2.430731616914272308e-02 -1.613809540867805481e-02 4.034939035773277283e-02 -6.676162593066692352e-03 -7.244066148996353149e-02 -5.847422406077384949e-03 -3.805500268936157227e-02 -9.147128090262413025e-03 -6.811288744211196899e-02 -4.288565833121538162e-03 -6.575255841016769409e-02 6.146652996540069580e-02 -5.952652916312217712e-02 -5.249588564038276672e-02 -8.583229780197143555e-02 -7.920859754085540771e-02 -3.155863657593727112e-02 -4.722591117024421692e-02 1.392157003283500671e-02 -4.705715179443359375e-02 1.671038195490837097e-02 8.649844676256179810e-02 1.697408297332003713e-04
4.146882519125938416e-02 4.225378856062889099e-02 9.807342290878295898e-02 5.602239817380905151e-02 3.840072154998779297e-01 9.274935722351074219e-02 -7.538963109254837036e-04 6.181135177612304688e-01 9.563625454902648926e-01 8.079431205987930298e-02 1.060656383633613586e-01 -2.954393066465854645e-02 9.133607149124145508e-02 2.950429357588291168e-02 3.545190766453742981e-02 -4.865140095353126526e-02 -3.338081389665603638e-02 -1.071684435009956360e-02 -9.125560522079467773e-03 2.810670807957649231e-02 -3.869594261050224304e-02 -5.191482137888669968e-03 -1.031376868486404419e-01 7.434848695993423462e-02 -2.002899162471294403e-02 -5.681611597537994385e-02 4.615259915590286255e-02 5.353068001568317413e-03 -9.836278855800628662e-02 -3.215372934937477112e-02 5.116468667984008789e-02 -7.415314763784408569e-02 -7.897775620222091675e-02 -6.795507669448852539e-02 -5.304586142301559448e-02 -2.220719121396541595e-02 -1.261686980724334717e-01 -6.760355085134506226e-02 -1.094662696123123169e-01 -4.429208114743232727e-02 -9.498131275177001953e-02 -2.369207888841629028e-02 -3.340715542435646057e-02 -5.159974470734596252e-02 -9.387352317571640015e-02 -5.385243892669677734e-02 3.199286758899688721e-02 -6.641808897256851196e-02 -3.746710345149040222e-02 9.366827085614204407e-03 1.095129251480102539e-01 -5.868885293602943420e-02 2.441304270178079605e-03 -7.535469532012939453e-02 -3.029462508857250214e-02 -9.550744295120239258e-02 -3.398140147328376770e-02 -3.874025493860244751e-02 -6.934317201375961304e-02 1.287475507706403732e-02 -2.179634198546409607e-02 8.829906582832336426e-02 5.554499104619026184e-02 9.017424285411834717e-02 8.253832347691059113e-03 -1.342037040740251541e-02 -4.970446601510047913e-02 3.165905922651290894e-02 2.299900911748409271e-02 -5.357985571026802063e-02 -1.195839140564203262e-02 -5.026770010590553284e-02 -1.338941883295774460e-02 2.305223047733306885e-01 2.171937674283981323e-01 1.682091504335403442e-01 -1.473995745182037354e-01 -1.481066793203353882e-01 -1.609667986631393433e-01 -1.365331858396530151e-01 -1.260087639093399048e-01 -1.354499906301498413e-01 -1.924097388982772827e-01 -1.524271965026855469e-01 -1.889762282371520996e-01 -1.615612506866455078e-01 -1.621305793523788452e-01 -1.372440010309219360e-01 -1.621586531400680542e-01 -1.226192638278007507e-01 1.627574488520622253e-02 1.540142744779586792e-01 8.841393142938613892e-02 8.392560482025146484e-02 -7.221563160419464111e-02 1.282197143882513046e-02 7.143446803092956543e-02 1.338798180222511292e-02 2.981134690344333649e-02 1.373050957918167114e-01 1.247601807117462158e-01 5.370775610208511353e-02 1.417554020881652832e-01 -1.447393372654914856e-02 -7.412240654230117798e-02 -2.036471292376518250e-02 -3.323742002248764038e-02 -1.346033811569213867e-02 -5.345102399587631226e-02 -7.545587141066789627e-03 -6.719961017370223999e-02 6.408713012933731079e-02 -6.390979886054992676e-02 -6.511917710304260254e-02 -9.134916961193084717e-02 -6.898558139801025391e-02 -1.542260870337486267e-02 -1.778260618448257446e-02 5.142600741237401962e-03 -3.342294692993164062e-02 2.275002747774124146e-02 6.416511535644531250e-02 2.513950876891613007e-02
2.746972441673278809e-01 2.750532329082489014e-01 2.018764764070510864e-01 7.134246230125427246e-01 1.910521537065505981e-01 6.345884203910827637e-01 8.604704141616821289e-01 2.092178328894078732e-04 8.079431205987930298e-02 1.273312091827392578e+00 5.736117362976074219e-01 8.694546818733215332e-01 -7.325947284698486328e-02 -1.040406674146652222e-01 -5.610406771302223206e-02 -4.457727447152137756e-02 -3.343338519334793091e-02 7.137085497379302979e-02 1.459147930145263672e-01 -8.267499506473541260e-02 -1.245531812310218811e-01 -6.083396077156066895e-02 -1.285614967346191406e-01 -9.507278352975845337e-02 -4.613729193806648254e-02 -2.749376744031906128e-02 -2.547869384288787842e-01 3.232829868793487549e-01 -1.374319046735763550e-01 3.896241635084152222e-02 -1.474433392286300659e-01 -1.414067894220352173e-01 -1.759610772132873535e-01 -3.548986837267875671e-02 4.042449593544006348e-01 6.135869026184082031e-01 3.362236618995666504e-01 -2.191895097494125366e-01 -2.191396951675415039e-01 -1.420007348060607910e-01 -2.247684150934219360e-01 -1.054976135492324829e-01 -1.192293837666511536e-01 -3.441306203603744507e-02 -7.467376440763473511e-02 -5.554077774286270142e-02 2.086267918348312378e-01 5.753814429044723511e-02 -1.926287412643432617e-01 -9.074534475803375244e-02 5.457674339413642883e-02 -1.790294349193572998e-01 -3.049567900598049164e-02 -1.666307598352432251e-01 -1.127218175679445267e-02 -2.395774573087692261e-01 3.010584115982055664e-01 -1.518356502056121826e-01 -5.541854724287986755e-02 -1.757676899433135986e-01 -2.199320793151855469e-01 2.596392333507537842e-01 7.127432823181152344e-01 -2.247779220342636108e-01 -6.471726298332214355e-02 -6.137118488550186157e-02 -1.472879052162170410e-01 -5.313791707158088684e-02 -3.953585401177406311e-02 2.225566655397415161e-02 4.013696312904357910e-01 2.888240516185760498e-01 4.024541079998016357e-01 1.378989070653915405e-01 3.189482986927032471e-01 1.987717002630233765e-01 -3.314352035522460938e-01 -3.276462852954864502e-01 -3.463883101940155029e-01 -3.324048817157745361e-01 -2.550617754459381104e-01 -3.359158039093017578e-01 -3.519377112388610840e-01 -3.139807879924774170e-01 -3.694037795066833496e-01 -3.499566912651062012e-01 -3.486636281013488770e-01 -3.261452913284301758e-01 -3.481233716011047363e-01 -3.094609975814819336e-01 4.987305146642029285e-04 -2.146894782781600952e-01 -2.248348891735076904e-01 -2.288197726011276245e-01 -2.273278087377548218e-01 -1.509195566177368164e-01 -1.592302769422531128e-01 -1.523106396198272705e-01 -2.169864028692245483e-01 5.117899179458618164e-01 5.709968805313110352e-01 2.322201728820800781e-01 5.781195163726806641e-01 -1.806466132402420044e-01 1.962800137698650360e-02 -1.130373179912567139e-01 -7.791674882173538208e-02 5.129711702466011047e-02 1.145732998847961426e-01 3.751849010586738586e-02 -1.777565777301788330e-01 -1.956897974014282227e-01 1.351483613252639771e-01 1.025784239172935486e-01 2.628380432724952698e-03 1.442226469516754150e-01 2.157327979803085327e-01 9.884661436080932617e-02 2.123472988605499268e-01 -7.358062267303466797e-02 -5.174055323004722595e-02 -1.092381030321121216e-01 2.629012428224086761e-02
1.589614897966384888e-01 1.595442593097686768e-01 1.101188361644744873e-01 1.346445679664611816e+00 8.699241280555725098e-01 1.540953874588012695e+00 2.251002192497253418e-01 2.490060217678546906e-02 1.060656383633613586e-01 5.736117362976074219e-01 1.557849645614624023e+00 2.508221268653869629e-01 -1.416690945625305176e-01 -1.549223810434341431e-01 -4.142247140407562256e-02 -2.847751975059509277e-02 -8.939791470766067505e-02 2.072413772111758590e-04 7.919238507747650146e-02 -1.329788267612457275e-01 -1.225918680429458618e-01 1.671316334977746010e-03 1.261526532471179962e-02 -3.854657709598541260e-02 2.832936495542526245e-02 8.180666714906692505e-02 -3.407515585422515869e-01 1.198693364858627319e-01 -1.404407769441604614e-01 -8.437127619981765747e-02 -1.560013294219970703e-01 -1.123019084334373474e-01 -1.232237666845321655e-01 -6.307765841484069824e-02 7.886856794357299805e-02 5.498931184411048889e-02 1.282986998558044434e-01 -1.870113015174865723e-01 -2.199912965297698975e-01 -7.873917371034622192e-02 -1.849474310874938965e-01 -1.239115595817565918e-01 -8.415449410676956177e-02 -9.380792267620563507e-03 -2.511249855160713196e-02 -3.300331160426139832e-02 1.445232033729553223e-01 1.350089907646179199e-01 -1.557122468948364258e-01 -7.227431982755661011e-02 1.278718709945678711e-01 -1.704744100570678711e-01 -1.247909963130950928e-01 -1.444925814867019653e-01 -3.484688699245452881e-02 -1.547401100397109985e-01 -2.228660136461257935e-02 -1.756280362606048584e-01 -1.551841478794813156e-02 -2.114790380001068115e-01 -2.374739050865173340e-01 8.294458985328674316e-01 1.348960757255554199e+00 -2.260868847370147705e-01 -9.035489708185195923e-02 -7.791181653738021851e-02 -1.893550306558609009e-01 -1.275613456964492798e-01 -1.128195375204086304e-01 -1.591589003801345825e-01 3.013249635696411133e-01 3.690998852252960205e-01 3.044441640377044678e-01 -2.078868262469768524e-02 -1.798578165471553802e-02 6.797502934932708740e-02 -3.274973630905151367e-01 -3.255737125873565674e-01 -3.298981487751007080e-01 -2.395676821470260620e-01 -2.500175535678863525e-01 -2.739160656929016113e-01 -3.347412943840026855e-01 -2.452566176652908325e-01 -4.195197224617004395e-01 -3.306134343147277832e-01 -3.289978206157684326e-01 -2.388816624879837036e-01 -3.276640176773071289e-01 -2.322934716939926147e-01 -3.072508797049522400e-02 -2.025629580020904541e-01 -2.312142252922058105e-01 -2.146032601594924927e-01 -2.567277252674102783e-01 -2.461171448230743408e-01 -1.773320585489273071e-01 -2.466786205768585205e-01 -3.200180828571319580e-01 1.124094486236572266e+00 1.248142719268798828e+00 4.526126682758331299e-01 1.254568457603454590e+00 -1.884434819221496582e-01 -3.096396848559379578e-02 -7.658800482749938965e-02 -1.193819642066955566e-01 1.171028017997741699e-01 1.669313311576843262e-01 1.631753444671630859e-01 -2.143373489379882812e-01 -1.998553872108459473e-01 -4.131308570504188538e-02 -6.508291512727737427e-02 -1.876945793628692627e-02 1.654425263404846191e-01 2.840170860290527344e-01 9.711345285177230835e-02 1.658405177295207977e-02 -1.513258963823318481e-01 -1.095349714159965515e-01 -1.273905187845230103e-01 7.020834088325500488e-02
3.078792393207550049e-01 3.092532157897949219e-01 2.166677564382553101e-01 5.135332047939300537e-02 6.630437914282083511e-03 2.298023551702499390e-01 1.749196767807006836e+00 -1.538089942187070847e-02 -2.954393066465854645e-02 8.694546818733215332e-01 2.508221268653869629e-01 1.753568887710571289e+00 -7.324376702308654785e-02 -1.098364368081092834e-01 5.533321527764201164e-04 -2.956423163414001465e-02 -3.012940287590026855e-02 -5.815790034830570221e-03 1.752744913101196289e-01 -1.306547671556472778e-01 -1.922435313463211060e-01 -3.099292702972888947e-02 -1.268597394227981567e-01 -8.117827773094177246e-02 -5.032502114772796631e-02 -8.108511567115783691e-03 -2.356579154729843140e-01 3.639909029006958008e-01 -1.786148846149444580e-01 9.183101356029510498e-02 -2.713249623775482178e-01 -1.147782895714044571e-02 -1.833146512508392334e-01 4.421702772378921509e-02 5.529512166976928711e-01 8.692526221275329590e-01 6.965855956077575684e-01 -1.488446742296218872e-01 -2.507511377334594727e-01 -1.575256437063217163e-01 -1.965981423854827881e-01 -1.446576118469238281e-01 -1.831033080816268921e-01 -8.154175430536270142e-02 -6.192083656787872314e-02 -1.464000940322875977e-01 2.906943857669830322e-01 1.717660925351083279e-03 -1.864322721958160400e-01 -1.186495125293731689e-01 1.112495958805084229e-01 -1.790876537561416626e-01 5.864220485091209412e-02 -1.012564823031425476e-01 -9.297766536474227905e-02 -2.384633421897888184e-01 5.158727765083312988e-01 -1.523984819650650024e-01 -3.843234106898307800e-02 -1.684286743402481079e-01 -2.019463777542114258e-01 1.871834099292755127e-01 5.215759575366973877e-02 -2.561145722866058350e-01 3.146369010210037231e-03 -6.536968797445297241e-02 -1.319657862186431885e-01 -7.339265942573547363e-02 -4.945415258407592773e-02 -2.384919673204421997e-02 4.190953671932220459e-01 1.098012775182723999e-01 4.193807840347290039e-01 2.502208352088928223e-01 5.801897048950195312e-01 3.096435964107513428e-01 -3.279528319835662842e-01 -3.263336122035980225e-01 -3.484169840812683105e-01 -3.418229818344116211e-01 -2.284425795078277588e-01 -3.467218577861785889e-01 -3.397912085056304932e-01 -3.117139339447021484e-01 -3.565115332603454590e-01 -3.460018336772918701e-01 -3.517949283123016357e-01 -3.389331698417663574e-01 -3.487672209739685059e-01 -3.155795335769653320e-01 2.027506083250045776e-01 -2.573105990886688232e-01 -2.542799115180969238e-01 -2.712065577507019043e-01 -2.516802549362182617e-01 -2.458706647157669067e-01 -2.457279860973358154e-01 -2.472170144319534302e-01 -2.433443218469619751e-01 9.619011729955673218e-02 1.166056320071220398e-01 4.333709552884101868e-02 1.385727673768997192e-01 -1.976010799407958984e-01 5.382485687732696533e-04 -1.585253924131393433e-01 -1.496347188949584961e-01 -3.417855128645896912e-02 3.508642315864562988e-02 -7.338995486497879028e-02 -2.041967958211898804e-01 -1.995458453893661499e-01 2.550847232341766357e-01 2.133422344923019409e-01 -1.423154026269912720e-03 5.237074941396713257e-02 1.210817024111747742e-01 7.230616360902786255e-02 3.760193884372711182e-01 -2.973293513059616089e-02 3.870002180337905884e-02 -7.283733040094375610e-02 -1.986438967287540436e-02
