2.048826217651367188e+00 2.023204088211059570e+00 1.026006102561950684e+00 -2.943940833210945129e-02 -1.404830068349838257e-01 -1.392667144536972046e-01 -2.646203339099884033e-01 2.470074407756328583e-02 -2.639765664935112000e-02 -2.653426527976989746e-01 -1.382955312728881836e-01 -2.644776403903961182e-01 -8.573415689170360565e-03 -4.100452736020088196e-02 -1.175848022103309631e-01 -1.751175224781036377e-01 1.761176064610481262e-02 -2.791204117238521576e-02 3.802926512435078621e-03 2.062413282692432404e-02 -1.286540180444717407e-01 8.554107509553432465e-03 1.346965283155441284e-01 -9.211437404155731201e-02 -4.475821927189826965e-02 -3.909738734364509583e-02 -1.310596317052841187e-01 -7.523638755083084106e-02 2.071464210748672485e-01 1.274340134114027023e-02 -3.846270963549613953e-02 -8.615248650312423706e-02 -2.318817749619483948e-02 -1.126397866755723953e-02 -9.422173351049423218e-02 7.156955450773239136e-02 -1.399147063493728638e-01 -1.234203055500984192e-01 -1.986957900226116180e-02 7.730691879987716675e-02 -8.384876698255538940e-02 6.048916652798652649e-02 -7.256213575601577759e-02 1.300532966852188110e-01 2.798556089401245117e-01 4.623199254274368286e-02 -2.226287685334682465e-02 6.109398324042558670e-03 -5.632302910089492798e-02 7.826525717973709106e-02 -5.418027937412261963e-02 -8.883228898048400879e-02 -1.348857283592224121e-01 -1.356793195009231567e-01 -1.080202162265777588e-01 1.232153177261352539e-01 9.133949130773544312e-02 -9.432559460401535034e-02 -1.154557839035987854e-01 1.143820676952600479e-02 -7.240575551986694336e-02 -1.340187638998031616e-01 -1.937505453824996948e-01 7.560995966196060181e-02 -5.015079304575920105e-02 1.869764178991317749e-02 -4.587442055344581604e-02 1.406496972776949406e-03 3.199031949043273926e-02 -1.366691887378692627e-01 -6.447027623653411865e-02 1.617010533809661865e-01 -6.126483529806137085e-02 4.232768341898918152e-02 -1.247273683547973633e-01 3.464312106370925903e-02 -1.298283636569976807e-01 -1.262683719396591187e-01 -1.601834446191787720e-01 -1.867829412221908569e-01 -1.763888746500015259e-01 -1.905862540006637573e-01 -1.949637681245803833e-01 -1.261180937290191650e-01 -1.850780546665191650e-01 -1.923553496599197388e-01 -1.611574292182922363e-01 -1.855621635913848877e-01 -1.808268278837203979e-01 -1.236741542816162109e-01 -1.779469102621078491e-01 1.932862848043441772e-01 8.585800975561141968e-02 1.015182733535766602e-01 6.273921579122543335e-02 4.253258157405070961e-05 -1.228554639965295792e-02 7.583297323435544968e-03 -8.644654601812362671e-02 -1.323262751102447510e-01 -1.486567407846450806e-01 -7.176635414361953735e-02 -4.591580852866172791e-02 2.897688150405883789e-01 2.039127051830291748e-01 2.808412313461303711e-01 1.517278999090194702e-01 2.494877874851226807e-01 -1.143854781985282898e-01 2.900786399841308594e-01 -1.274768710136413574e-01 -9.322138875722885132e-02 -6.775965541601181030e-02 -5.437573790550231934e-02 1.924107521772384644e-01 -9.321066737174987793e-02 -5.724437534809112549e-02 -1.929800212383270264e-01 -2.479030936956405640e-02 5.779227707535028458e-03 -4.990941658616065979e-02 -1.075235158205032349e-01 -1.359272301197052002e-01
2.023204088211059570e+00 2.041436672210693359e+00 1.022030234336853027e+00 -3.287487849593162537e-02 -1.407717466354370117e-01 -1.385955214500427246e-01 -2.685538232326507568e-01 2.682575769722461700e-02 -2.605075389146804810e-02 -2.678578197956085205e-01 -1.371835172176361084e-01 -2.670816481113433838e-01 -1.015072688460350037e-02 -4.103322327136993408e-02 -1.170134395360946655e-01 -1.745277792215347290e-01 1.823916099965572357e-02 -2.507716044783592224e-02 2.238797722384333611e-03 2.209159731864929199e-02 -1.263524144887924194e-01 8.695751428604125977e-03 1.367956995964050293e-01 -9.366136044263839722e-02 -4.342782497406005859e-02 -3.969182819128036499e-02 -1.290634870529174805e-01 -7.743176817893981934e-02 2.079837620258331299e-01 1.134240906685590744e-02 -4.015544801950454712e-02 -8.465328812599182129e-02 -2.312800474464893341e-02 -1.342437695711851120e-02 -9.488237649202346802e-02 6.931846588850021362e-02 -1.396346688270568848e-01 -1.215532049536705017e-01 -1.900260336697101593e-02 7.709150016307830811e-02 -8.123329281806945801e-02 6.173264980316162109e-02 -7.229860126972198486e-02 1.268565058708190918e-01 2.780719995498657227e-01 4.621481895446777344e-02 -2.127593941986560822e-02 8.301509544253349304e-03 -5.660337209701538086e-02 7.739135622978210449e-02 -5.525549501180648804e-02 -8.438380062580108643e-02 -1.348853707313537598e-01 -1.383631974458694458e-01 -1.100873798131942749e-01 1.210280954837799072e-01 8.986287564039230347e-02 -9.341229498386383057e-02 -1.133364364504814148e-01 1.069560367614030838e-02 -7.242712378501892090e-02 -1.351699233055114746e-01 -1.966696083545684814e-01 7.711843401193618774e-02 -5.013285204768180847e-02 2.048088051378726959e-02 -4.463650286197662354e-02 2.521168207749724388e-03 3.254232555627822876e-02 -1.373694241046905518e-01 -6.443486362695693970e-02 1.580257862806320190e-01 -6.304091215133666992e-02 4.144315794110298157e-02 -1.248018443584442139e-01 3.532332181930541992e-02 -1.317139863967895508e-01 -1.276854276657104492e-01 -1.593244671821594238e-01 -1.867092400789260864e-01 -1.760943084955215454e-01 -1.905708611011505127e-01 -1.937645375728607178e-01 -1.247291490435600281e-01 -1.858476102352142334e-01 -1.900846213102340698e-01 -1.623451113700866699e-01 -1.845585256814956665e-01 -1.802835166454315186e-01 -1.250033229589462280e-01 -1.726080775260925293e-01 1.939258724451065063e-01 8.592857420444488525e-02 9.910279512405395508e-02 6.173523887991905212e-02 3.470254596322774887e-03 -1.039491035044193268e-02 7.710159290581941605e-03 -8.444993197917938232e-02 -1.314696967601776123e-01 -1.475986540317535400e-01 -7.072948664426803589e-02 -4.551452025771141052e-02 2.874307334423065186e-01 2.041292488574981689e-01 2.811032831668853760e-01 1.536565274000167847e-01 2.481290400028228760e-01 -1.137801930308341980e-01 2.882294654846191406e-01 -1.257577538490295410e-01 -9.252844005823135376e-02 -6.973361223936080933e-02 -5.376759544014930725e-02 1.919400990009307861e-01 -9.220360964536666870e-02 -5.706680938601493835e-02 -1.926697790622711182e-01 -2.256150729954242706e-02 4.772521555423736572e-03 -5.133542045950889587e-02 -1.076145991683006287e-01 -1.357961744070053101e-01
1.026006102561950684e+00 1.022030234336853027e+00 1.015163302421569824e+00 -5.090929195284843445e-02 -2.078033536672592163e-01 -2.057853639125823975e-01 -2.258425354957580566e-01 2.920546233654022217e-01 1.387075185775756836e-01 -2.194276750087738037e-01 -2.054602354764938354e-01 -2.215775996446609497e-01 -9.655107557773590088e-02 -8.971949666738510132e-02 -1.606889963150024414e-01 -1.515088379383087158e-01 2.664539404213428497e-02 -7.778392732143402100e-02 -4.736490920186042786e-02 -3.545403108000755310e-02 2.580768894404172897e-03 -3.126751258969306946e-02 1.466728001832962036e-01 -1.441541910171508789e-01 -6.213420629501342773e-02 -2.870644629001617432e-02 -1.592462658882141113e-01 2.012908756732940674e-01 1.269166022539138794e-01 1.130091249942779541e-01 4.137845039367675781e-01 -9.165809303522109985e-02 8.146294951438903809e-02 2.692927122116088867e-01 -1.698615700006484985e-01 1.054692566394805908e-01 -7.058487087488174438e-02 -2.323888428509235382e-02 -7.268304377794265747e-02 3.775814175605773926e-02 -1.133726537227630615e-01 7.345640659332275391e-02 4.025433957576751709e-02 8.033054322004318237e-02 2.126132249832153320e-01 -5.813072621822357178e-02 3.692067787051200867e-02 -3.016583435237407684e-02 1.496036071330308914e-02 -3.532699123024940491e-02 -1.088569611310958862e-01 -1.148782819509506226e-01 -5.747449770569801331e-02 -7.209473103284835815e-02 -2.876831218600273132e-02 2.642887085676193237e-02 1.683597862720489502e-01 -6.779488176107406616e-02 -1.139561235904693604e-01 -1.023293510079383850e-01 1.121895015239715576e-01 -2.045343369245529175e-01 -2.234870940446853638e-01 -3.683255985379219055e-02 -1.048578396439552307e-01 -2.557467482984066010e-02 -4.252971708774566650e-02 1.671507582068443298e-02 -2.797528915107250214e-02 -1.383203864097595215e-01 -1.176079884171485901e-01 4.641972482204437256e-02 -1.164118424057960510e-01 9.508157372474670410e-01 3.521887362003326416e-01 9.428387880325317383e-01 -1.851809620857238770e-01 -1.812569350004196167e-01 -1.821175068616867065e-01 -1.889055073261260986e-01 -1.753138899803161621e-01 -2.037194073200225830e-01 -2.061687856912612915e-01 -1.707896888256072998e-01 -2.150929570198059082e-01 -2.024681270122528076e-01 -1.798081696033477783e-01 -1.899984180927276611e-01 -1.919854581356048584e-01 -1.722248345613479614e-01 -1.230483204126358032e-01 -5.442413501441478729e-03 -3.121835179626941681e-02 -2.940664626657962799e-02 -2.618053182959556580e-02 -2.980986237525939941e-02 -7.732244580984115601e-02 -2.690466493368148804e-02 -5.809755623340606689e-02 -2.036527842283248901e-01 -2.045077085494995117e-01 -1.396457403898239136e-01 -8.857161551713943481e-02 1.217319816350936890e-01 2.091143652796745300e-02 1.135513931512832642e-01 -2.457204833626747131e-02 1.852325797080993652e-01 -1.094717085361480713e-01 1.444575637578964233e-01 -1.278045773506164551e-01 -7.074465602636337280e-02 -8.953155949711799622e-03 -1.007973998785018921e-01 7.361354678869247437e-02 -4.169447720050811768e-02 3.018591785803437233e-03 -7.654869556427001953e-02 4.595618844032287598e-01 -6.144969537854194641e-02 -6.220674887299537659e-02 -1.449580639600753784e-01 -1.164184734225273132e-01
-2.943940833210945129e-02 -3.287487849593162537e-02 -5.090929195284843445e-02 1.905748844146728516e+00 2.899199724197387695e-01 2.889505922794342041e-01 9.916330128908157349e-02 4.178068414330482483e-02 5.293117370456457138e-03 1.653751474805176258e-03 2.917437255382537842e-01 9.625292569398880005e-02 -2.841539122164249420e-02 1.387111842632293701e-01 -7.564003020524978638e-02 -7.903958112001419067e-02 -2.821468748152256012e-02 1.076585650444030762e-01 2.812609076499938965e-01 5.787851661443710327e-02 -8.926226198673248291e-02 -3.862288966774940491e-02 7.842408865690231323e-02 -4.600445926189422607e-02 1.762007474899291992e-01 8.340382575988769531e-02 -9.042645990848541260e-02 2.677933871746063232e-01 -2.090978249907493591e-02 7.935946434736251831e-02 -2.344208024442195892e-02 2.867549657821655273e-02 -1.430487334728240967e-01 3.080852702260017395e-02 7.997944019734859467e-03 -1.037889644503593445e-01 2.237541042268276215e-02 -6.731034070253372192e-02 -6.755670532584190369e-03 -1.928467750549316406e-01 -1.682148575782775879e-01 1.873059011995792389e-02 -1.297403872013092041e-01 -3.303411975502967834e-02 -1.921305060386657715e-01 -5.123293772339820862e-02 -8.149509131908416748e-02 -2.313900887966156006e-01 3.209387138485908508e-02 -6.162516400218009949e-02 1.085084583610296249e-02 -1.683630794286727905e-01 -4.299591854214668274e-02 1.623367220163345337e-01 1.337137818336486816e-02 -3.008134476840496063e-02 -1.318511962890625000e-01 5.220285058021545410e-02 3.041840717196464539e-02 -5.934660136699676514e-02 2.999292872846126556e-02 2.908428609371185303e-01 -5.724184960126876831e-02 -9.598770737648010254e-02 -1.387368235737085342e-02 -1.439332030713558197e-02 -7.061871234327554703e-03 9.088608622550964355e-02 6.201959401369094849e-02 1.340288668870925903e-01 -7.714184373617172241e-02 -9.944197535514831543e-02 -7.637569308280944824e-02 -6.491338461637496948e-02 -1.220342740416526794e-01 -6.634746491909027100e-02 -7.108684629201889038e-02 -6.621573865413665771e-02 -9.557916969060897827e-02 -4.662344977259635925e-02 -4.644959792494773865e-02 -7.125394791364669800e-02 -7.495360821485519409e-02 -4.490026831626892090e-02 -9.403695911169052124e-02 -7.267657667398452759e-02 -9.613269567489624023e-02 -5.001689866185188293e-02 -8.959791809320449829e-02 -4.493681341409683228e-02 -1.063905805349349976e-01 -2.458329200744628906e-01 -9.314756095409393311e-02 -1.892466247081756592e-01 1.749591715633869171e-02 -1.214525997638702393e-01 -1.883053928613662720e-01 -1.184399127960205078e-01 -1.224672608077526093e-02 2.800034582614898682e-01 3.144657909870147705e-01 4.636415466666221619e-02 4.166831076145172119e-01 -7.297436147928237915e-02 1.404038369655609131e-01 -8.086078613996505737e-02 9.784030914306640625e-02 -1.454787980765104294e-02 -1.042710542678833008e-01 9.268993139266967773e-02 1.631819009780883789e-01 3.013928420841693878e-02 -8.502131700515747070e-02 -1.075285673141479492e-01 -3.953885659575462341e-02 1.732807904481887817e-01 2.019478231668472290e-01 6.135482341051101685e-02 -6.897452473640441895e-02 -3.623425588011741638e-02 1.261030286550521851e-01 -3.798468783497810364e-02 2.693183124065399170e-01
-1.404830068349838257e-01 -1.407717466354370117e-01 -2.078033536672592163e-01 2.899199724197387695e-01 2.409330606460571289e+00 2.382780790328979492e+00 4.276280477643013000e-02 4.075760543346405029e-01 7.422987222671508789e-01 -5.880833044648170471e-02 2.380935668945312500e+00 3.953132033348083496e-02 -1.382457558065652847e-02 -1.905917674303054810e-01 -1.168585792183876038e-01 -1.457976847887039185e-01 -1.521214693784713745e-01 -1.102852597832679749e-01 -1.691893488168716431e-01 3.673777356743812561e-02 -1.437184661626815796e-01 -1.176741272211074829e-01 -1.323991268873214722e-01 -7.412789016962051392e-02 -7.896035909652709961e-02 -1.955832690000534058e-01 6.894744001328945160e-03 -2.724401354789733887e-01 -2.848253846168518066e-01 -7.407038658857345581e-02 -2.000752985477447510e-01 -6.667538732290267944e-02 -3.441443294286727905e-02 -1.774491667747497559e-01 -2.889546938240528107e-02 -2.568301558494567871e-01 -7.905002683401107788e-02 -2.689423561096191406e-01 -1.806294769048690796e-01 -2.415114492177963257e-01 -2.143012285232543945e-01 -8.320497721433639526e-02 -1.649084687232971191e-01 -1.155663505196571350e-01 -2.790229022502899170e-01 -2.306988686323165894e-01 -1.206121593713760376e-01 -2.136381268501281738e-01 -1.710841953754425049e-01 -2.320359796285629272e-01 -2.092820592224597931e-02 -2.172250300645828247e-01 -2.443650215864181519e-01 -2.334167063236236572e-01 -9.151797741651535034e-02 1.184073090553283691e-01 -2.760219573974609375e-01 -1.946646422147750854e-01 -1.647715717554092407e-01 -2.419769763946533203e-01 -2.715001106262207031e-01 2.380237817764282227e+00 2.033515930175781250e+00 -1.220156922936439514e-01 -1.326294541358947754e-01 -4.445867612957954407e-02 -8.084616810083389282e-02 -2.008549682796001434e-02 -5.361816287040710449e-02 -2.521664276719093323e-02 1.654432713985443115e-01 -1.949052959680557251e-01 1.653726100921630859e-01 -2.708131670951843262e-01 3.561164066195487976e-02 -2.712449729442596436e-01 -2.446621954441070557e-01 -2.386906892061233521e-01 -2.792239189147949219e-01 -2.347996681928634644e-01 -2.656680941581726074e-01 -2.538412213325500488e-01 -2.570362389087677002e-01 -2.181195616722106934e-01 -2.716792821884155273e-01 -2.582058906555175781e-01 -2.777366042137145996e-01 -2.350781559944152832e-01 -2.740014195442199707e-01 -2.187396287918090820e-01 3.809535130858421326e-02 -5.323284864425659180e-02 -1.178001910448074341e-01 -1.530115306377410889e-01 -1.799332052469253540e-01 -1.806156188249588013e-01 -1.715030521154403687e-01 -1.815385967493057251e-01 -1.661487221717834473e-01 2.255379915237426758e+00 1.819348335266113281e+00 1.257422924041748047e+00 1.291757225990295410e+00 -1.706319004297256470e-01 -2.738849520683288574e-01 -9.942032396793365479e-02 -1.961867213249206543e-01 3.092575073242187500e-02 -4.698528349399566650e-02 3.263647854328155518e-02 5.700333714485168457e-01 -1.773149967193603516e-01 -2.717171236872673035e-02 9.122387319803237915e-02 -1.525796204805374146e-01 -2.497308701276779175e-01 -2.169977277517318726e-01 -1.851684451103210449e-01 -2.689073979854583740e-01 -8.075966686010360718e-02 7.720828801393508911e-02 -2.210321575403213501e-01 -1.721999943256378174e-01
-1.392667144536972046e-01 -1.385955214500427246e-01 -2.057853639125823975e-01 2.889505922794342041e-01 2.382780790328979492e+00 2.403818130493164062e+00 4.705929383635520935e-02 4.109569191932678223e-01 7.412008047103881836e-01 -5.344396457076072693e-02 2.380363702774047852e+00 4.152740165591239929e-02 -1.556535158306360245e-02 -1.894668340682983398e-01 -1.179612651467323303e-01 -1.454005837440490723e-01 -1.529901772737503052e-01 -1.139028072357177734e-01 -1.701285094022750854e-01 3.380287811160087585e-02 -1.417746841907501221e-01 -1.177824735641479492e-01 -1.333442032337188721e-01 -7.425339519977569580e-02 -7.927416265010833740e-02 -1.974461823701858521e-01 7.648666389286518097e-03 -2.729349732398986816e-01 -2.851918935775756836e-01 -7.146106660366058350e-02 -1.968171894550323486e-01 -6.415698677301406860e-02 -3.100289218127727509e-02 -1.759923547506332397e-01 -2.964115142822265625e-02 -2.577048838138580322e-01 -8.167902380228042603e-02 -2.684780657291412354e-01 -1.815713793039321899e-01 -2.429829090833663940e-01 -2.164505869150161743e-01 -8.405172824859619141e-02 -1.671326160430908203e-01 -1.171727105975151062e-01 -2.827140986919403076e-01 -2.292782813310623169e-01 -1.228929013013839722e-01 -2.141184359788894653e-01 -1.735114157199859619e-01 -2.324531823396682739e-01 -2.443682588636875153e-02 -2.182903438806533813e-01 -2.436359822750091553e-01 -2.376382946968078613e-01 -9.047942608594894409e-02 1.148847714066505432e-01 -2.755109369754791260e-01 -1.970502585172653198e-01 -1.633824408054351807e-01 -2.449108958244323730e-01 -2.695891857147216797e-01 2.378970623016357422e+00 2.032205104827880859e+00 -1.236209645867347717e-01 -1.309924721717834473e-01 -4.135106131434440613e-02 -8.239678293466567993e-02 -1.864985190331935883e-02 -5.207613483071327209e-02 -2.605294995009899139e-02 1.633000820875167847e-01 -1.954264044761657715e-01 1.638120114803314209e-01 -2.690652906894683838e-01 3.669474273920059204e-02 -2.688077986240386963e-01 -2.452459335327148438e-01 -2.354173213243484497e-01 -2.771081328392028809e-01 -2.291854918003082275e-01 -2.645965814590454102e-01 -2.535151839256286621e-01 -2.554222345352172852e-01 -2.127294987440109253e-01 -2.693645954132080078e-01 -2.546263337135314941e-01 -2.754329442977905273e-01 -2.316895872354507446e-01 -2.714913785457611084e-01 -2.161441892385482788e-01 3.782669827342033386e-02 -5.630775913596153259e-02 -1.218088343739509583e-01 -1.548872888088226318e-01 -1.784344911575317383e-01 -1.810562163591384888e-01 -1.723535358905792236e-01 -1.792429387569427490e-01 -1.641853451728820801e-01 2.252866983413696289e+00 1.817858099937438965e+00 1.254274964332580566e+00 1.290174007415771484e+00 -1.704549491405487061e-01 -2.740651369094848633e-01 -9.931944310665130615e-02 -1.959507912397384644e-01 3.028326667845249176e-02 -4.881200566887855530e-02 2.968779020011425018e-02 5.689822435379028320e-01 -1.777941286563873291e-01 -2.719287946820259094e-02 9.135968238115310669e-02 -1.519465744495391846e-01 -2.505135536193847656e-01 -2.191245108842849731e-01 -1.843905895948410034e-01 -2.679946422576904297e-01 -7.998528331518173218e-02 7.681014388799667358e-02 -2.184890508651733398e-01 -1.725773364305496216e-01
-2.646203339099884033e-01 -2.685538232326507568e-01 -2.258425354957580566e-01 9.916330128908157349e-02 4.276280477643013000e-02 4.705929383635520935e-02 2.255754947662353516e+00 -7.361885160207748413e-02 -1.159101650118827820e-01 2.135383129119873047e+00 4.726372659206390381e-02 2.232102394104003906e+00 -5.454203113913536072e-02 -1.918414384126663208e-01 -6.661944836378097534e-02 9.254196286201477051e-02 -2.085844278335571289e-01 -7.130898535251617432e-02 2.741847001016139984e-02 2.784582972526550293e-02 1.762029714882373810e-02 1.188512891530990601e-01 -9.872714430093765259e-02 4.438562989234924316e-01 -5.157425254583358765e-02 8.352256380021572113e-03 3.820770885795354843e-03 -5.196068808436393738e-02 -1.645517498254776001e-01 -2.234859019517898560e-02 -1.232508644461631775e-01 -8.934220671653747559e-02 1.938479691743850708e-01 1.693942099809646606e-01 3.364861905574798584e-01 -4.274381697177886963e-02 -6.253232806921005249e-02 -1.916839182376861572e-01 -1.715679168701171875e-01 -2.348264902830123901e-01 -1.905026584863662720e-01 -8.886375278234481812e-02 -9.168365597724914551e-02 -1.622883379459381104e-01 -2.454882115125656128e-01 -1.154947355389595032e-01 -1.633013933897018433e-01 -8.928807824850082397e-02 4.752188548445701599e-02 -8.676690608263015747e-02 2.585535682737827301e-02 -1.883269697427749634e-01 -1.461238879710435867e-02 -9.766333550214767456e-02 -1.578074097633361816e-01 -1.163334548473358154e-01 -7.799126207828521729e-02 -1.487809270620346069e-01 -1.537753362208604813e-02 -1.046838685870170593e-01 -1.972903162240982056e-01 4.468480870127677917e-02 6.603178102523088455e-03 -1.986779570579528809e-01 4.279595017433166504e-01 -6.760736554861068726e-02 -5.380623415112495422e-02 -7.984464056789875031e-03 -1.112442743033170700e-02 5.717514827847480774e-02 4.786654710769653320e-01 -6.516005098819732666e-02 4.692779481410980225e-01 -1.685716062784194946e-01 4.782639741897583008e-01 -1.731767803430557251e-01 -1.853859871625900269e-01 -1.851149797439575195e-01 -1.939430385828018188e-01 -9.376423060894012451e-02 -1.154477670788764954e-01 -1.363298445940017700e-01 -1.340496838092803955e-01 -1.493841707706451416e-01 -1.746242791414260864e-01 -1.385483741760253906e-01 -1.955169886350631714e-01 -9.738608449697494507e-02 -1.843927949666976929e-01 -1.484307348728179932e-01 -2.092393040657043457e-01 -2.967767119407653809e-01 -1.842149347066879272e-01 -1.965188831090927124e-01 -2.215202301740646362e-01 -2.275792807340621948e-01 -2.587160468101501465e-01 -2.211007177829742432e-01 -1.967400312423706055e-01 4.122058302164077759e-02 1.066550016403198242e-01 -3.809482976794242859e-02 1.198049541562795639e-02 -2.377227507531642914e-02 -1.189805641770362854e-01 -1.878782212734222412e-01 -1.065021082758903503e-01 -2.440345659852027893e-02 -5.097222980111837387e-03 2.365953773260116577e-01 1.538842469453811646e-01 -1.146263852715492249e-01 -1.142528057098388672e-01 1.034016162157058716e-01 6.993680447340011597e-02 2.543976902961730957e-02 -9.675812721252441406e-02 7.913187891244888306e-02 -1.363730877637863159e-01 -3.294734656810760498e-02 1.447817385196685791e-01 -1.026771143078804016e-01 1.668212860822677612e-01
2.470074407756328583e-02 2.682575769722461700e-02 2.920546233654022217e-01 4.178068414330482483e-02 4.075760543346405029e-01 4.109569191932678223e-01 -7.361885160207748413e-02 9.107314944267272949e-01 5.791974663734436035e-01 -1.429704874753952026e-01 4.089608490467071533e-01 -7.393267005681991577e-02 2.014280110597610474e-02 -4.142295569181442261e-02 -9.194109588861465454e-02 -6.162951514124870300e-02 7.743964344263076782e-02 -9.283395111560821533e-02 -1.032559871673583984e-01 -2.309495583176612854e-02 -4.171764943748712540e-03 -3.946572169661521912e-02 -5.115024745464324951e-02 -7.068040966987609863e-02 -5.616347864270210266e-02 -7.692078500986099243e-02 -4.134171456098556519e-02 5.875365436077117920e-02 -7.995747961103916168e-03 -2.259597554802894592e-02 2.118052393198013306e-01 -1.072617918252944946e-01 -4.084395244717597961e-02 7.574354112148284912e-02 -6.331804394721984863e-02 3.811498405411839485e-03 -7.499870657920837402e-02 -1.027882378548383713e-02 -1.096544265747070312e-01 9.920312464237213135e-02 3.817809373140335083e-02 -6.183783710002899170e-02 1.393022667616605759e-02 -3.173819556832313538e-02 1.442908030003309250e-02 -8.961824327707290649e-02 -2.524399571120738983e-02 -4.083646927028894424e-03 -5.423430725932121277e-02 -4.678885266184806824e-02 -6.225302070379257202e-02 3.819465264678001404e-02 -8.137606084346771240e-02 -7.570208609104156494e-02 -4.067521542310714722e-02 -1.969206705689430237e-02 6.476843357086181641e-02 2.800249122083187103e-02 -7.576882094144821167e-02 -5.304240062832832336e-02 3.405333682894706726e-02 4.106274545192718506e-01 2.299131304025650024e-01 -5.044758785516023636e-03 -1.523947268724441528e-01 -1.049623042345046997e-01 -7.214959710836410522e-02 -3.477539867162704468e-02 -4.673068225383758545e-02 -5.511448532342910767e-02 -6.855815649032592773e-02 -1.279718577861785889e-01 -6.974512338638305664e-02 5.546692609786987305e-01 2.143425047397613525e-01 5.524844527244567871e-01 -1.912573724985122681e-01 -1.881102919578552246e-01 -2.211094796657562256e-01 -2.189736217260360718e-01 -1.808128952980041504e-01 -1.936043202877044678e-01 -1.940865516662597656e-01 -2.180534154176712036e-01 -1.664725542068481445e-01 -1.923456788063049316e-01 -2.205884307622909546e-01 -2.205882668495178223e-01 -2.166891247034072876e-01 -2.189781665802001953e-01 1.859569177031517029e-02 1.088680848479270935e-01 -4.422811325639486313e-03 2.646399289369583130e-02 -5.443151667714118958e-02 -3.236825764179229736e-02 1.596649363636970520e-02 -3.125725314021110535e-02 -1.327826082706451416e-01 4.054680466651916504e-01 3.184169530868530273e-01 2.857250869274139404e-01 2.372189015150070190e-01 4.125212132930755615e-02 -4.087024554610252380e-02 3.367272764444351196e-02 -5.685786902904510498e-02 5.976195633411407471e-02 -2.736398950219154358e-02 4.222997650504112244e-02 4.451185092329978943e-02 -8.243885822594165802e-03 5.208468064665794373e-02 -2.538198977708816528e-02 -2.744317613542079926e-02 -5.298261021380312741e-05 2.752427011728286743e-02 1.634105853736400604e-02 3.160905539989471436e-01 1.490739453583955765e-02 2.961691841483116150e-02 -1.987016797065734863e-01 -3.784717246890068054e-02
-2.639765664935112000e-02 -2.605075389146804810e-02 1.387075185775756836e-01 5.293117370456457138e-03 7.422987222671508789e-01 7.412008047103881836e-01 -1.159101650118827820e-01 5.791974663734436035e-01 9.345948100090026855e-01 -1.681256294250488281e-01 7.425828576087951660e-01 -1.176288127899169922e-01 1.934397369623184204e-01 -2.560844458639621735e-02 -6.401882041245698929e-03 -9.911412745714187622e-02 -3.744324296712875366e-02 -1.125534102320671082e-01 -1.441476047039031982e-01 -1.663932763040065765e-02 -7.325974851846694946e-02 -9.021311253309249878e-02 -6.331799924373626709e-02 -3.288082405924797058e-02 -7.990131527185440063e-02 -9.650564938783645630e-02 1.524000521749258041e-02 -4.949636012315750122e-02 -1.807612553238868713e-02 -5.113105848431587219e-02 7.347378879785537720e-02 -6.732051074504852295e-02 -2.586528472602367401e-02 -6.386729888617992401e-03 3.982101380825042725e-02 8.683872222900390625e-02 -8.128935098648071289e-02 -1.171626746654510498e-01 -8.634331077337265015e-02 5.407187342643737793e-02 1.053716465830802917e-01 -7.549387216567993164e-02 -7.509158551692962646e-02 -7.936792075634002686e-02 -5.549683794379234314e-02 -4.524728283286094666e-02 -1.425950601696968079e-02 2.768278867006301880e-02 -1.138988062739372253e-01 -1.200569495558738708e-01 -2.841953421011567116e-03 1.089410409331321716e-01 -4.840526729822158813e-02 -1.093358099460601807e-01 -9.339911490678787231e-02 -1.374413724988698959e-02 -4.698624834418296814e-03 -5.984095856547355652e-02 -8.326540142297744751e-02 -1.294828653335571289e-01 -6.834682077169418335e-02 7.435981631278991699e-01 5.948327779769897461e-01 5.141979455947875977e-02 -1.171522065997123718e-01 -1.090112552046775818e-01 -7.147762924432754517e-02 -4.740013182163238525e-02 -6.891878438182175159e-04 -2.196518471464514732e-03 -5.117649212479591370e-02 -1.899575591087341309e-01 -5.194124951958656311e-02 2.999721169471740723e-01 1.332751959562301636e-01 2.961603403091430664e-01 -2.421865016222000122e-01 -2.379323840141296387e-01 -2.803980410099029541e-01 -2.678874433040618896e-01 -2.409873902797698975e-01 -2.547203898429870605e-01 -2.555985450744628906e-01 -2.501082420349121094e-01 -2.440070062875747681e-01 -2.534916996955871582e-01 -2.776783108711242676e-01 -2.687582075595855713e-01 -2.723823785781860352e-01 -2.502408325672149658e-01 1.356574445962905884e-01 1.719621568918228149e-01 5.047673359513282776e-02 9.469234198331832886e-02 -7.464794814586639404e-02 5.071835964918136597e-02 6.542383134365081787e-02 5.080062150955200195e-02 -6.465826928615570068e-02 7.319698929786682129e-01 5.703088045120239258e-01 5.262098908424377441e-01 3.979251980781555176e-01 -1.204857230186462402e-02 -1.185393556952476501e-01 -1.863876916468143463e-02 -9.078962355852127075e-02 7.092016190290451050e-02 8.650825172662734985e-02 4.363017901778221130e-02 1.269514262676239014e-01 -5.276686698198318481e-02 5.781229212880134583e-02 7.802922278642654419e-02 -7.035996019840240479e-02 -7.777769118547439575e-02 -5.704046413302421570e-02 -5.992463231086730957e-02 1.518037766218185425e-01 -4.614638630300760269e-03 3.433006629347801208e-02 -2.424172759056091309e-01 -8.952306210994720459e-02
-2.653426527976989746e-01 -2.678578197956085205e-01 -2.194276750087738037e-01 1.653751474805176258e-03 -5.880833044648170471e-02 -5.344396457076072693e-02 2.135383129119873047e+00 -1.429704874753952026e-01 -1.681256294250488281e-01 2.172708988189697266e+00 -5.415682122111320496e-02 2.134595870971679688e+00 -6.337113678455352783e-02 -1.939125061035156250e-01 -7.371471822261810303e-02 1.040144190192222595e-01 -2.118454128503799438e-01 -6.933975219726562500e-02 3.349240124225616455e-02 2.876457991078495979e-03 2.675492875277996063e-02 1.562387198209762573e-01 -7.811628282070159912e-02 4.230197966098785400e-01 -5.250650271773338318e-02 7.956992089748382568e-02 9.748619981110095978e-03 -3.938819468021392822e-02 -1.637203544378280640e-01 4.223596304655075073e-02 -1.043592989444732666e-01 -3.894773870706558228e-02 2.572298943996429443e-01 2.059383541345596313e-01 3.344767391681671143e-01 -6.453853566199541092e-03 -9.704140573740005493e-02 -1.879627108573913574e-01 -1.728707998991012573e-01 -2.320033460855484009e-01 -1.931991130113601685e-01 -9.059699624776840210e-02 -9.744298458099365234e-02 -1.679826229810714722e-01 -2.355960309505462646e-01 -1.107868030667304993e-01 -1.456334590911865234e-01 -8.862691372632980347e-02 8.425787836313247681e-02 -9.048759192228317261e-02 9.707770310342311859e-03 -1.908048242330551147e-01 -1.635584235191345215e-02 -9.449175745248794556e-02 -1.620907634496688843e-01 -1.238852888345718384e-01 -2.600890211760997772e-02 -1.684251278638839722e-01 -9.849533438682556152e-03 -9.770181030035018921e-02 -1.908451914787292480e-01 -5.897251889109611511e-02 1.410615891218185425e-01 -2.006253600120544434e-01 4.280008971691131592e-01 -5.649489164352416992e-02 -1.426973193883895874e-02 1.643465645611286163e-02 -3.096762113273143768e-03 2.537612989544868469e-02 4.720487594604492188e-01 -8.116385340690612793e-02 4.613136649131774902e-01 -1.574120372533798218e-01 5.548482537269592285e-01 -1.599037051200866699e-01 -1.781977266073226929e-01 -1.792159378528594971e-01 -1.573704779148101807e-01 -5.822773277759552002e-02 -1.105831712484359741e-01 -1.327764540910720825e-01 -1.327932327985763550e-01 -1.123650893568992615e-01 -2.000847607851028442e-01 -1.326549053192138672e-01 -1.589307487010955811e-01 -6.157394126057624817e-02 -1.482328623533248901e-01 -1.100285574793815613e-01 -2.091415524482727051e-01 -3.016396164894104004e-01 -1.854654401540756226e-01 -1.977375894784927368e-01 -2.369400411844253540e-01 -2.290636301040649414e-01 -2.637087404727935791e-01 -2.236392647027969360e-01 -1.964221298694610596e-01 -4.023368656635284424e-02 3.249819576740264893e-02 -8.476831018924713135e-02 -5.299342796206474304e-02 -1.624947227537631989e-02 -1.133624613285064697e-01 -1.815901994705200195e-01 -9.627608954906463623e-02 -1.448225323110818863e-02 4.990923218429088593e-03 2.159270197153091431e-01 1.315834224224090576e-01 -1.055831313133239746e-01 -1.061273291707038879e-01 1.201517209410667419e-01 6.735159456729888916e-02 2.182283997535705566e-02 -1.015504151582717896e-01 8.088498562574386597e-02 -1.223947405815124512e-01 -1.889154873788356781e-02 1.387481987476348877e-01 -7.533116638660430908e-02 1.625695973634719849e-01
-1.382955312728881836e-01 -1.371835172176361084e-01 -2.054602354764938354e-01 2.917437255382537842e-01 2.380935668945312500e+00 2.380363702774047852e+00 4.726372659206390381e-02 4.089608490467071533e-01 7.425828576087951660e-01 -5.415682122111320496e-02 2.407817125320434570e+00 4.278813302516937256e-02 -1.540582627058029175e-02 -1.910369247198104858e-01 -1.175417974591255188e-01 -1.458406299352645874e-01 -1.534118503332138062e-01 -1.135863959789276123e-01 -1.684736609458923340e-01 3.758920729160308838e-02 -1.423266381025314331e-01 -1.176348626613616943e-01 -1.331641525030136108e-01 -7.435110956430435181e-02 -7.830218970775604248e-02 -1.974192261695861816e-01 5.200468935072422028e-03 -2.737168073654174805e-01 -2.882270216941833496e-01 -7.302907109260559082e-02 -2.002700418233871460e-01 -6.509394198656082153e-02 -3.252528235316276550e-02 -1.798751354217529297e-01 -2.611434832215309143e-02 -2.561955153942108154e-01 -7.940465956926345825e-02 -2.700136005878448486e-01 -1.811876446008682251e-01 -2.416139245033264160e-01 -2.167726010084152222e-01 -8.244372904300689697e-02 -1.639417856931686401e-01 -1.134961917996406555e-01 -2.788878977298736572e-01 -2.308928966522216797e-01 -1.218444779515266418e-01 -2.126637846231460571e-01 -1.710304617881774902e-01 -2.317841500043869019e-01 -2.154236286878585815e-02 -2.182723581790924072e-01 -2.453361004590988159e-01 -2.365136891603469849e-01 -9.037522226572036743e-02 1.145753413438796997e-01 -2.779053151607513428e-01 -1.957476288080215454e-01 -1.613546758890151978e-01 -2.452954202890396118e-01 -2.711629867553710938e-01 2.377693653106689453e+00 2.028057813644409180e+00 -1.248963102698326111e-01 -1.312200129032135010e-01 -4.159185290336608887e-02 -8.218061923980712891e-02 -2.105623111128807068e-02 -5.278575420379638672e-02 -2.488576434552669525e-02 1.655323803424835205e-01 -1.959247142076492310e-01 1.649953275918960571e-01 -2.689047157764434814e-01 3.638491034507751465e-02 -2.705744802951812744e-01 -2.443011850118637085e-01 -2.367197573184967041e-01 -2.768301665782928467e-01 -2.332749813795089722e-01 -2.655759155750274658e-01 -2.534055411815643311e-01 -2.574293613433837891e-01 -2.148264944553375244e-01 -2.700681686401367188e-01 -2.555735707283020020e-01 -2.758204638957977295e-01 -2.329562455415725708e-01 -2.727680802345275879e-01 -2.185260057449340820e-01 3.755605965852737427e-02 -5.661422014236450195e-02 -1.206794008612632751e-01 -1.566261947154998779e-01 -1.786238253116607666e-01 -1.826550811529159546e-01 -1.733003556728363037e-01 -1.793824136257171631e-01 -1.676175743341445923e-01 2.252057552337646484e+00 1.817507624626159668e+00 1.254290699958801270e+00 1.290336608886718750e+00 -1.708334535360336304e-01 -2.739799618721008301e-01 -9.960328787565231323e-02 -1.967132687568664551e-01 2.971314266324043274e-02 -4.898805916309356689e-02 3.119137883186340332e-02 5.692448616027832031e-01 -1.780353337526321411e-01 -2.807838842272758484e-02 9.123811125755310059e-02 -1.517535895109176636e-01 -2.509522140026092529e-01 -2.191569656133651733e-01 -1.856243461370468140e-01 -2.688743174076080322e-01 -8.017338067293167114e-02 7.718689739704132080e-02 -2.199158370494842529e-01 -1.727377176284790039e-01
-2.644776403903961182e-01 -2.670816481113433838e-01 -2.215775996446609497e-01 9.625292569398880005e-02 3.953132033348083496e-02 4.152740165591239929e-02 2.232102394104003906e+00 -7.393267005681991577e-02 -1.176288127899169922e-01 2.134595870971679688e+00 4.278813302516937256e-02 2.251668214797973633e+00 -5.470271036028862000e-02 -1.922614425420761108e-01 -6.827057152986526489e-02 9.172972291707992554e-02 -2.076592594385147095e-01 -6.803382188081741333e-02 3.172328695654869080e-02 2.836271002888679504e-02 1.722721755504608154e-02 1.191259399056434631e-01 -9.947088360786437988e-02 4.420215785503387451e-01 -5.084625631570816040e-02 8.608744479715824127e-03 3.903404576703906059e-03 -4.907546192407608032e-02 -1.624787300825119019e-01 -2.206928282976150513e-02 -1.191489249467849731e-01 -8.771511912345886230e-02 1.937257200479507446e-01 1.705616116523742676e-01 3.352853059768676758e-01 -4.258836433291435242e-02 -6.156130135059356689e-02 -1.948171108961105347e-01 -1.703103035688400269e-01 -2.340283095836639404e-01 -1.913399994373321533e-01 -8.932264894247055054e-02 -9.009382128715515137e-02 -1.599592119455337524e-01 -2.433727681636810303e-01 -1.152469664812088013e-01 -1.630817651748657227e-01 -8.879532665014266968e-02 4.795654863119125366e-02 -8.484287559986114502e-02 2.721467427909374237e-02 -1.905608475208282471e-01 -1.694074645638465881e-02 -9.741131961345672607e-02 -1.560473144054412842e-01 -1.173885613679885864e-01 -7.511667907238006592e-02 -1.476732194423675537e-01 -1.311962399631738663e-02 -1.019278615713119507e-01 -1.966078132390975952e-01 3.861222416162490845e-02 -4.542269452940672636e-04 -1.972237378358840942e-01 4.292262494564056396e-01 -6.618083268404006958e-02 -5.402075871825218201e-02 -8.973778225481510162e-03 -1.231034286320209503e-02 5.652289092540740967e-02 4.761988520622253418e-01 -6.831420958042144775e-02 4.672259092330932617e-01 -1.646250188350677490e-01 4.785204827785491943e-01 -1.687433719635009766e-01 -1.846246272325515747e-01 -1.852079331874847412e-01 -1.946592628955841064e-01 -9.396641701459884644e-02 -1.140562295913696289e-01 -1.363237947225570679e-01 -1.343647241592407227e-01 -1.488268673419952393e-01 -1.751152575016021729e-01 -1.372769922018051147e-01 -1.948691308498382568e-01 -9.802673012018203735e-02 -1.853428035974502563e-01 -1.472854167222976685e-01 -2.093337178230285645e-01 -2.944908738136291504e-01 -1.813416332006454468e-01 -1.989451795816421509e-01 -2.219973206520080566e-01 -2.296326607465744019e-01 -2.627306282520294189e-01 -2.227170914411544800e-01 -1.961299777030944824e-01 3.596160933375358582e-02 1.018946915864944458e-01 -4.284102097153663635e-02 9.362376295030117035e-03 -2.480016648769378662e-02 -1.182262673974037170e-01 -1.888679713010787964e-01 -1.063616722822189331e-01 -2.582465112209320068e-02 -6.586973089724779129e-03 2.363217473030090332e-01 1.512757539749145508e-01 -1.143170893192291260e-01 -1.145001798868179321e-01 1.020131930708885193e-01 6.933234632015228271e-02 2.657823078334331512e-02 -9.578498452901840210e-02 8.054652065038681030e-02 -1.342592835426330566e-01 -3.417259082198143005e-02 1.436253637075424194e-01 -1.026295050978660583e-01 1.670547276735305786e-01
