1.874818921089172363e+00 1.850212216377258301e+00 1.562854051589965820e+00 -2.859946787357330322e-01 -2.869067192077636719e-01 -2.903209328651428223e-01 -2.835184931755065918e-01 -2.956094145774841309e-01 -3.278273344039916992e-01 -2.786768972873687744e-01 -2.820433080196380615e-01 -2.804726958274841309e-01 -3.351134061813354492e-01 -3.200659155845642090e-01 1.202203258872032166e-01 -2.320825308561325073e-01 -3.035468459129333496e-01 -2.058521658182144165e-01 -1.061762422323226929e-01 -1.295066475868225098e-01 -2.426342368125915527e-01 -1.383580565452575684e-01 -3.868148848414421082e-02 -1.095272898674011230e-01 -1.598695367574691772e-01 -1.004157736897468567e-01 -2.921408712863922119e-01 1.112131834030151367e+00 4.015812575817108154e-01 -1.725857704877853394e-01 4.366117715835571289e-01 1.532837003469467163e-01 -1.617476493120193481e-01 -1.746904850006103516e-01 -3.079021573066711426e-01 -3.398773670196533203e-01 -1.673055887222290039e-01 -3.556535765528678894e-02 -2.479170262813568115e-01 -3.152628540992736816e-01 -3.305797278881072998e-01 -2.735766172409057617e-01 -2.982284724712371826e-01 -3.410724401473999023e-01 -3.666999638080596924e-01 -1.824287623167037964e-01 -6.945922225713729858e-02 -3.165204226970672607e-01 -2.422821074724197388e-01 -7.292818278074264526e-02 -4.636897519230842590e-02 -3.233813941478729248e-01 -2.541896700859069824e-01 -1.672996580600738525e-01 -3.473018705844879150e-01 -2.485771626234054565e-01 5.438961386680603027e-01 -1.653006672859191895e-02 -7.687146961688995361e-02 -7.131292670965194702e-02 -1.088784486055374146e-01 -2.894682884216308594e-01 -1.674768924713134766e-01 -3.122109472751617432e-01 -1.563963145017623901e-01 -1.594862490892410278e-01 -1.402156203985214233e-01 -1.431635767221450806e-01 -7.277728617191314697e-02 -2.212184220552444458e-01 7.056468725204467773e-02 -1.935222893953323364e-01 8.368545025587081909e-02 1.296048760414123535e+00 5.604449510574340820e-01 1.289706349372863770e+00 3.388628363609313965e-01 3.356539607048034668e-01 3.555020987987518311e-01 3.601827621459960938e-01 3.045911192893981934e-01 3.304758965969085693e-01 3.347811996936798096e-01 3.557989001274108887e-01 3.115828931331634521e-01 3.447631895542144775e-01 3.526907563209533691e-01 3.584100604057312012e-01 3.611705601215362549e-01 3.560884296894073486e-01 -3.348696231842041016e-01 -3.045607507228851318e-01 -3.096237480640411377e-01 -3.224783539772033691e-01 -2.356019318103790283e-01 -3.178246915340423584e-01 -3.099014163017272949e-01 -3.154942393302917480e-01 -3.132799863815307617e-01 -3.154611289501190186e-01 -2.738226354122161865e-01 -2.363972216844558716e-01 -3.136745393276214600e-01 -2.202387154102325439e-01 -1.903732270002365112e-01 -2.866970300674438477e-01 5.384173989295959473e-02 1.465446054935455322e-01 1.524068862199783325e-01 1.400809437036514282e-01 -2.263731211423873901e-01 -1.746027171611785889e-01 2.809663116931915283e-01 -1.021071821451187134e-01 7.617362141609191895e-01 5.459002032876014709e-02 2.088712062686681747e-03 3.254142403602600098e-01 3.602179288864135742e-01 -1.328851878643035889e-01 -1.405566781759262085e-01 1.298920959234237671e-01 -7.981454581022262573e-02
1.850212216377258301e+00 1.886166572570800781e+00 1.572024583816528320e+00 -2.862199842929840088e-01 -2.867712676525115967e-01 -2.911316752433776855e-01 -2.851637005805969238e-01 -2.969313263893127441e-01 -3.283699452877044678e-01 -2.795656621456146240e-01 -2.789742648601531982e-01 -2.821249663829803467e-01 -3.354442417621612549e-01 -3.258178532123565674e-01 1.236802712082862854e-01 -2.330718934535980225e-01 -3.054794669151306152e-01 -2.126826792955398560e-01 -1.013159304857254028e-01 -1.254038512706756592e-01 -2.396947294473648071e-01 -1.354631483554840088e-01 -3.964070975780487061e-02 -1.108381822705268860e-01 -1.657083779573440552e-01 -9.856153279542922974e-02 -2.941295802593231201e-01 1.122349977493286133e+00 3.970728516578674316e-01 -1.732907444238662720e-01 4.418427348136901855e-01 1.497695893049240112e-01 -1.571568846702575684e-01 -1.701794415712356567e-01 -3.120478391647338867e-01 -3.395575881004333496e-01 -1.668347716331481934e-01 -3.609261661767959595e-02 -2.507604658603668213e-01 -3.176663517951965332e-01 -3.367156684398651123e-01 -2.764764428138732910e-01 -2.940377891063690186e-01 -3.464426994323730469e-01 -3.713234066963195801e-01 -1.853703558444976807e-01 -6.513655185699462891e-02 -3.257767260074615479e-01 -2.369803488254547119e-01 -7.502308487892150879e-02 -4.620587080717086792e-02 -3.289967477321624756e-01 -2.506839632987976074e-01 -1.647976934909820557e-01 -3.430777490139007568e-01 -2.541416585445404053e-01 5.410772562026977539e-01 -1.433142274618148804e-02 -7.843283563852310181e-02 -6.816904991865158081e-02 -1.120847091078758240e-01 -2.846248447895050049e-01 -1.642530709505081177e-01 -3.160248696804046631e-01 -1.532110273838043213e-01 -1.596495360136032104e-01 -1.386810541152954102e-01 -1.405545026063919067e-01 -6.468335539102554321e-02 -2.204137593507766724e-01 6.953115016222000122e-02 -1.966120153665542603e-01 7.992658764123916626e-02 1.301882743835449219e+00 5.574327707290649414e-01 1.294862866401672363e+00 3.435434699058532715e-01 3.415381908416748047e-01 3.579186797142028809e-01 3.589618206024169922e-01 3.070538640022277832e-01 3.324614763259887695e-01 3.408284783363342285e-01 3.571172356605529785e-01 3.128800690174102783e-01 3.495940268039703369e-01 3.509574830532073975e-01 3.604153096675872803e-01 3.601112365722656250e-01 3.570244312286376953e-01 -3.403840065002441406e-01 -3.112775087356567383e-01 -3.166952431201934814e-01 -3.265731334686279297e-01 -2.330569177865982056e-01 -3.229689300060272217e-01 -3.186883628368377686e-01 -3.203154802322387695e-01 -3.199844062328338623e-01 -3.170200884342193604e-01 -2.736847698688507080e-01 -2.405303865671157837e-01 -3.136200010776519775e-01 -2.198815047740936279e-01 -1.956523805856704712e-01 -2.843523025512695312e-01 5.899213999509811401e-02 1.449103355407714844e-01 1.508947759866714478e-01 1.353000104427337646e-01 -2.291088849306106567e-01 -1.737864017486572266e-01 2.834360301494598389e-01 -1.012452021241188049e-01 7.667095065116882324e-01 5.150490626692771912e-02 5.351254250854253769e-03 3.234801292419433594e-01 3.641111850738525391e-01 -1.338821947574615479e-01 -1.421619653701782227e-01 1.311572194099426270e-01 -7.974169403314590454e-02
1.562854051589965820e+00 1.572024583816528320e+00 1.624367713928222656e+00 -3.424821794033050537e-01 -3.474539816379547119e-01 -3.458353281021118164e-01 -3.410522341728210449e-01 -3.494955301284790039e-01 -3.699051439762115479e-01 -3.307413458824157715e-01 -3.417731225490570068e-01 -3.416905403137207031e-01 -3.732184171676635742e-01 -3.644059598445892334e-01 2.100250422954559326e-01 -2.214830219745635986e-01 -3.192111551761627197e-01 -1.937911361455917358e-01 -1.530612707138061523e-01 -1.426719427108764648e-01 -2.244783192873001099e-01 -1.918982863426208496e-01 6.613522768020629883e-02 -1.010089889168739319e-01 -1.433748006820678711e-01 -1.480823159217834473e-01 -1.570456475019454956e-01 8.761313557624816895e-01 6.941618919372558594e-01 -1.597198396921157837e-01 7.332219481468200684e-01 1.812457442283630371e-01 -1.377682089805603027e-01 -1.433981955051422119e-01 -3.097116053104400635e-01 -3.257833719253540039e-01 -9.566660225391387939e-02 -3.860734030604362488e-02 -2.478866428136825562e-01 -3.731047511100769043e-01 -3.726574480533599854e-01 -2.394264340400695801e-01 -3.076196014881134033e-01 -3.234237134456634521e-01 -3.743063211441040039e-01 -1.985008269548416138e-01 8.786244690418243408e-02 -3.690445423126220703e-01 -2.312761098146438599e-01 -7.087202370166778564e-02 1.613374985754489899e-02 -3.772306144237518311e-01 -2.712220251560211182e-01 -2.378596067428588867e-01 -3.258638978004455566e-01 -9.927286952733993530e-02 7.148068547248840332e-01 -1.155091524124145508e-01 -1.133739873766899109e-01 -6.933005899190902710e-02 -1.520229279994964600e-01 -3.489935994148254395e-01 -1.631470918655395508e-01 -3.679817616939544678e-01 -3.220034018158912659e-02 1.723415777087211609e-02 1.124614477157592773e-02 -1.143429428339004517e-01 -7.749862223863601685e-02 -2.342090904712677002e-01 6.821987032890319824e-02 -2.237498015165328979e-01 7.166663557291030884e-02 1.613862872123718262e+00 7.149798870086669922e-01 1.604179024696350098e+00 3.255678415298461914e-01 3.211173117160797119e-01 2.861996293067932129e-01 2.818999588489532471e-01 2.880889773368835449e-01 3.160908818244934082e-01 3.222142755985260010e-01 2.818564772605895996e-01 3.506243526935577393e-01 3.251938819885253906e-01 2.778756320476531982e-01 2.787866890430450439e-01 2.860828042030334473e-01 2.830383479595184326e-01 -3.820913732051849365e-01 -3.599685430526733398e-01 -3.578001558780670166e-01 -3.755571544170379639e-01 -2.529733479022979736e-01 -3.705789446830749512e-01 -3.693760633468627930e-01 -3.649693727493286133e-01 -3.682253360748291016e-01 -3.606320917606353760e-01 -3.424298763275146484e-01 -3.104349076747894287e-01 -3.374539613723754883e-01 -5.880421493202447891e-03 4.924751445651054382e-02 -4.700498282909393311e-02 7.360438257455825806e-02 2.822944223880767822e-01 2.810328602790832520e-01 3.656838238239288330e-01 -2.823916375637054443e-01 -1.528707146644592285e-01 3.912508487701416016e-01 -6.718926876783370972e-02 8.104612231254577637e-01 2.197755873203277588e-01 1.830204427242279053e-01 5.170040130615234375e-01 4.426912069320678711e-01 -8.337026834487915039e-02 -7.684118300676345825e-02 9.447697550058364868e-02 -6.438747793436050415e-02
-2.859946787357330322e-01 -2.862199842929840088e-01 -3.424821794033050537e-01 6.776974201202392578e-01 6.629670858383178711e-01 6.649245619773864746e-01 6.616324782371520996e-01 6.540942788124084473e-01 6.029378175735473633e-01 3.765299320220947266e-01 6.643829941749572754e-01 6.640960574150085449e-01 6.022015810012817383e-01 3.747171163558959961e-01 -2.258653342723846436e-01 1.843934655189514160e-01 -1.585940122604370117e-01 -1.905956566333770752e-01 -6.887523829936981201e-02 -4.568851366639137268e-02 -3.328227102756500244e-01 -6.093723326921463013e-02 -3.247582018375396729e-01 -7.595100253820419312e-02 -1.967850923538208008e-01 -1.221039071679115295e-01 1.704759299755096436e-01 -1.901162266731262207e-01 -2.972321808338165283e-01 -2.421454936265945435e-01 -3.123684525489807129e-01 -1.393429785966873169e-01 -2.474368363618850708e-01 -2.255105376243591309e-01 7.015016674995422363e-01 1.025509554892778397e-02 -1.703231185674667358e-01 1.614433377981185913e-01 -1.533381268382072449e-02 3.733279705047607422e-01 3.738581836223602295e-01 -1.711459755897521973e-01 -1.751164495944976807e-01 -1.475333869457244873e-01 -8.945691585540771484e-02 5.927849933505058289e-02 -1.760052591562271118e-01 3.702979385852813721e-01 -1.663379669189453125e-01 -1.962127536535263062e-01 -1.584196388721466064e-01 3.714591264724731445e-01 8.410847932100296021e-02 -1.739216893911361694e-01 -1.831526607275009155e-01 -2.188585400581359863e-01 -3.518331050872802734e-01 5.933151766657829285e-02 1.769728213548660278e-01 -5.830257013440132141e-02 1.404290944337844849e-01 6.673995852470397949e-01 -2.971522510051727295e-01 3.753396570682525635e-01 -6.310820579528808594e-02 -1.327848881483078003e-01 -1.597689390182495117e-01 -7.646059989929199219e-02 -4.806698486208915710e-02 1.450808048248291016e-01 -6.787334382534027100e-02 -2.030884176492691040e-01 -7.123968005180358887e-02 -4.061697721481323242e-01 -3.535057604312896729e-01 -4.085579812526702881e-01 -3.656365275382995605e-01 -3.669708371162414551e-01 -4.159808754920959473e-01 -4.206072986125946045e-01 -3.433659076690673828e-01 -3.684058189392089844e-01 -3.692070543766021729e-01 -4.215510785579681396e-01 -3.210439085960388184e-01 -3.698123395442962646e-01 -4.200010597705841064e-01 -4.189812541007995605e-01 -4.193366169929504395e-01 -4.181490540504455566e-01 3.331687748432159424e-01 3.676404356956481934e-01 3.677389323711395264e-01 3.742957413196563721e-01 2.208159863948822021e-01 3.743173182010650635e-01 3.739489316940307617e-01 3.724475800991058350e-01 3.730075955390930176e-01 5.596036911010742188e-01 5.937383770942687988e-01 4.617710411548614502e-01 5.988079309463500977e-01 -1.600374430418014526e-01 -2.281939387321472168e-01 -1.339152604341506958e-01 -1.097400560975074768e-01 -2.653250396251678467e-01 -1.581108011305332184e-02 1.213270574808120728e-01 4.908011853694915771e-01 -1.660272032022476196e-01 -2.253293246030807495e-01 1.141073629260063171e-01 -2.405885159969329834e-01 -1.641364097595214844e-01 -2.094306647777557373e-01 -2.737574875354766846e-01 -2.287143170833587646e-01 -1.204676330089569092e-01 -2.286227047443389893e-02 -3.089177906513214111e-01 1.537168622016906738e-01
-2.869067192077636719e-01 -2.867712676525115967e-01 -3.474539816379547119e-01 6.629670858383178711e-01 6.849946379661560059e-01 6.685244441032409668e-01 6.677439808845520020e-01 6.594568490982055664e-01 6.005656719207763672e-01 3.747399151325225830e-01 6.626840829849243164e-01 6.634761691093444824e-01 6.006788611412048340e-01 3.746402263641357422e-01 -2.261118590831756592e-01 1.804469376802444458e-01 -1.610252559185028076e-01 -1.878362447023391724e-01 -7.296404987573623657e-02 -4.551577940583229065e-02 -3.295935094356536865e-01 -5.972664803266525269e-02 -3.256853222846984863e-01 -7.511472702026367188e-02 -1.954503655433654785e-01 -1.227151602506637573e-01 1.708615720272064209e-01 -1.906844675540924072e-01 -2.975276708602905273e-01 -2.426577210426330566e-01 -3.140707612037658691e-01 -1.389931738376617432e-01 -2.468530088663101196e-01 -2.222720086574554443e-01 7.036488056182861328e-01 9.839281439781188965e-03 -1.709883362054824829e-01 1.656726598739624023e-01 -1.698122546076774597e-02 3.751934170722961426e-01 3.741091191768646240e-01 -1.715067476034164429e-01 -1.747541427612304688e-01 -1.479716747999191284e-01 -9.043659269809722900e-02 5.399881303310394287e-02 -1.749540716409683228e-01 3.759376108646392822e-01 -1.693294644355773926e-01 -1.926157921552658081e-01 -1.585206091403961182e-01 3.750513494014739990e-01 8.284144848585128784e-02 -1.745097190141677856e-01 -1.864046305418014526e-01 -2.064705640077590942e-01 -3.551459908485412598e-01 5.682486668229103088e-02 1.756231039762496948e-01 -5.580867454409599304e-02 1.404565721750259399e-01 6.691183447837829590e-01 -2.977845966815948486e-01 3.723873496055603027e-01 -6.285611540079116821e-02 -1.333956718444824219e-01 -1.539757996797561646e-01 -7.592351734638214111e-02 -4.822734743356704712e-02 1.426442712545394897e-01 -7.002342492341995239e-02 -2.045038938522338867e-01 -7.389511913061141968e-02 -4.088490903377532959e-01 -3.556623458862304688e-01 -4.112528562545776367e-01 -3.688073754310607910e-01 -3.670192658901214600e-01 -4.148250222206115723e-01 -4.204419553279876709e-01 -3.471142947673797607e-01 -3.714569807052612305e-01 -3.690136075019836426e-01 -4.210923910140991211e-01 -3.260504901409149170e-01 -3.705987632274627686e-01 -4.191293120384216309e-01 -4.200063049793243408e-01 -4.208394289016723633e-01 -4.205121695995330811e-01 3.356730937957763672e-01 3.710994422435760498e-01 3.747419118881225586e-01 3.767683207988739014e-01 2.199769914150238037e-01 3.808496892452239990e-01 3.762057423591613770e-01 3.763778805732727051e-01 3.794755637645721436e-01 5.609974861145019531e-01 5.977042317390441895e-01 4.641732275485992432e-01 6.012001633644104004e-01 -1.601269543170928955e-01 -2.213017791509628296e-01 -1.334638446569442749e-01 -1.091845408082008362e-01 -2.671314477920532227e-01 -1.807150617241859436e-02 1.204959228634834290e-01 4.907581806182861328e-01 -1.674766689538955688e-01 -2.279886752367019653e-01 1.124142557382583618e-01 -2.422471642494201660e-01 -1.662492454051971436e-01 -2.114394903182983398e-01 -2.733773589134216309e-01 -2.309646755456924438e-01 -1.148054972290992737e-01 -2.196272276341915131e-02 -3.095840513706207275e-01 1.516744047403335571e-01
-2.903209328651428223e-01 -2.911316752433776855e-01 -3.458353281021118164e-01 6.649245619773864746e-01 6.685244441032409668e-01 6.866916418075561523e-01 6.628639698028564453e-01 6.610320806503295898e-01 6.021447181701660156e-01 3.759991824626922607e-01 6.633439660072326660e-01 6.614544987678527832e-01 6.095739603042602539e-01 3.798423409461975098e-01 -2.267856001853942871e-01 1.792150288820266724e-01 -1.574885696172714233e-01 -1.915828287601470947e-01 -6.758214533329010010e-02 -4.470964893698692322e-02 -3.335383832454681396e-01 -6.261951476335525513e-02 -3.202355206012725830e-01 -7.997463643550872803e-02 -1.948735862970352173e-01 -1.268859207630157471e-01 1.705560237169265747e-01 -1.906130760908126831e-01 -2.978956103324890137e-01 -2.467830479145050049e-01 -3.148956000804901123e-01 -1.399589627981185913e-01 -2.503606379032135010e-01 -2.252146899700164795e-01 6.946216225624084473e-01 1.226125191897153854e-02 -1.661093980073928833e-01 1.656651794910430908e-01 -1.253541000187397003e-02 3.816188871860504150e-01 3.759988844394683838e-01 -1.726232916116714478e-01 -1.757078915834426880e-01 -1.446226239204406738e-01 -8.972207456827163696e-02 5.776717886328697205e-02 -1.773147583007812500e-01 3.863616287708282471e-01 -1.656537652015686035e-01 -1.937564909458160400e-01 -1.595861613750457764e-01 3.827790319919586182e-01 8.263812214136123657e-02 -1.764561235904693604e-01 -1.848379969596862793e-01 -2.188374698162078857e-01 -3.566196560859680176e-01 5.962443724274635315e-02 1.697185039520263672e-01 -5.973773449659347534e-02 1.442706286907196045e-01 6.742613315582275391e-01 -3.005229830741882324e-01 3.820676803588867188e-01 -6.345059722661972046e-02 -1.347427964210510254e-01 -1.583433747291564941e-01 -7.741846889257431030e-02 -5.059471353888511658e-02 1.380470693111419678e-01 -6.801827251911163330e-02 -2.009968310594558716e-01 -7.010965794324874878e-02 -4.109084010124206543e-01 -3.598616421222686768e-01 -4.101838767528533936e-01 -3.691317141056060791e-01 -3.703379333019256592e-01 -4.157606959342956543e-01 -4.207291901111602783e-01 -3.481469750404357910e-01 -3.719134032726287842e-01 -3.727965056896209717e-01 -4.216030538082122803e-01 -3.292232155799865723e-01 -3.744640350341796875e-01 -4.189485311508178711e-01 -4.204382896423339844e-01 -4.196441173553466797e-01 -4.220157265663146973e-01 3.449742197990417480e-01 3.770562410354614258e-01 3.753208518028259277e-01 3.841734230518341064e-01 2.164125144481658936e-01 3.842972218990325928e-01 3.812035918235778809e-01 3.788354992866516113e-01 3.828536570072174072e-01 5.623754858970642090e-01 5.970073938369750977e-01 4.657264947891235352e-01 6.005671024322509766e-01 -1.598060131072998047e-01 -2.290790528059005737e-01 -1.343841701745986938e-01 -1.105688288807868958e-01 -2.692022621631622314e-01 -1.808386854827404022e-02 1.172616407275199890e-01 4.901458024978637695e-01 -1.656541824340820312e-01 -2.261230349540710449e-01 1.099788248538970947e-01 -2.432469427585601807e-01 -1.651975363492965698e-01 -2.093443572521209717e-01 -2.734879255294799805e-01 -2.305906862020492554e-01 -1.221612840890884399e-01 -2.581330575048923492e-02 -3.091700971126556396e-01 1.489013731479644775e-01
-2.835184931755065918e-01 -2.851637005805969238e-01 -3.410522341728210449e-01 6.616324782371520996e-01 6.677439808845520020e-01 6.628639698028564453e-01 6.828024983406066895e-01 6.583188772201538086e-01 5.984991192817687988e-01 3.735082745552062988e-01 6.573793888092041016e-01 6.604976058006286621e-01 6.044570803642272949e-01 3.849427402019500732e-01 -2.289618551731109619e-01 1.833596378564834595e-01 -1.614921689033508301e-01 -1.877464503049850464e-01 -7.644305378198623657e-02 -4.942827299237251282e-02 -3.322800993919372559e-01 -6.288909912109375000e-02 -3.257249295711517334e-01 -7.290815562009811401e-02 -1.909407228231430054e-01 -1.189755201339721680e-01 1.696325093507766724e-01 -1.879030764102935791e-01 -2.944938242435455322e-01 -2.439857423305511475e-01 -3.126815557479858398e-01 -1.352304965257644653e-01 -2.476463764905929565e-01 -2.222308814525604248e-01 7.008057236671447754e-01 6.682422012090682983e-03 -1.696587055921554565e-01 1.688164323568344116e-01 -1.774693466722965240e-02 3.754835724830627441e-01 3.827968835830688477e-01 -1.720649749040603638e-01 -1.790757328271865845e-01 -1.508443206548690796e-01 -9.311756491661071777e-02 5.398241803050041199e-02 -1.785321384668350220e-01 3.774402737617492676e-01 -1.700268387794494629e-01 -1.968798637390136719e-01 -1.600952744483947754e-01 3.808583021163940430e-01 8.141246438026428223e-02 -1.759029626846313477e-01 -1.855362653732299805e-01 -2.104548811912536621e-01 -3.508961200714111328e-01 5.955228582024574280e-02 1.737624555826187134e-01 -5.291564390063285828e-02 1.372087150812149048e-01 6.642253398895263672e-01 -2.962253689765930176e-01 3.768401145935058594e-01 -6.503721326589584351e-02 -1.369038820266723633e-01 -1.558652520179748535e-01 -7.842319458723068237e-02 -4.925086349248886108e-02 1.424398571252822876e-01 -6.836188584566116333e-02 -1.993858963251113892e-01 -7.056339085102081299e-02 -4.038033783435821533e-01 -3.533288538455963135e-01 -4.064055979251861572e-01 -3.677084743976593018e-01 -3.723712563514709473e-01 -4.223903417587280273e-01 -4.218323230743408203e-01 -3.491128981113433838e-01 -3.692176640033721924e-01 -3.712704181671142578e-01 -4.223083257675170898e-01 -3.166740238666534424e-01 -3.706549108028411865e-01 -4.228608608245849609e-01 -4.212351739406585693e-01 -4.216656982898712158e-01 -4.190549850463867188e-01 3.370675146579742432e-01 3.759432137012481689e-01 3.834421336650848389e-01 3.851671814918518066e-01 2.193192839622497559e-01 3.853306770324707031e-01 3.765763938426971436e-01 3.753030598163604736e-01 3.770261108875274658e-01 5.600888729095458984e-01 5.935253500938415527e-01 4.663532078266143799e-01 5.979913473129272461e-01 -1.609592288732528687e-01 -2.222337871789932251e-01 -1.343194395303726196e-01 -1.122383996844291687e-01 -2.660871446132659912e-01 -1.794723235070705414e-02 1.197772026062011719e-01 4.893325567245483398e-01 -1.701307594776153564e-01 -2.287041842937469482e-01 1.105162203311920166e-01 -2.422380298376083374e-01 -1.657947450876235962e-01 -2.115949839353561401e-01 -2.739888727664947510e-01 -2.305577099323272705e-01 -1.141008213162422180e-01 -2.276669070124626160e-02 -3.123735785484313965e-01 1.498849689960479736e-01
-2.956094145774841309e-01 -2.969313263893127441e-01 -3.494955301284790039e-01 6.540942788124084473e-01 6.594568490982055664e-01 6.610320806503295898e-01 6.583188772201538086e-01 6.823559403419494629e-01 6.039846539497375488e-01 3.735052645206451416e-01 6.549791097640991211e-01 6.541220545768737793e-01 6.105012297630310059e-01 3.818319737911224365e-01 -2.297319769859313965e-01 1.798099428415298462e-01 -1.477948874235153198e-01 -1.849915534257888794e-01 -7.486873120069503784e-02 -4.849340766668319702e-02 -3.302544653415679932e-01 -6.325899064540863037e-02 -3.163046836853027344e-01 -7.991803437471389771e-02 -1.873702555894851685e-01 -1.335185468196868896e-01 1.703893691301345825e-01 -1.951620131731033325e-01 -2.943279147148132324e-01 -2.439016252756118774e-01 -3.076147139072418213e-01 -1.402142047882080078e-01 -2.487358897924423218e-01 -2.257222086191177368e-01 6.902165412902832031e-01 8.096400648355484009e-03 -1.773600578308105469e-01 1.617557406425476074e-01 -4.247205797582864761e-03 3.834920227527618408e-01 3.805904686450958252e-01 -1.672627478837966919e-01 -1.673858165740966797e-01 -1.406520605087280273e-01 -8.175774663686752319e-02 6.127103045582771301e-02 -1.770699024200439453e-01 3.866187334060668945e-01 -1.701986491680145264e-01 -1.954220682382583618e-01 -1.639177352190017700e-01 3.898203372955322266e-01 7.944322377443313599e-02 -1.768411099910736084e-01 -1.779653429985046387e-01 -2.122144699096679688e-01 -3.526352047920227051e-01 5.409452691674232483e-02 1.681653559207916260e-01 -5.974909663200378418e-02 1.368736475706100464e-01 6.606179475784301758e-01 -2.967316508293151855e-01 3.834972381591796875e-01 -6.784096360206604004e-02 -1.313244849443435669e-01 -1.616332232952117920e-01 -7.672826200723648071e-02 -5.348625779151916504e-02 1.378808021545410156e-01 -7.778308540582656860e-02 -2.030317187309265137e-01 -7.814185321331024170e-02 -4.086290597915649414e-01 -3.530249595642089844e-01 -4.092096388339996338e-01 -3.720790743827819824e-01 -3.762847781181335449e-01 -4.194673597812652588e-01 -4.208028316497802734e-01 -3.528558909893035889e-01 -3.735997378826141357e-01 -3.747363090515136719e-01 -4.207517802715301514e-01 -3.329229056835174561e-01 -3.756344318389892578e-01 -4.194142520427703857e-01 -4.186247885227203369e-01 -4.189311861991882324e-01 -4.179815649986267090e-01 3.468171358108520508e-01 3.806802928447723389e-01 3.785778582096099854e-01 3.841989636421203613e-01 2.230046242475509644e-01 3.862269818782806396e-01 3.808717429637908936e-01 3.824718892574310303e-01 3.892868757247924805e-01 5.636815428733825684e-01 5.962435603141784668e-01 4.730646014213562012e-01 5.970429182052612305e-01 -1.567324101924896240e-01 -2.209603339433670044e-01 -1.340638548135757446e-01 -1.141745597124099731e-01 -2.668473124504089355e-01 -1.693398877978324890e-02 1.239939182996749878e-01 4.849568903446197510e-01 -1.661284118890762329e-01 -2.267827838659286499e-01 1.087936684489250183e-01 -2.445179224014282227e-01 -1.651632785797119141e-01 -2.084170579910278320e-01 -2.697053253650665283e-01 -2.319176197052001953e-01 -1.216626241803169250e-01 -2.462806738913059235e-02 -3.088254332542419434e-01 1.461732685565948486e-01
-3.278273344039916992e-01 -3.283699452877044678e-01 -3.699051439762115479e-01 6.029378175735473633e-01 6.005656719207763672e-01 6.021447181701660156e-01 5.984991192817687988e-01 6.039846539497375488e-01 6.944950222969055176e-01 3.410391807556152344e-01 6.027723550796508789e-01 6.031372547149658203e-01 6.762697696685791016e-01 4.509971439838409424e-01 -2.335925698280334473e-01 1.789623796939849854e-01 -6.475530564785003662e-02 -2.067154645919799805e-01 -9.784091264009475708e-02 -5.615967512130737305e-02 -3.478498160839080811e-01 -1.047654747962951660e-01 -2.385629713535308838e-01 -1.037841960787773132e-01 -9.983339905738830566e-02 -1.684619188308715820e-01 1.373744010925292969e-01 -2.331352829933166504e-01 -2.991969585418701172e-01 -2.578367888927459717e-01 -3.168041706085205078e-01 -1.545466333627700806e-01 -2.600282430648803711e-01 -2.394755035638809204e-01 6.387577652931213379e-01 -2.850491926074028015e-02 -1.946540176868438721e-01 1.438836902379989624e-01 8.739268034696578979e-02 4.550232291221618652e-01 4.522089660167694092e-01 -1.905426830053329468e-01 -1.320596039295196533e-01 -1.095127612352371216e-01 -4.943665117025375366e-02 1.302578002214431763e-01 -1.657099127769470215e-01 4.524999260902404785e-01 -1.628471165895462036e-01 -2.119777500629425049e-01 -1.701162755489349365e-01 4.475133419036865234e-01 5.085534229874610901e-02 -2.093573957681655884e-01 -1.508494466543197632e-01 -2.253179550170898438e-01 -3.604995012283325195e-01 2.461182139813899994e-02 1.447501480579376221e-01 -7.711766660213470459e-02 1.082490608096122742e-01 6.044937372207641602e-01 -3.043561279773712158e-01 4.541499316692352295e-01 -7.841036468744277954e-02 -1.253404617309570312e-01 -1.690127253532409668e-01 -6.509748846292495728e-02 -6.668598949909210205e-02 1.043574362993240356e-01 -1.020576432347297668e-01 -2.122467011213302612e-01 -1.082145720720291138e-01 -4.153752923011779785e-01 -3.630615174770355225e-01 -4.136615097522735596e-01 -3.944800198078155518e-01 -3.958049118518829346e-01 -4.383633434772491455e-01 -4.384349584579467773e-01 -3.726126849651336670e-01 -3.955695033073425293e-01 -3.996813893318176270e-01 -4.385159313678741455e-01 -3.580550551414489746e-01 -3.993310332298278809e-01 -4.376956522464752197e-01 -4.382382333278656006e-01 -4.379760324954986572e-01 -4.387317299842834473e-01 4.152572751045227051e-01 4.444600045680999756e-01 4.527283906936645508e-01 4.516369402408599854e-01 3.000463843345642090e-01 4.574671387672424316e-01 4.573785066604614258e-01 4.536435306072235107e-01 4.549199640750885010e-01 5.408349633216857910e-01 5.710827112197875977e-01 4.853651225566864014e-01 5.614209771156311035e-01 -1.690197885036468506e-01 -2.299788594245910645e-01 -1.476527303457260132e-01 -1.244903951883316040e-01 -2.733156681060791016e-01 -4.232219606637954712e-02 9.905771911144256592e-02 4.524389207363128662e-01 -1.707194298505783081e-01 -2.373571842908859253e-01 8.835354447364807129e-02 -2.587510347366333008e-01 -1.782573312520980835e-01 -2.071540504693984985e-01 -2.635355293750762939e-01 -2.408248484134674072e-01 -1.364331692457199097e-01 -4.391541704535484314e-02 -3.251054584980010986e-01 1.245468929409980774e-01
-2.786768972873687744e-01 -2.795656621456146240e-01 -3.307413458824157715e-01 3.765299320220947266e-01 3.747399151325225830e-01 3.759991824626922607e-01 3.735082745552062988e-01 3.735052645206451416e-01 3.410391807556152344e-01 8.498815298080444336e-01 3.757071197032928467e-01 3.765502274036407471e-01 3.389759659767150879e-01 1.158537194132804871e-01 -1.621867716312408447e-01 3.907525911927223206e-02 -1.016610562801361084e-01 -2.444636672735214233e-01 7.185299694538116455e-02 -3.351977793499827385e-03 -1.441794931888580322e-01 3.675482049584388733e-02 -2.727988958358764648e-01 -4.077631980180740356e-02 5.800898745656013489e-02 1.252329647541046143e-01 3.965064883232116699e-02 -2.294538319110870361e-01 -2.977091670036315918e-01 2.065778970718383789e-01 -2.840906083583831787e-01 3.411055505275726318e-01 2.012701481580734253e-01 -2.853403091430664062e-01 4.456209242343902588e-01 -2.955119684338569641e-02 9.382238984107971191e-02 6.372229754924774170e-02 -9.966813772916793823e-02 1.208718344569206238e-01 1.237254738807678223e-01 -2.261554300785064697e-01 -1.859054565429687500e-01 -1.687381863594055176e-01 -1.605840176343917847e-01 1.498378999531269073e-02 -1.541358381509780884e-01 1.185251474380493164e-01 -2.023987919092178345e-01 -1.065117269754409790e-01 2.078581415116786957e-02 1.227705627679824829e-01 2.783229202032089233e-02 -1.051795333623886108e-01 -1.785288304090499878e-01 -1.131372973322868347e-01 2.557987868785858154e-01 1.998134106397628784e-01 1.277100145816802979e-01 7.124631851911544800e-02 1.209750846028327942e-01 3.755254745483398438e-01 9.172645211219787598e-01 1.200390979647636414e-01 -3.302440047264099121e-02 -1.127232983708381653e-01 -8.530580252408981323e-02 6.996674928814172745e-03 7.392222434282302856e-02 1.212270632386207581e-01 7.106354832649230957e-02 1.461351662874221802e-01 6.764368712902069092e-02 -3.780898749828338623e-01 2.671646475791931152e-01 -3.772823810577392578e-01 -3.165387213230133057e-01 -3.170990347862243652e-01 -4.034392237663269043e-01 -4.081916213035583496e-01 -2.905053794384002686e-01 -3.132005929946899414e-01 -3.119644820690155029e-01 -4.039795994758605957e-01 -2.265877723693847656e-01 -3.162150084972381592e-01 -4.068544805049896240e-01 -4.055790305137634277e-01 -4.090974926948547363e-01 -4.088243842124938965e-01 9.647964686155319214e-02 1.162466779351234436e-01 1.148099303245544434e-01 1.168114840984344482e-01 1.085805296897888184e-01 1.200331896543502808e-01 1.210501641035079956e-01 1.192679107189178467e-01 1.223838627338409424e-01 3.239629864692687988e-01 3.402227461338043213e-01 2.235575765371322632e-01 3.638070821762084961e-01 -1.551420241594314575e-01 -1.109436377882957458e-01 -1.584338247776031494e-01 -3.149632364511489868e-02 2.905013561248779297e-01 3.813194110989570618e-02 3.507576510310173035e-02 3.136426806449890137e-01 -1.285287439823150635e-01 -2.192525416612625122e-01 1.151301115751266479e-01 -1.887957155704498291e-01 -1.228941082954406738e-01 -1.113908886909484863e-01 -4.109340161085128784e-02 -2.039178013801574707e-01 -1.135257352143526077e-02 2.922540903091430664e-02 -2.778252959251403809e-01 1.334632039070129395e-01
-2.820433080196380615e-01 -2.789742648601531982e-01 -3.417731225490570068e-01 6.643829941749572754e-01 6.626840829849243164e-01 6.633439660072326660e-01 6.573793888092041016e-01 6.549791097640991211e-01 6.027723550796508789e-01 3.757071197032928467e-01 6.833511590957641602e-01 6.610912084579467773e-01 5.997346639633178711e-01 3.763581514358520508e-01 -2.269053161144256592e-01 1.809968650341033936e-01 -1.600756347179412842e-01 -1.837662458419799805e-01 -6.836976110935211182e-02 -4.392369464039802551e-02 -3.357067108154296875e-01 -5.952946469187736511e-02 -3.254376351833343506e-01 -7.881693542003631592e-02 -1.981420218944549561e-01 -1.207363381981849670e-01 1.692254990339279175e-01 -1.800467967987060547e-01 -2.956314384937286377e-01 -2.414437532424926758e-01 -3.076475262641906738e-01 -1.402847617864608765e-01 -2.458329945802688599e-01 -2.228698730468750000e-01 6.983946561813354492e-01 6.248586811125278473e-03 -1.693238615989685059e-01 1.606483012437820435e-01 -1.889466680586338043e-02 3.790666162967681885e-01 3.750173747539520264e-01 -1.730694174766540527e-01 -1.765136420726776123e-01 -1.456392258405685425e-01 -9.087434411048889160e-02 5.482022091746330261e-02 -1.721647083759307861e-01 3.745593726634979248e-01 -1.671567410230636597e-01 -1.951345950365066528e-01 -1.573060452938079834e-01 3.778629601001739502e-01 8.328782767057418823e-02 -1.769303083419799805e-01 -1.858398467302322388e-01 -2.198450416326522827e-01 -3.538583517074584961e-01 5.799454450607299805e-02 1.767530441284179688e-01 -5.679084360599517822e-02 1.390957683324813843e-01 6.654376387596130371e-01 -2.957824468612670898e-01 3.791039884090423584e-01 -6.501543521881103516e-02 -1.348152756690979004e-01 -1.614921987056732178e-01 -7.760481536388397217e-02 -4.794433340430259705e-02 1.446254700422286987e-01 -6.806683540344238281e-02 -2.002319395542144775e-01 -7.217212766408920288e-02 -4.032119512557983398e-01 -3.534809350967407227e-01 -4.020758867263793945e-01 -3.674588799476623535e-01 -3.686326146125793457e-01 -4.161703288555145264e-01 -4.219557046890258789e-01 -3.475718200206756592e-01 -3.686822950839996338e-01 -3.699532747268676758e-01 -4.208525121212005615e-01 -3.238375782966613770e-01 -3.716000914573669434e-01 -4.215939342975616455e-01 -4.209638237953186035e-01 -4.208261668682098389e-01 -4.209048449993133545e-01 3.359404802322387695e-01 3.684136867523193359e-01 3.711996972560882568e-01 3.759580254554748535e-01 2.209401577711105347e-01 3.767270445823669434e-01 3.745452165603637695e-01 3.741422295570373535e-01 3.806250393390655518e-01 5.639228224754333496e-01 5.970229506492614746e-01 4.679496288299560547e-01 5.986163020133972168e-01 -1.560622602701187134e-01 -2.253734767436981201e-01 -1.358703970909118652e-01 -1.083871871232986450e-01 -2.659668326377868652e-01 -1.263790857046842575e-02 1.244253143668174744e-01 4.887271523475646973e-01 -1.677565425634384155e-01 -2.264096885919570923e-01 1.144334226846694946e-01 -2.378780692815780640e-01 -1.660844236612319946e-01 -2.103071212768554688e-01 -2.722378373146057129e-01 -2.299795001745223999e-01 -1.207251474261283875e-01 -2.243049815297126770e-02 -3.101305663585662842e-01 1.541050970554351807e-01
-2.804726958274841309e-01 -2.821249663829803467e-01 -3.416905403137207031e-01 6.640960574150085449e-01 6.634761691093444824e-01 6.614544987678527832e-01 6.604976058006286621e-01 6.541220545768737793e-01 6.031372547149658203e-01 3.765502274036407471e-01 6.610912084579467773e-01 6.787803173065185547e-01 5.998549461364746094e-01 3.762968778610229492e-01 -2.278348505496978760e-01 1.812097877264022827e-01 -1.589442193508148193e-01 -1.918849050998687744e-01 -7.258352637290954590e-02 -5.014967545866966248e-02 -3.321469128131866455e-01 -5.761278420686721802e-02 -3.264849781990051270e-01 -7.880447804927825928e-02 -1.899280399084091187e-01 -1.216282099485397339e-01 1.702047288417816162e-01 -1.862431615591049194e-01 -2.921517193317413330e-01 -2.449391782283782959e-01 -3.124758303165435791e-01 -1.419433951377868652e-01 -2.486882209777832031e-01 -2.250000685453414917e-01 7.024831771850585938e-01 6.488279905170202255e-03 -1.647589951753616333e-01 1.602716892957687378e-01 -1.735586486756801605e-02 3.802523016929626465e-01 3.749217987060546875e-01 -1.720760464668273926e-01 -1.777331829071044922e-01 -1.513465791940689087e-01 -9.415195137262344360e-02 5.371513217687606812e-02 -1.756695657968521118e-01 3.756105303764343262e-01 -1.708360761404037476e-01 -1.981129944324493408e-01 -1.563103049993515015e-01 3.726293742656707764e-01 8.037794381380081177e-02 -1.797781586647033691e-01 -1.846394091844558716e-01 -2.153859138488769531e-01 -3.494379818439483643e-01 5.950610712170600891e-02 1.752251237630844116e-01 -5.479452759027481079e-02 1.443326622247695923e-01 6.658243536949157715e-01 -2.921760380268096924e-01 3.763835132122039795e-01 -6.743372976779937744e-02 -1.361199170351028442e-01 -1.609421223402023315e-01 -7.905440777540206909e-02 -4.846587777137756348e-02 1.405310332775115967e-01 -6.350275129079818726e-02 -1.965693831443786621e-01 -6.971106678247451782e-02 -4.046728312969207764e-01 -3.508759737014770508e-01 -4.069797396659851074e-01 -3.671014010906219482e-01 -3.674929440021514893e-01 -4.161733090877532959e-01 -4.212164580821990967e-01 -3.444393277168273926e-01 -3.692925572395324707e-01 -3.699067533016204834e-01 -4.208007752895355225e-01 -3.219177424907684326e-01 -3.704839050769805908e-01 -4.200570881366729736e-01 -4.189940392971038818e-01 -4.195267856121063232e-01 -4.192220866680145264e-01 3.366861939430236816e-01 3.736025094985961914e-01 3.737152814865112305e-01 3.785949349403381348e-01 2.185421884059906006e-01 3.815401792526245117e-01 3.781127929687500000e-01 3.754440248012542725e-01 3.794613182544708252e-01 5.597080588340759277e-01 5.931009650230407715e-01 4.646496176719665527e-01 5.968208312988281250e-01 -1.599207222461700439e-01 -2.259156405925750732e-01 -1.370040476322174072e-01 -1.113065704703330994e-01 -2.649531662464141846e-01 -1.822799257934093475e-02 1.204355731606483459e-01 4.917135536670684814e-01 -1.687794625759124756e-01 -2.262853384017944336e-01 1.119949147105216980e-01 -2.402343750000000000e-01 -1.647259891033172607e-01 -2.124782651662826538e-01 -2.728141844272613525e-01 -2.305687814950942993e-01 -1.184715628623962402e-01 -2.294637821614742279e-02 -3.099845349788665771e-01 1.515869200229644775e-01
