2.101611614227294922e+00 2.079623460769653320e+00 1.384114742279052734e+00 -2.568401396274566650e-01 -1.722854375839233398e-01 -1.590504348278045654e-01 -2.552011311054229736e-01 -1.813289523124694824e-01 -1.472562849521636963e-01 -2.483227998018264771e-01 -1.581854075193405151e-01 -2.078982442617416382e-01 -2.106918096542358398e-01 -1.726941317319869995e-01 1.975885359570384026e-03 -1.659152209758758545e-01 -9.745674580335617065e-02 -1.514114290475845337e-01 8.403418213129043579e-02 2.968906797468662262e-02 -2.288685739040374756e-02 -7.239493727684020996e-02 -2.387675084173679352e-02 -1.096177101135253906e-01 -7.387004792690277100e-02 -8.194283396005630493e-02 -1.209963560104370117e-01 -1.217419207096099854e-01 -7.419818639755249023e-02 1.831062287092208862e-01 1.339556723833084106e-01 -1.461476925760507584e-02 1.864414513111114502e-01 2.435234934091567993e-01 1.265996545553207397e-01 6.711754202842712402e-02 -1.266453862190246582e-01 -2.319347485899925232e-02 -1.198301538825035095e-01 -8.010498434305191040e-02 -1.233217120170593262e-01 -6.737300008535385132e-02 6.954180449247360229e-02 -9.177933633327484131e-02 -1.720869988203048706e-01 -1.480841487646102905e-01 4.154890403151512146e-02 1.271501835435628891e-02 -7.088269293308258057e-02 4.495440796017646790e-02 8.082235604524612427e-02 -9.805946797132492065e-02 -8.469525724649429321e-02 3.184663876891136169e-02 1.748047024011611938e-02 -1.183195337653160095e-01 7.397942245006561279e-02 -6.204164400696754456e-02 -1.531881280243396759e-02 3.397291526198387146e-02 -7.143680751323699951e-02 -2.138097882270812988e-01 -2.567037642002105713e-01 -8.520463109016418457e-02 -2.204336784780025482e-02 3.159144893288612366e-02 7.004419714212417603e-02 2.177528478205204010e-02 -4.911050945520401001e-02 -7.149956375360488892e-02 9.022977203130722046e-03 -3.871729224920272827e-02 -7.569526135921478271e-02 1.850640177726745605e-01 2.652592360973358154e-01 3.348864018917083740e-01 -1.387729942798614502e-01 -1.343664973974227905e-01 -1.558558046817779541e-01 -1.684138476848602295e-01 -1.285036057233810425e-01 -1.386441290378570557e-01 -1.505699008703231812e-01 -1.450242400169372559e-01 -1.393800228834152222e-01 -1.452483087778091431e-01 -1.401641964912414551e-01 -1.576526314020156860e-01 -1.548988819122314453e-01 -1.575761139392852783e-01 -4.739781841635704041e-02 -8.663956820964813232e-02 -1.098041236400604248e-01 -7.923931814730167389e-03 1.926661133766174316e-01 1.259529776871204376e-02 -2.423782497644424438e-01 9.685380384325981140e-03 2.880563437938690186e-01 -1.965645700693130493e-01 -1.768957227468490601e-01 -1.541270166635513306e-01 -1.918514072895050049e-01 7.119267433881759644e-02 3.338963724672794342e-03 2.533506602048873901e-02 -9.619510173797607422e-02 1.118023097515106201e-01 -4.318893328309059143e-02 -5.386049300432205200e-02 -1.853417307138442993e-01 -6.784857809543609619e-02 4.572097659111022949e-01 1.513613611459732056e-01 -3.077817894518375397e-02 2.588002197444438934e-02 1.266897022724151611e-01 -9.501876309514045715e-03 2.470947206020355225e-01 1.000832673162221909e-02 1.395302861928939819e-01 -1.260560303926467896e-01 8.730428665876388550e-02
2.079623460769653320e+00 2.103947639465332031e+00 1.387296795845031738e+00 -2.561287581920623779e-01 -1.702575385570526123e-01 -1.586758792400360107e-01 -2.549721896648406982e-01 -1.791573762893676758e-01 -1.471918225288391113e-01 -2.463261783123016357e-01 -1.565279960632324219e-01 -2.072447538375854492e-01 -2.086561471223831177e-01 -1.733741611242294312e-01 5.815025651827454567e-04 -1.667836755514144897e-01 -9.849201142787933350e-02 -1.530638784170150757e-01 8.480467647314071655e-02 3.071474470198154449e-02 -2.315938100218772888e-02 -7.280824333429336548e-02 -2.233509160578250885e-02 -1.099951863288879395e-01 -7.453303784132003784e-02 -8.428146690130233765e-02 -1.223455742001533508e-01 -1.204752847552299500e-01 -7.529298216104507446e-02 1.838732510805130005e-01 1.349725574254989624e-01 -1.342147495597600937e-02 1.896342337131500244e-01 2.452513128519058228e-01 1.272300034761428833e-01 6.652958691120147705e-02 -1.254609078168869019e-01 -2.224079519510269165e-02 -1.210867688059806824e-01 -7.904931902885437012e-02 -1.230402514338493347e-01 -6.723435968160629272e-02 6.789971888065338135e-02 -9.111803025007247925e-02 -1.733033210039138794e-01 -1.466089487075805664e-01 4.058637470006942749e-02 1.418716832995414734e-02 -7.163361459970474243e-02 4.463935643434524536e-02 7.639615982770919800e-02 -9.740374982357025146e-02 -8.424521982669830322e-02 3.065621107816696167e-02 1.725416071712970734e-02 -1.165392473340034485e-01 7.480179518461227417e-02 -6.460309028625488281e-02 -1.394080556929111481e-02 3.528881818056106567e-02 -7.053528726100921631e-02 -2.117558717727661133e-01 -2.557980120182037354e-01 -8.799581229686737061e-02 -2.163141779601573944e-02 3.059224598109722137e-02 6.854703277349472046e-02 2.077924646437168121e-02 -4.862410575151443481e-02 -7.213088870048522949e-02 7.353337481617927551e-03 -3.699377179145812988e-02 -7.753232121467590332e-02 1.863597035408020020e-01 2.681913375854492188e-01 3.375526964664459229e-01 -1.408382654190063477e-01 -1.366439312696456909e-01 -1.581061780452728271e-01 -1.693923771381378174e-01 -1.307145506143569946e-01 -1.384325474500656128e-01 -1.515113413333892822e-01 -1.450047045946121216e-01 -1.399813741445541382e-01 -1.475119292736053467e-01 -1.396020054817199707e-01 -1.599616110324859619e-01 -1.567623615264892578e-01 -1.581258475780487061e-01 -4.531943798065185547e-02 -8.659233152866363525e-02 -1.096005737781524658e-01 -8.547434583306312561e-03 1.939678192138671875e-01 1.271227188408374786e-02 -2.455186545848846436e-01 7.361621595919132233e-03 2.867214977741241455e-01 -1.946937739849090576e-01 -1.758777797222137451e-01 -1.527399569749832153e-01 -1.903474777936935425e-01 7.156573235988616943e-02 4.229173064231872559e-03 2.509987168014049530e-02 -9.581205248832702637e-02 1.118111014366149902e-01 -4.349498450756072998e-02 -5.365986004471778870e-02 -1.841459125280380249e-01 -6.805367022752761841e-02 4.585106074810028076e-01 1.510993391275405884e-01 -3.119730576872825623e-02 2.477592974901199341e-02 1.263521760702133179e-01 -9.980875998735427856e-03 2.468136101961135864e-01 1.024579722434282303e-02 1.397380977869033813e-01 -1.269958615303039551e-01 8.696776628494262695e-02
1.384114742279052734e+00 1.387296795845031738e+00 1.434469223022460938e+00 -2.244481146335601807e-01 -1.270707100629806519e-01 -1.007205545902252197e-01 -2.225328534841537476e-01 -1.221280992031097412e-01 -6.579069793224334717e-02 -1.975219994783401489e-01 -9.826981276273727417e-02 -1.620436906814575195e-01 -1.630026400089263916e-01 -1.343238651752471924e-01 1.888594962656497955e-02 -1.577460765838623047e-01 -1.337883770465850830e-01 -1.080889850854873657e-01 1.030069440603256226e-01 1.022382453083992004e-02 -3.224738314747810364e-02 -4.880388081073760986e-02 -6.146838888525962830e-02 -4.727332293987274170e-02 -1.103490591049194336e-01 -8.616988360881805420e-02 -1.315819025039672852e-01 -8.641485869884490967e-02 -1.319941878318786621e-01 1.753697246313095093e-01 1.204215586185455322e-01 -6.526916474103927612e-02 1.711406260728836060e-01 2.047545462846755981e-01 2.940231263637542725e-01 1.317163258790969849e-01 -1.357906460762023926e-01 -7.844635844230651855e-02 -9.507498890161514282e-02 -1.469439864158630371e-01 -1.902317404747009277e-01 -7.664965838193893433e-02 3.361330926418304443e-02 -1.191299110651016235e-01 -1.722650378942489624e-01 -1.471998691558837891e-01 1.367363613098859787e-02 -7.353227585554122925e-02 -7.867869734764099121e-02 -6.153872702270746231e-03 7.019761949777603149e-02 -1.645366400480270386e-01 -1.371834725141525269e-01 -2.194911986589431763e-02 9.707828611135482788e-02 -1.356301009654998779e-01 3.590501248836517334e-01 -1.169619113206863403e-01 -7.949640974402427673e-03 -7.117995619773864746e-02 -1.481148749589920044e-01 -1.588466465473175049e-01 -1.290487349033355713e-01 -1.568185240030288696e-01 3.934150189161300659e-02 3.066148236393928528e-02 3.607572615146636963e-02 1.468294579535722733e-02 -3.768434748053550720e-02 -7.453385740518569946e-02 3.384886384010314941e-01 5.419803410768508911e-02 1.778341382741928101e-01 6.094333529472351074e-01 6.512024998664855957e-01 6.742898821830749512e-01 -1.307241022586822510e-01 -1.271710097789764404e-01 -1.549252271652221680e-01 -1.494884341955184937e-01 -1.112574264407157898e-01 -1.294528394937515259e-01 -1.154299676418304443e-01 -1.399345248937606812e-01 -1.025231927633285522e-01 -1.248177662491798401e-01 -1.540705859661102295e-01 -1.541199535131454468e-01 -1.537428200244903564e-01 -1.549202054738998413e-01 -6.861148029565811157e-02 -1.561472564935684204e-01 -1.447408944368362427e-01 -1.498216688632965088e-01 3.090307302772998810e-02 -1.023033857345581055e-01 -2.556180655956268311e-01 -1.051008552312850952e-01 4.269811883568763733e-02 -1.588232964277267456e-01 -1.409784853458404541e-01 -1.021452024579048157e-01 -1.499981582164764404e-01 1.206559985876083374e-01 4.997467622160911560e-02 4.287661984562873840e-02 -1.048674210906028748e-01 9.976562112569808960e-02 -7.818326354026794434e-02 -7.652197033166885376e-02 -1.663019508123397827e-01 -9.968711435794830322e-02 3.774703741073608398e-01 8.748529851436614990e-02 -7.793973386287689209e-02 -1.036311406642198563e-02 6.108316779136657715e-02 -4.186889156699180603e-02 2.129575908184051514e-01 4.014922771602869034e-03 6.164292618632316589e-02 -1.186669915914535522e-01 3.677930310368537903e-02
-2.568401396274566650e-01 -2.561287581920623779e-01 -2.244481146335601807e-01 2.081201314926147461e+00 1.155381679534912109e+00 1.220054864883422852e+00 2.059530019760131836e+00 1.391606450080871582e+00 1.042816996574401855e+00 1.567559957504272461e+00 1.214351415634155273e+00 1.637998700141906738e+00 1.638359308242797852e+00 -2.425905019044876099e-01 -1.193664371967315674e-01 -1.831515580415725708e-01 -1.816973835229873657e-01 -1.734953671693801880e-01 -1.239359304308891296e-01 -1.189581379294395447e-01 -1.173284426331520081e-01 -1.727207601070404053e-01 -2.026857882738113403e-01 -1.570605784654617310e-01 -1.675097644329071045e-01 -1.740241497755050659e-01 -2.847897708415985107e-01 -3.611687421798706055e-01 -2.830731868743896484e-01 -1.877405643463134766e-01 -2.476824373006820679e-01 -2.195768654346466064e-01 -1.842041164636611938e-01 -2.326677590608596802e-01 8.628021180629730225e-02 -7.148089259862899780e-02 2.267239689826965332e-01 -2.152063697576522827e-01 -2.208862304687500000e-01 -1.759692132472991943e-01 -1.933080703020095825e-01 -1.884426921606063843e-01 -2.207486331462860107e-01 -2.400740385055541992e-01 -2.085745036602020264e-01 -2.119487822055816650e-01 4.609377309679985046e-02 -1.955221891403198242e-01 -1.936504989862442017e-01 -1.795064210891723633e-01 -1.150751188397407532e-01 -1.610841155052185059e-01 -2.569861114025115967e-01 -2.008397132158279419e-01 -1.919637024402618408e-01 -2.558286190032958984e-01 1.871829852461814880e-02 -2.174344062805175781e-01 -1.371599882841110229e-01 -2.777869105339050293e-01 -2.306451648473739624e-01 1.599933385848999023e+00 -7.773351669311523438e-02 -2.319912314414978027e-01 -1.189097836613655090e-01 -1.713123619556427002e-01 -2.202281653881072998e-01 -1.104223281145095825e-01 -1.223087236285209656e-01 -1.807572692632675171e-01 -8.281320333480834961e-02 -9.815242886543273926e-02 -2.865214832127094269e-02 -1.415714025497436523e-01 -1.133680716156959534e-01 -8.328454196453094482e-02 -3.248461782932281494e-01 -3.143667280673980713e-01 -2.946781218051910400e-01 -2.816185653209686279e-01 -2.905449867248535156e-01 -3.254849016666412354e-01 -3.196647465229034424e-01 -3.128554821014404297e-01 -3.217969834804534912e-01 -3.027313053607940674e-01 -3.111056983470916748e-01 -2.954853773117065430e-01 -2.962552309036254883e-01 -2.965134382247924805e-01 -9.540278464555740356e-02 -2.383826076984405518e-01 -2.581191658973693848e-01 -2.236426621675491333e-01 -2.832817435264587402e-01 -1.891500055789947510e-01 -1.297920942306518555e-01 -1.904250979423522949e-01 -2.402096688747406006e-01 1.445967555046081543e+00 1.394770383834838867e+00 1.014332056045532227e+00 1.423042178153991699e+00 -2.163853794336318970e-01 -2.153924256563186646e-01 -2.426724880933761597e-01 -2.310697883367538452e-01 -1.641228348016738892e-01 -2.048684507608413696e-01 -3.144343197345733643e-02 5.947589874267578125e-01 -2.501171231269836426e-01 -1.533711701631546021e-01 -1.568859517574310303e-01 -1.955786198377609253e-01 -9.098031371831893921e-02 -1.442927271127700806e-01 -1.095589995384216309e-01 -1.866647452116012573e-01 -4.892734065651893616e-02 -7.130566239356994629e-02 -2.598914504051208496e-01 -1.180990934371948242e-01
-1.722854375839233398e-01 -1.702575385570526123e-01 -1.270707100629806519e-01 1.155381679534912109e+00 1.626236438751220703e+00 1.632637858390808105e+00 1.154460668563842773e+00 1.157312870025634766e+00 9.166433811187744141e-01 1.127630352973937988e+00 1.628659963607788086e+00 1.393698930740356445e+00 1.395184278488159180e+00 -2.058087140321731567e-01 -1.298315376043319702e-01 -1.640329211950302124e-01 -1.673496067523956299e-01 -1.755014359951019287e-01 -9.074170142412185669e-02 -1.236864700913429260e-01 -1.225899904966354370e-01 -1.358053088188171387e-01 -1.239588633179664612e-01 -1.132232248783111572e-01 -7.457707077264785767e-02 -1.743048727512359619e-01 -2.448439151048660278e-01 -3.432643711566925049e-01 -2.870413661003112793e-01 -5.567689612507820129e-02 -1.989829391241073608e-01 -1.678733080625534058e-01 -4.583531245589256287e-02 -1.264083087444305420e-01 1.918211430311203003e-01 -4.085315763950347900e-02 1.873373985290527344e-01 -2.100623697042465210e-01 -1.765640377998352051e-01 -1.709045618772506714e-01 -1.445280313491821289e-01 -1.739430725574493408e-01 -1.526759862899780273e-01 -1.278044879436492920e-01 -8.455237746238708496e-02 -1.823878586292266846e-01 1.535354256629943848e-01 -1.860450506210327148e-01 -1.505348235368728638e-01 -1.085915863513946533e-01 -7.542648911476135254e-02 -1.394429504871368408e-01 -2.340181916952133179e-01 -1.199076101183891296e-01 -1.633841395378112793e-01 -2.461338192224502563e-01 -5.930171906948089600e-02 -2.130650877952575684e-01 -1.865623146295547485e-01 -2.869606614112854004e-01 -2.248865365982055664e-01 1.408597469329833984e+00 -5.831944197416305542e-02 -2.224437743425369263e-01 -8.400407433509826660e-02 -1.153221502900123596e-01 -1.725067794322967529e-01 -7.380099594593048096e-02 -1.134866848587989807e-01 -1.373728513717651367e-01 -1.695003360509872437e-01 -1.735903918743133545e-01 -1.248020082712173462e-01 -2.078451365232467651e-01 -1.903241723775863647e-01 -1.975442022085189819e-01 -3.253241181373596191e-01 -3.162638843059539795e-01 -2.945218384265899658e-01 -2.793693244457244873e-01 -2.729489505290985107e-01 -3.230559527873992920e-01 -3.107012808322906494e-01 -3.096412718296051025e-01 -3.169666528701782227e-01 -2.976538836956024170e-01 -3.108212053775787354e-01 -2.944777011871337891e-01 -2.955685853958129883e-01 -2.961616516113281250e-01 -1.210460960865020752e-01 -2.233524918556213379e-01 -2.396232038736343384e-01 -2.130521535873413086e-01 -1.884225606918334961e-01 -1.438962519168853760e-01 -1.046387851238250732e-01 -1.433075368404388428e-01 -1.764043271541595459e-01 1.320695996284484863e+00 1.276590585708618164e+00 9.077020883560180664e-01 1.240571141242980957e+00 -2.195179015398025513e-01 -2.053486406803131104e-01 -2.253448069095611572e-01 -1.973015218973159790e-01 -1.579008251428604126e-01 -1.713439226150512695e-01 -2.821426279842853546e-02 5.419955253601074219e-01 -2.041300982236862183e-01 -4.850012436509132385e-02 -1.266355663537979126e-01 -2.047447413206100464e-01 -9.402446448802947998e-02 -1.209201216697692871e-01 -1.335354000329971313e-01 -1.833112835884094238e-01 -3.394894674420356750e-02 -7.365665584802627563e-02 -2.698900401592254639e-01 -1.254833489656448364e-01
-1.590504348278045654e-01 -1.586758792400360107e-01 -1.007205545902252197e-01 1.220054864883422852e+00 1.632637858390808105e+00 2.104593515396118164e+00 1.216215014457702637e+00 1.400794625282287598e+00 1.175736546516418457e+00 1.284402370452880859e+00 2.079035997390747070e+00 1.649524807929992676e+00 1.652336597442626953e+00 -2.596180140972137451e-01 -8.105621486902236938e-02 -1.898522973060607910e-01 -2.041293680667877197e-01 -1.960245072841644287e-01 -1.024565622210502625e-01 -1.080424189567565918e-01 -1.406312882900238037e-01 -1.948484927415847778e-01 -1.853775531053543091e-01 -1.594617962837219238e-01 -1.606414616107940674e-01 -1.981577873229980469e-01 -2.859794795513153076e-01 -3.884267508983612061e-01 -3.162648975849151611e-01 -8.274202793836593628e-02 -1.899140775203704834e-01 -2.321312278509140015e-01 -7.985229790210723877e-02 -1.177868619561195374e-01 2.100612521171569824e-01 -1.602203026413917542e-02 1.822981834411621094e-01 -2.292587608098983765e-01 -2.618912458419799805e-01 -2.052586376667022705e-01 -1.973180472850799561e-01 -2.362178564071655273e-01 -2.386637777090072632e-01 -2.437411248683929443e-01 -2.272890657186508179e-01 -2.242307066917419434e-01 2.165279984474182129e-01 -2.408448308706283569e-01 -2.072815597057342529e-01 -1.566574722528457642e-01 -5.740305036306381226e-02 -1.704208552837371826e-01 -2.762298583984375000e-01 -1.983626633882522583e-01 -2.021209299564361572e-01 -2.927689552307128906e-01 -5.032891780138015747e-02 -2.379381656646728516e-01 -1.912587136030197144e-01 -3.205194771289825439e-01 -2.637872397899627686e-01 1.685595035552978516e+00 -1.210005134344100952e-01 -2.545139789581298828e-01 -9.534845501184463501e-02 -1.238037347793579102e-01 -2.152729630470275879e-01 -9.863730520009994507e-02 -1.181029751896858215e-01 -1.825361698865890503e-01 -1.461268514394760132e-01 -1.365934461355209351e-01 -8.533570915460586548e-02 -2.072411626577377319e-01 -1.873808503150939941e-01 -2.004213929176330566e-01 -3.632695674896240234e-01 -3.509663939476013184e-01 -3.339536786079406738e-01 -3.196263611316680908e-01 -3.194778561592102051e-01 -3.624873161315917969e-01 -3.567410707473754883e-01 -3.489337563514709473e-01 -3.604903519153594971e-01 -3.398022651672363281e-01 -3.489694595336914062e-01 -3.337562680244445801e-01 -3.344632983207702637e-01 -3.340528309345245361e-01 -1.364899575710296631e-01 -2.574389874935150146e-01 -2.826944291591644287e-01 -2.443501055240631104e-01 -2.787489295005798340e-01 -1.919267326593399048e-01 -1.404431015253067017e-01 -1.915115267038345337e-01 -2.473516911268234253e-01 1.563489913940429688e+00 1.507969737052917480e+00 1.083808541297912598e+00 1.454565763473510742e+00 -2.595391571521759033e-01 -2.356958389282226562e-01 -2.702978551387786865e-01 -2.477415204048156738e-01 -1.854727715253829956e-01 -2.208329886198043823e-01 -3.744315356016159058e-02 6.281977295875549316e-01 -2.564246654510498047e-01 -3.233815357089042664e-02 -1.500852108001708984e-01 -2.441657036542892456e-01 -1.064688563346862793e-01 -1.409894227981567383e-01 -1.535801142454147339e-01 -2.016697824001312256e-01 -3.999632969498634338e-02 -9.117285162210464478e-02 -2.991365194320678711e-01 -1.459427177906036377e-01
-2.552011311054229736e-01 -2.549721896648406982e-01 -2.225328534841537476e-01 2.059530019760131836e+00 1.154460668563842773e+00 1.216215014457702637e+00 2.079695463180541992e+00 1.390581965446472168e+00 1.042719960212707520e+00 1.566112875938415527e+00 1.214807510375976562e+00 1.635149955749511719e+00 1.636934041976928711e+00 -2.446936219930648804e-01 -1.178423613309860229e-01 -1.825055181980133057e-01 -1.794734150171279907e-01 -1.742788553237915039e-01 -1.216216906905174255e-01 -1.179769337177276611e-01 -1.170615106821060181e-01 -1.742358207702636719e-01 -2.013507932424545288e-01 -1.548670679330825806e-01 -1.624847650527954102e-01 -1.720268726348876953e-01 -2.865647077560424805e-01 -3.608398437500000000e-01 -2.825671136379241943e-01 -1.891617029905319214e-01 -2.496516108512878418e-01 -2.201204895973205566e-01 -1.833115369081497192e-01 -2.338905483484268188e-01 8.381514251232147217e-02 -7.061094790697097778e-02 2.253310233354568481e-01 -2.138843238353729248e-01 -2.199550122022628784e-01 -1.773497611284255981e-01 -1.961777806282043457e-01 -1.898709535598754883e-01 -2.214150130748748779e-01 -2.377233207225799561e-01 -2.080823779106140137e-01 -2.123428136110305786e-01 4.498577862977981567e-02 -1.955985873937606812e-01 -1.935971379280090332e-01 -1.796920597553253174e-01 -1.152256950736045837e-01 -1.609433293342590332e-01 -2.578448653221130371e-01 -2.006594538688659668e-01 -1.898839771747589111e-01 -2.568012773990631104e-01 1.821085251867771149e-02 -2.154675871133804321e-01 -1.383974403142929077e-01 -2.783258855342864990e-01 -2.313182502985000610e-01 1.598084092140197754e+00 -7.641138136386871338e-02 -2.330489009618759155e-01 -1.185123249888420105e-01 -1.709264069795608521e-01 -2.184382081031799316e-01 -1.095152348279953003e-01 -1.217469274997711182e-01 -1.816478669643402100e-01 -8.265393227338790894e-02 -9.908968210220336914e-02 -2.795364335179328918e-02 -1.386913508176803589e-01 -1.128496602177619934e-01 -8.056825399398803711e-02 -3.245528638362884521e-01 -3.140524327754974365e-01 -2.944816946983337402e-01 -2.808757424354553223e-01 -2.909498512744903564e-01 -3.240815401077270508e-01 -3.177370727062225342e-01 -3.132624626159667969e-01 -3.222063183784484863e-01 -3.014307916164398193e-01 -3.102835714817047119e-01 -2.954019904136657715e-01 -2.955389618873596191e-01 -2.956051826477050781e-01 -9.579899907112121582e-02 -2.391778975725173950e-01 -2.604153156280517578e-01 -2.264606803655624390e-01 -2.813992202281951904e-01 -1.885861158370971680e-01 -1.282261759042739868e-01 -1.887650638818740845e-01 -2.379157543182373047e-01 1.445031285285949707e+00 1.393356680870056152e+00 1.011027812957763672e+00 1.420708060264587402e+00 -2.168302386999130249e-01 -2.167248576879501343e-01 -2.419861704111099243e-01 -2.301661521196365356e-01 -1.629649847745895386e-01 -2.045461535453796387e-01 -3.160508722066879272e-02 5.955217480659484863e-01 -2.499200254678726196e-01 -1.544922441244125366e-01 -1.564839482307434082e-01 -1.950034648180007935e-01 -9.012432396411895752e-02 -1.437579542398452759e-01 -1.091056093573570251e-01 -1.854511797428131104e-01 -4.732801392674446106e-02 -7.031261920928955078e-02 -2.596114575862884521e-01 -1.175296828150749207e-01
-1.813289523124694824e-01 -1.791573762893676758e-01 -1.221280992031097412e-01 1.391606450080871582e+00 1.157312870025634766e+00 1.400794625282287598e+00 1.390581965446472168e+00 1.422911167144775391e+00 1.117953896522521973e+00 1.206371665000915527e+00 1.398336648941040039e+00 1.395750999450683594e+00 1.396503567695617676e+00 -2.303569763898849487e-01 -6.315788626670837402e-02 -1.559629142284393311e-01 -1.543253362178802490e-01 -1.507077515125274658e-01 -8.258238434791564941e-02 -8.193475008010864258e-02 -1.048252657055854797e-01 -1.623832285404205322e-01 -1.951045542955398560e-01 -1.286554932594299316e-01 -1.271880865097045898e-01 -1.481257528066635132e-01 -2.582706212997436523e-01 -3.526523411273956299e-01 -2.836979925632476807e-01 -1.219671145081520081e-01 -2.035424560308456421e-01 -2.073816061019897461e-01 -1.193758547306060791e-01 -1.594682782888412476e-01 2.107161879539489746e-01 -1.222348120063543320e-02 2.052980214357376099e-01 -1.988339126110076904e-01 -2.076251655817031860e-01 -1.623047441244125366e-01 -1.673369854688644409e-01 -1.708987057209014893e-01 -2.054806798696517944e-01 -2.231831699609756470e-01 -1.950517296791076660e-01 -1.719705015420913696e-01 1.634382307529449463e-01 -1.898377686738967896e-01 -1.634788513183593750e-01 -1.414823532104492188e-01 -3.785804659128189087e-02 -1.426909863948822021e-01 -2.379125058650970459e-01 -1.662866324186325073e-01 -1.652285158634185791e-01 -2.470603287220001221e-01 2.798812277615070343e-02 -2.087380886077880859e-01 -1.119493097066879272e-01 -2.700995802879333496e-01 -2.256030887365341187e-01 1.395035266876220703e+00 -8.212230354547500610e-02 -2.230114340782165527e-01 -6.991908699274063110e-02 -1.192980855703353882e-01 -1.913685947656631470e-01 -7.263486087322235107e-02 -8.841251581907272339e-02 -1.542759686708450317e-01 -4.401824623346328735e-02 -4.608007147908210754e-02 3.524568304419517517e-02 -1.502307653427124023e-01 -1.134944707155227661e-01 -1.103221178054809570e-01 -3.395138084888458252e-01 -3.321211338043212891e-01 -3.191860020160675049e-01 -3.043340146541595459e-01 -2.994270622730255127e-01 -3.385990262031555176e-01 -3.343870043754577637e-01 -3.338908255100250244e-01 -3.286617994308471680e-01 -3.172531127929687500e-01 -3.332730531692504883e-01 -3.172504603862762451e-01 -3.196153640747070312e-01 -3.195751309394836426e-01 -9.245784580707550049e-02 -2.264065891504287720e-01 -2.596383690834045410e-01 -2.039722055196762085e-01 -2.524140179157257080e-01 -1.586265563964843750e-01 -1.155034303665161133e-01 -1.599867045879364014e-01 -2.060471326112747192e-01 1.290146827697753906e+00 1.249396920204162598e+00 9.377152919769287109e-01 1.236450076103210449e+00 -2.315287142992019653e-01 -2.209193110466003418e-01 -2.460279762744903564e-01 -2.297456413507461548e-01 -1.542576402425765991e-01 -2.052875906229019165e-01 -4.171925038099288940e-02 5.122589468955993652e-01 -2.329798638820648193e-01 -7.854735851287841797e-02 -1.343190819025039673e-01 -2.119165211915969849e-01 -8.216125518083572388e-02 -1.290689855813980103e-01 -1.048331782221794128e-01 -1.531074047088623047e-01 -4.317288845777511597e-02 -7.023934274911880493e-02 -2.828795015811920166e-01 -1.155899390578269958e-01
-1.472562849521636963e-01 -1.471918225288391113e-01 -6.579069793224334717e-02 1.042816996574401855e+00 9.166433811187744141e-01 1.175736546516418457e+00 1.042719960212707520e+00 1.117953896522521973e+00 1.218477249145507812e+00 9.244002103805541992e-01 1.171944737434387207e+00 1.108404397964477539e+00 1.109584212303161621e+00 -2.069095969200134277e-01 4.429370164871215820e-03 -1.112888231873512268e-01 -1.019504368305206299e-01 -1.044151261448860168e-01 -4.465397447347640991e-02 -4.249392449855804443e-02 -8.076819032430648804e-02 -1.256876736879348755e-01 -1.771440356969833374e-01 -1.068655475974082947e-01 -8.130900561809539795e-02 -1.037039458751678467e-01 -2.274139523506164551e-01 -3.317202031612396240e-01 -2.630666792392730713e-01 -9.719960391521453857e-02 -1.789126694202423096e-01 -1.843792051076889038e-01 -9.981993585824966431e-02 -1.278639137744903564e-01 3.078066706657409668e-01 3.118245862424373627e-02 2.165548205375671387e-01 -1.744261682033538818e-01 -1.799387484788894653e-01 -1.401795148849487305e-01 -1.075969859957695007e-01 -1.258307844400405884e-01 -1.803422868251800537e-01 -2.059637606143951416e-01 -1.840822845697402954e-01 -1.235728859901428223e-01 2.304082065820693970e-01 -1.561844646930694580e-01 -1.410969197750091553e-01 -1.096140816807746887e-01 3.522326424717903137e-02 -7.746877521276473999e-02 -2.036364525556564331e-01 -1.315842419862747192e-01 -1.256244182586669922e-01 -2.179627120494842529e-01 7.494422048330307007e-02 -1.877047270536422729e-01 -5.489725247025489807e-02 -2.459870427846908569e-01 -2.027938961982727051e-01 1.105879902839660645e+00 -7.155439257621765137e-02 -1.961997896432876587e-01 -2.160307951271533966e-02 -8.493835479021072388e-02 -1.605399996042251587e-01 -4.492282494902610779e-02 -4.955926164984703064e-02 -1.246429085731506348e-01 4.055736586451530457e-02 3.766142949461936951e-02 1.457803249359130859e-01 -1.352898478507995605e-01 -8.031736314296722412e-02 -9.590847045183181763e-02 -3.373861014842987061e-01 -3.273594081401824951e-01 -3.260819613933563232e-01 -3.108614087104797363e-01 -2.970802485942840576e-01 -3.366432189941406250e-01 -3.246679008007049561e-01 -3.380145728588104248e-01 -3.175303936004638672e-01 -3.169122040271759033e-01 -3.404800295829772949e-01 -3.255549967288970947e-01 -3.255252242088317871e-01 -3.267653584480285645e-01 -6.775470823049545288e-02 -2.017034739255905151e-01 -2.431848943233489990e-01 -1.737094223499298096e-01 -2.238887995481491089e-01 -1.093263402581214905e-01 -7.074506580829620361e-02 -1.106346175074577332e-01 -1.634156554937362671e-01 1.032873392105102539e+00 1.006059527397155762e+00 8.034292459487915039e-01 9.873936772346496582e-01 -2.314217388629913330e-01 -2.208274751901626587e-01 -2.384794950485229492e-01 -2.172934114933013916e-01 -1.335615664720535278e-01 -1.974423378705978394e-01 -4.849954321980476379e-02 3.896700441837310791e-01 -2.103048563003540039e-01 -5.025819689035415649e-02 -1.127445995807647705e-01 -2.028732299804687500e-01 -6.004879996180534363e-02 -1.116955354809761047e-01 -7.548291981220245361e-02 -1.064526289701461792e-01 -3.579535335302352905e-02 -6.140204146504402161e-02 -2.895490825176239014e-01 -9.423006325960159302e-02
-2.483227998018264771e-01 -2.463261783123016357e-01 -1.975219994783401489e-01 1.567559957504272461e+00 1.127630352973937988e+00 1.284402370452880859e+00 1.566112875938415527e+00 1.206371665000915527e+00 9.244002103805541992e-01 1.580231904983520508e+00 1.279491186141967773e+00 1.420462250709533691e+00 1.424046993255615234e+00 -2.359587252140045166e-01 -8.506596088409423828e-02 -1.707670390605926514e-01 -1.632954478263854980e-01 -1.609399616718292236e-01 -1.065188348293304443e-01 -1.114918217062950134e-01 -8.249460905790328979e-02 -1.548800915479660034e-01 -1.750587821006774902e-01 -1.270361542701721191e-01 -9.631858021020889282e-02 -1.015354767441749573e-01 -2.367107719182968140e-01 -3.173607885837554932e-01 -2.868098318576812744e-01 -1.426597237586975098e-01 -2.130257040262222290e-01 -2.053789496421813965e-01 -1.356822699308395386e-01 -1.956513226032257080e-01 1.411250978708267212e-01 -2.270597964525222778e-02 1.530620753765106201e-01 -1.940809488296508789e-01 -2.034727334976196289e-01 -2.054428905248641968e-01 -2.267016768455505371e-01 -1.942694336175918579e-01 -2.116051465272903442e-01 -2.159236818552017212e-01 -1.807987689971923828e-01 -2.171487063169479370e-01 4.307150840759277344e-02 -2.378813922405242920e-01 -1.783661991357803345e-01 -1.584904044866561890e-01 -2.917537838220596313e-02 -1.999178230762481689e-01 -2.292974591255187988e-01 -1.696585267782211304e-01 -1.074216514825820923e-01 -2.140195220708847046e-01 1.052603349089622498e-01 -2.015016674995422363e-01 -3.715212643146514893e-02 -2.697344422340393066e-01 -2.313165068626403809e-01 1.419746994972229004e+00 2.185423485934734344e-02 -2.691035270690917969e-01 -1.009168624877929688e-01 -1.369188725948333740e-01 -2.059307992458343506e-01 -1.044737771153450012e-01 -1.035271584987640381e-01 -1.181518137454986572e-01 5.875472351908683777e-02 8.754438906908035278e-02 1.163948774337768555e-01 -8.739399909973144531e-02 -1.384617015719413757e-02 -3.096718899905681610e-02 -3.284253180027008057e-01 -3.159506618976593018e-01 -3.065159320831298828e-01 -2.926382422447204590e-01 -2.858231663703918457e-01 -3.291488289833068848e-01 -3.178443014621734619e-01 -3.242530524730682373e-01 -3.105577528476715088e-01 -3.038955628871917725e-01 -3.229630887508392334e-01 -3.096922039985656738e-01 -3.081823587417602539e-01 -3.069718778133392334e-01 -7.869262993335723877e-02 -2.745305299758911133e-01 -2.945230603218078613e-01 -2.631309032440185547e-01 -2.886195480823516846e-01 -2.157051861286163330e-01 -1.538398414850234985e-01 -2.175434976816177368e-01 -2.637223005294799805e-01 1.304927587509155273e+00 1.270056009292602539e+00 9.646561741828918457e-01 1.259464383125305176e+00 -1.851694136857986450e-01 -1.910974383354187012e-01 -2.099757343530654907e-01 -1.847048699855804443e-01 -1.134799793362617493e-01 -1.563514322042465210e-01 -5.631388630717992783e-03 5.491377711296081543e-01 -2.035187780857086182e-01 -1.169113069772720337e-01 -9.988878667354583740e-02 -2.108986526727676392e-01 -6.316916644573211670e-02 -1.069886311888694763e-01 -8.647732436656951904e-02 -1.085910797119140625e-01 -1.792636513710021973e-02 -6.577199697494506836e-02 -2.686855792999267578e-01 -1.205846816301345825e-01
-1.581854075193405151e-01 -1.565279960632324219e-01 -9.826981276273727417e-02 1.214351415634155273e+00 1.628659963607788086e+00 2.079035997390747070e+00 1.214807510375976562e+00 1.398336648941040039e+00 1.171944737434387207e+00 1.279491186141967773e+00 2.098273992538452148e+00 1.645074129104614258e+00 1.648142099380493164e+00 -2.562124729156494141e-01 -7.771997898817062378e-02 -1.890912503004074097e-01 -1.998607516288757324e-01 -1.941871792078018188e-01 -1.007554605603218079e-01 -1.077062264084815979e-01 -1.408362239599227905e-01 -1.939542889595031738e-01 -1.829738616943359375e-01 -1.572115868330001831e-01 -1.590505242347717285e-01 -1.982477158308029175e-01 -2.844744324684143066e-01 -3.892502784729003906e-01 -3.149960637092590332e-01 -8.282539248466491699e-02 -1.905002593994140625e-01 -2.303113341331481934e-01 -7.930547744035720825e-02 -1.178411096334457397e-01 2.109508365392684937e-01 -1.523193717002868652e-02 1.830432116985321045e-01 -2.274922728538513184e-01 -2.596492171287536621e-01 -2.043767422437667847e-01 -1.973103433847427368e-01 -2.358269840478897095e-01 -2.392568141222000122e-01 -2.442636489868164062e-01 -2.252618223428726196e-01 -2.206899672746658325e-01 2.155666500329971313e-01 -2.408327460289001465e-01 -2.058206796646118164e-01 -1.583120822906494141e-01 -5.645914748311042786e-02 -1.716336011886596680e-01 -2.758032381534576416e-01 -1.981543153524398804e-01 -2.008855640888214111e-01 -2.914688587188720703e-01 -4.952175170183181763e-02 -2.380275875329971313e-01 -1.889531463384628296e-01 -3.175325989723205566e-01 -2.617216408252716064e-01 1.680308938026428223e+00 -1.190400943160057068e-01 -2.542140781879425049e-01 -9.453301131725311279e-02 -1.212061047554016113e-01 -2.134346514940261841e-01 -1.008578613400459290e-01 -1.167946681380271912e-01 -1.817143410444259644e-01 -1.468717604875564575e-01 -1.361146867275238037e-01 -8.731606602668762207e-02 -2.076887041330337524e-01 -1.871115714311599731e-01 -2.003312110900878906e-01 -3.651447892189025879e-01 -3.545017242431640625e-01 -3.349711000919342041e-01 -3.216367959976196289e-01 -3.199993669986724854e-01 -3.636380434036254883e-01 -3.570092022418975830e-01 -3.519482314586639404e-01 -3.600756824016571045e-01 -3.415270149707794189e-01 -3.508299887180328369e-01 -3.352580070495605469e-01 -3.342356681823730469e-01 -3.357516229152679443e-01 -1.348726004362106323e-01 -2.585028111934661865e-01 -2.824837267398834229e-01 -2.469109743833541870e-01 -2.768941819667816162e-01 -1.905041486024856567e-01 -1.395055800676345825e-01 -1.910286247730255127e-01 -2.450690418481826782e-01 1.559357762336730957e+00 1.504588007926940918e+00 1.081677794456481934e+00 1.450373411178588867e+00 -2.582537531852722168e-01 -2.335956245660781860e-01 -2.689553797245025635e-01 -2.464973926544189453e-01 -1.846496164798736572e-01 -2.184330970048904419e-01 -3.677630051970481873e-02 6.278921961784362793e-01 -2.545241117477416992e-01 -3.218647465109825134e-02 -1.489319056272506714e-01 -2.439916580915451050e-01 -1.042510271072387695e-01 -1.384671181440353394e-01 -1.526273936033248901e-01 -2.004024535417556763e-01 -3.868116065859794617e-02 -9.002867341041564941e-02 -3.001086711883544922e-01 -1.451927721500396729e-01
-2.078982442617416382e-01 -2.072447538375854492e-01 -1.620436906814575195e-01 1.637998700141906738e+00 1.393698930740356445e+00 1.649524807929992676e+00 1.635149955749511719e+00 1.395750999450683594e+00 1.108404397964477539e+00 1.420462250709533691e+00 1.645074129104614258e+00 1.663195848464965820e+00 1.644099473953247070e+00 -2.518533468246459961e-01 -9.845539182424545288e-02 -1.846440136432647705e-01 -1.925011277198791504e-01 -1.826674491167068481e-01 -1.124404445290565491e-01 -1.129115521907806396e-01 -1.298885494470596313e-01 -1.821510791778564453e-01 -1.918882280588150024e-01 -1.557925194501876831e-01 -1.624508351087570190e-01 -1.864917874336242676e-01 -2.856182157993316650e-01 -3.743110895156860352e-01 -2.990692257881164551e-01 -1.361614763736724854e-01 -2.207530289888381958e-01 -2.240505665540695190e-01 -1.315869092941284180e-01 -1.755454838275909424e-01 1.456415951251983643e-01 -4.455382376909255981e-02 2.062630355358123779e-01 -2.212069481611251831e-01 -2.411086559295654297e-01 -1.885071396827697754e-01 -1.958111226558685303e-01 -2.121190130710601807e-01 -2.315712422132492065e-01 -2.416053116321563721e-01 -2.188095748424530029e-01 -2.169981449842453003e-01 1.289178431034088135e-01 -2.158439010381698608e-01 -1.994799971580505371e-01 -1.680242121219635010e-01 -8.574163913726806641e-02 -1.668540835380554199e-01 -2.668036520481109619e-01 -2.005895078182220459e-01 -1.965043246746063232e-01 -2.748867571353912354e-01 -1.570223271846771240e-02 -2.282875627279281616e-01 -1.626742482185363770e-01 -2.991987466812133789e-01 -2.474921941757202148e-01 1.640872120857238770e+00 -9.905937314033508301e-02 -2.416869252920150757e-01 -1.063400283455848694e-01 -1.455791145563125610e-01 -2.165699005126953125e-01 -1.048482209444046021e-01 -1.193259209394454956e-01 -1.824986487627029419e-01 -1.185863837599754333e-01 -1.189086809754371643e-01 -5.992836877703666687e-02 -1.751317083835601807e-01 -1.505942642688751221e-01 -1.415862739086151123e-01 -3.441534936428070068e-01 -3.337312042713165283e-01 -3.133356869220733643e-01 -3.013085722923278809e-01 -3.065716028213500977e-01 -3.430534303188323975e-01 -3.397206664085388184e-01 -3.314956724643707275e-01 -3.421612083911895752e-01 -3.211567997932434082e-01 -3.308299779891967773e-01 -3.158965706825256348e-01 -3.172020018100738525e-01 -3.151842653751373291e-01 -1.143991127610206604e-01 -2.475857287645339966e-01 -2.682368457317352295e-01 -2.345046699047088623e-01 -2.818102538585662842e-01 -1.896523386240005493e-01 -1.353713870048522949e-01 -1.897436231374740601e-01 -2.438939213752746582e-01 1.503240466117858887e+00 1.449552536010742188e+00 1.048562765121459961e+00 1.437845587730407715e+00 -2.375915348529815674e-01 -2.253283411264419556e-01 -2.557378411293029785e-01 -2.386314868927001953e-01 -1.740176379680633545e-01 -2.123779505491256714e-01 -3.331940993666648865e-02 6.119081377983093262e-01 -2.525566518306732178e-01 -9.319499880075454712e-02 -1.535842269659042358e-01 -2.193645685911178589e-01 -9.829772263765335083e-02 -1.414052695035934448e-01 -1.305373907089233398e-01 -1.941035091876983643e-01 -4.348830878734588623e-02 -8.040549606084823608e-02 -2.798511385917663574e-01 -1.313547343015670776e-01
