0.00000000099999999714 0.99999999100000003249 0.00000000099999999714 0.00000000099999999714 0.00000000099999999714 0.00000000099999999714 0.00000000099999999714 0.00000000099999999714 0.00000000099999999714 0.00000000099999999714 
0.00000000099999999687 0.00000000099999999687 0.00000000099999999687 0.99999999099999969943 0.00000000099999999687 0.00000000099999999687 0.00000000099999999687 0.00000000099999999687 0.00000000099999999687 0.00000000099999999687 
0.00000000099999999687 0.00000000099999999687 0.00000000099999999687 0.99999999099999981045 0.00000000099999999687 0.00000000099999999687 0.00000000099999999687 0.00000000099999999687 0.00000000099999999687 0.00000000099999999687 
0.00000000099999999711 0.00000000099999999711 0.00000000099999999711 0.00000000099999999711 0.00000000099999999711 0.00000000099999999711 0.00000000099999999711 0.00000000099999999711 0.00000000099999999711 0.99999999100000003249 
0.12369016743888691656 0.05092266814200528680 0.02991003944865130298 0.24358942373645608992 0.00000000099999999995 0.17452539229355693018 0.00000000099999999995 0.05335792462641025802 0.32400438131403330733 0.00000000099999999995 
0.14286147543966054574 0.01263511600585125356 0.09767917184675579956 0.31127741285273496930 0.00000000099999999996 0.15906568476946231216 0.02276297558033257146 0.00013924190400173232 0.25357891960120076957 0.00000000099999999996 
0.00000000099999999720 0.00000000099999999720 0.00000000099999999720 0.00000000099999999720 0.99999989948235579185 0.00000000099999999720 0.00000000099999999720 0.00000000099999999720 0.00000000099999999720 0.00000009251764444028 
0.00000000099999999686 0.00000000099999999686 0.00000000099999999686 0.99999999099999969943 0.00000000099999999686 0.00000000099999999686 0.00000000099999999686 0.00000000099999999686 0.00000000099999999686 0.00000000099999999686 
0.00000000099999999710 0.00000000099999999710 0.00000000099999999710 0.00000000099999999710 0.00000000099999999710 0.00000000099999999710 0.00000000099999999710 0.00000000099999999710 0.00000000099999999710 0.99999999100000003249 
0.21943298258354032582 0.06662494960329982951 0.14324827668816786375 0.08968267284772910020 0.05290302482088975189 0.13108146427842737314 0.10410214933418682204 0.00000000099999999998 0.19282997224864859009 0.00009450659511029259 
0.00000000099999999962 0.20451736779206991512 0.00000000099999999962 0.00000000099999999962 0.00000000099999999962 0.79548262420793025562 0.00000000099999999962 0.00000000099999999962 0.00000000099999999962 0.00000000099999999962 
0.00000000099999999880 0.00000000099999999880 0.00000000099999999880 0.00000000099999999880 0.00000000099999999880 0.00000000099999999880 0.00000000099999999880 0.00000000099999999880 0.99999999099999992147 0.00000000099999999880 
0.00000000099999999977 0.10497979750272902477 0.00000000099999999977 0.00000000099999999977 0.00000000099999999977 0.73845633661999365849 0.00000000099999999977 0.10335105112952686079 0.05321280874775040359 0.00000000099999999977 
0.04482863817562003639 0.00000000099999999937 0.00000000099999999937 0.00000000099999999937 0.00000000099999999937 0.73650792617321014788 0.00000000099999999937 0.21866342865116977778 0.00000000099999999937 0.00000000099999999937 
0.00000000099999999709 0.00000000099999999709 0.00000000099999999709 0.00000000099999999709 0.00000000099999999709 0.00000000099999999709 0.99999999099999981045 0.00000000099999999709 0.00000000099999999709 0.00000000099999999709 
0.00000000099999999959 0.00000000099999999959 0.00000000099999999959 0.00000000099999999959 0.00000000099999999959 0.30705419568710068390 0.00000000099999999959 0.69294579631289920929 0.00000000099999999959 0.00000000099999999959 
0.00000000099999999887 0.00000000099999999887 0.00000000099999999887 0.00000000099999999887 0.00000000099999999887 0.00000000099999999887 0.00000000099999999887 0.99999999099999992147 0.00000000099999999887 0.00000000099999999887 
0.00000000099999999790 0.00000000099999999790 0.00000000099999999790 0.00000000099999999790 0.00000000099999999790 0.00000000099999999790 0.00000000099999999790 0.99999999099999981045 0.00000000099999999790 0.00000000099999999790 
0.33660575687618943252 0.06040422573547762214 0.14755396560923750293 0.00000000099999999993 0.04698790291721116619 0.05744262882826375177 0.14858974171160760358 0.00000000099999999993 0.20241577532201285305 0.00000000099999999993 
0.00000000099999999893 0.00000000099999999893 0.00000000099999999893 0.00000000099999999893 0.00000000099999999893 0.99999999099999992147 0.00000000099999999893 0.00000000099999999893 0.00000000099999999893 0.00000000099999999893 
0.00000000099999999712 0.00000000099999999712 0.00000000099999999712 0.00000000099999999712 0.00000000099999999712 0.00000000099999999712 0.99999999099999981045 0.00000000099999999712 0.00000000099999999712 0.00000000099999999712 
0.00000000099999999965 0.09379605765514743843 0.00000000099999999965 0.00000000099999999965 0.00000000099999999965 0.30409420386218410925 0.00000000099999999965 0.60206241800050541713 0.00004731448216300923 0.00000000099999999965 
0.00000000099999999868 0.00000000099999999868 0.00000000099999999868 0.00000000099999999868 0.00000000099999999868 0.00000000099999999868 0.00000000099999999868 0.00000000099999999868 0.99999999099999992147 0.00000000099999999868 
0.00000000099999999687 0.00000000099999999687 0.00000000099999999687 0.99999999099999981045 0.00000000099999999687 0.00000000099999999687 0.00000000099999999687 0.00000000099999999687 0.00000000099999999687 0.00000000099999999687 
0.99999999100000014352 0.00000000099999999903 0.00000000099999999903 0.00000000099999999903 0.00000000099999999903 0.00000000099999999903 0.00000000099999999903 0.00000000099999999903 0.00000000099999999903 0.00000000099999999903 
0.43960580288450795683 0.00000000099999999954 0.00000000099999999954 0.05133640252970760043 0.00000000099999999954 0.35020795472326887721 0.15884983386251541604 0.00000000099999999954 0.00000000099999999954 0.00000000099999999954 
0.99999999099999992147 0.00000000099999999765 0.00000000099999999765 0.00000000099999999765 0.00000000099999999765 0.00000000099999999765 0.00000000099999999765 0.00000000099999999765 0.00000000099999999765 0.00000000099999999765 
0.99999999100000014352 0.00000000099999999910 0.00000000099999999910 0.00000000099999999910 0.00000000099999999910 0.00000000099999999910 0.00000000099999999910 0.00000000099999999910 0.00000000099999999910 0.00000000099999999910 
0.71932129505917885570 0.00000000099999999948 0.00000000099999999948 0.00000000099999999948 0.00000000099999999948 0.28067869694082131504 0.00000000099999999948 0.00000000099999999948 0.00000000099999999948 0.00000000099999999948 
0.00000000099999999974 0.09300130893595039139 0.65865137299883091959 0.00000000099999999974 0.00000000099999999974 0.00529679908896096060 0.01679786809737550748 0.00000000099999999974 0.22625264587888224699 0.00000000099999999974 
0.00000000099999999869 0.00000000099999999869 0.99999999100000003249 0.00000000099999999869 0.00000000099999999869 0.00000000099999999869 0.00000000099999999869 0.00000000099999999869 0.00000000099999999869 0.00000000099999999869 
0.19511388447332680962 0.00000000099999999935 0.40716539410465435456 0.00000000099999999935 0.00000000099999999935 0.32944283452418382518 0.06827788089783520808 0.00000000099999999935 0.00000000099999999935 0.00000000099999999935 
0.00000000099999999869 0.00000000099999999869 0.99999999100000003249 0.00000000099999999869 0.00000000099999999869 0.00000000099999999869 0.00000000099999999869 0.00000000099999999869 0.00000000099999999869 0.00000000099999999869 
0.00000000099999999771 0.00000000099999999771 0.99999999099999992147 0.00000000099999999771 0.00000000099999999771 0.00000000099999999771 0.00000000099999999771 0.00000000099999999771 0.00000000099999999771 0.00000000099999999771 
