0.43941089674026562184 0.44268791025488923863 0.11790119300484515341 
0.00000000099999999952 0.99999999800000005656 0.00000000099999999952 
0.00000000099999999952 0.99999999799999994554 0.00000000099999999952 
0.00000000099999999968 0.99999999799999994554 0.00000000099999999968 
0.62992511768130443617 0.31458240442505358558 0.05549247789364197825 
0.54403853320276696071 0.35807318679744115641 0.09788827999979184125 
0.01555492221858367080 0.98444507678141635054 0.00000000099999999998 
0.00000000099999999952 0.99999999799999994554 0.00000000099999999952 
0.00000000099999999969 0.99999999800000005656 0.00000000099999999969 
0.64589174080600775252 0.18227290615986233013 0.17183535303412997286 
0.87746400278813141416 0.07006595958870187602 0.05247003762316668207 
0.99999999800000005656 0.00000000099999999996 0.00000000099999999996 
0.82920355959519953526 0.10096087781271753658 0.06983556259208292816 
0.97852763448797497325 0.00000000099999999995 0.02147236451202498911 
0.99999999799999994554 0.00000000099999999982 0.00000000099999999982 
0.86301546464194656139 0.13595183589211606856 0.00103269946593726987 
0.88825219137768751665 0.11174780762231242837 0.00000000099999999996 
0.99999999799999994554 0.00000000099999999977 0.00000000099999999977 
0.78552976735768642591 0.05441899971004215270 0.16005123293227149772 
0.91220056701160634471 0.00061263585762555222 0.08718679713076825377 
0.99999999799999994554 0.00000000099999999982 0.00000000099999999982 
0.83969276232160627860 0.16030723667839372193 0.00000000099999999999 
0.99999999799999994554 0.00000000099999999994 0.00000000099999999994 
0.00000000099999999952 0.99999999799999994554 0.00000000099999999952 
0.99999999799999994554 0.00000000099999999991 0.00000000099999999991 
0.90226706572074710788 0.07118174143237702978 0.02655119284687595949 
0.99999999799999994554 0.00000000099999999979 0.00000000099999999979 
0.99999999800000005656 0.00000000099999999992 0.00000000099999999992 
0.96041451911643394013 0.00000000099999999996 0.03958547988356623387 
0.30589183213147358442 0.01535223673537988547 0.67875593113314647287 
0.00000000099999999970 0.00000000099999999970 0.99999999799999994554 
0.52573961810874370038 0.00000000099999999988 0.47426038089125621688 
0.00000000099999999970 0.00000000099999999970 0.99999999799999994554 
0.00000000099999999948 0.00000000099999999948 0.99999999799999994554 
