0.11944241952799961037 0.13538265310702171651 0.46844690492643376034 0.27672802243854499604 
0.00000000099999999894 0.00000000099999999894 0.00000000099999999894 0.99999999700000008485 
0.00000000099999999894 0.00000000099999999894 0.00000000099999999894 0.99999999699999997382 
0.00000000099999999892 0.99999999699999997382 0.00000000099999999892 0.00000000099999999892 
0.05454113640087874387 0.02783129400696753714 0.65707862325146926263 0.26054894634068437309 
0.10263733106505841530 0.01221932731302243468 0.56746630604017667121 0.31767703558174253953 
0.00000000099999999900 0.99999999699999997382 0.00000000099999999900 0.00000000099999999900 
0.00000000099999999894 0.00000000099999999894 0.00000000099999999894 0.99999999700000008485 
0.00000000099999999891 0.99999999699999986280 0.00000000099999999891 0.00000000099999999891 
0.17292799035031850008 0.06553839534677236012 0.65768581933747449764 0.10384779496543461441 
0.05789241489463101131 0.02754184203063754846 0.88614747124340409457 0.02841827183132721382 
0.00000000099999999992 0.00000000099999999992 0.99999999699999986280 0.00000000099999999992 
0.07113491905510771485 0.05631316050550780328 0.83443798112333655848 0.03811393931604788871 
0.02228430449486311013 0.00000000099999999989 0.97771569350513687358 0.00000000099999999989 
0.00000000099999999968 0.00000000099999999968 0.99999999699999986280 0.00000000099999999968 
0.00000301814021371310 0.08269316620315106392 0.87453213959597952964 0.04277167606065574584 
0.00000000099999999995 0.01085704122001223890 0.91224172535616498969 0.07690123242382293500 
0.00000000099999999966 0.00000000099999999966 0.99999999699999997382 0.00000000099999999966 
0.16050963982491459059 0.05376917028089288342 0.78572118889419240162 0.00000000099999999996 
0.08307791202527153862 0.04031049545180081378 0.87661159152292766894 0.00000000099999999994 
0.00000000099999999968 0.00000000099999999968 0.99999999699999997382 0.00000000099999999968 
0.00000000099999999999 0.03187506498649371467 0.86457020565246112120 0.10355472836104535894 
0.00000000099999999991 0.00002108041273332820 0.99997891758726675793 0.00000000099999999991 
0.00000000099999999894 0.00000000099999999894 0.00000000099999999894 0.99999999700000008485 
0.00000000099999999986 0.00000000099999999986 0.99999999699999986280 0.00000000099999999986 
0.01911678882186527637 0.00000000099999999992 0.89808798914713983130 0.08279522103099493102 
0.00000000099999999967 0.00000000099999999967 0.99999999699999997382 0.00000000099999999967 
0.00000000099999999989 0.00000000099999999989 0.99999999699999986280 0.00000000099999999989 
0.04194427639566144367 0.00000000099999999993 0.95805572160433860596 0.00000000099999999993 
0.67464016043196284311 0.00000000099999999998 0.30847684659450802513 0.01688299197352922942 
0.99999999699999997382 0.00000000099999999950 0.00000000099999999950 0.00000000099999999950 
0.47678166426563073355 0.00000000099999999976 0.52321833373436910097 0.00000000099999999976 
0.99999999699999997382 0.00000000099999999950 0.00000000099999999950 0.00000000099999999950 
0.99999999700000008485 0.00000000099999999920 0.00000000099999999920 0.00000000099999999920 
