0.25964729630920407866 0.13176739434414869168 0.50066021244509817389 0.10791717533838825205 0.00000792156316069144 
0.99999999599999989108 0.00000000099999999859 0.00000000099999999859 0.00000000099999999859 0.00000000099999999859 
0.99999999599999989108 0.00000000099999999859 0.00000000099999999859 0.00000000099999999859 0.00000000099999999859 
0.00000000099999999855 0.99999999600000000211 0.00000000099999999855 0.00000000099999999855 0.00000000099999999855 
0.24843393589161716362 0.01977516143401934767 0.48685363105237644543 0.05098377890231738097 0.19395349271966969007 
0.30798951906052118854 0.00812312591331987473 0.36539768134580052905 0.09655838525891928537 0.22193128842143905466 
0.00000000099999999868 0.99999999599999989108 0.00000000099999999868 0.00000000099999999868 0.00000000099999999868 
0.99999999599999989108 0.00000000099999999859 0.00000000099999999859 0.00000000099999999859 0.00000000099999999859 
0.00000000099999999854 0.99999999599999989108 0.00000000099999999854 0.00000000099999999854 0.00000000099999999854 
0.09417736282653731139 0.06499018446489851497 0.32944340146819739434 0.16533218961064166663 0.34605686162972515429 
0.00000000227516360811 0.02510124464381048581 0.59233343217122502722 0.05247211142239007614 0.33009320948741077695 
0.00000000099999999989 0.00000000099999999989 0.88769461224857038051 0.00000000099999999989 0.11230538475142971822 
0.02116483295827127284 0.04937732031733144122 0.62482812954249589144 0.07619639915876566527 0.22843331802313576739 
0.00000000099999999985 0.00000000099999999985 0.70423374146602446544 0.02508449724830161959 0.27068175928567367317 
0.00000000099999999962 0.00000000099999999962 0.99999999599999989108 0.00000000099999999962 0.00000000099999999962 
0.00000000099999999980 0.03967141402641743281 0.96032858297358258959 0.00000000099999999980 0.00000000099999999980 
0.00829699366478341659 0.00000000099999999983 0.99170300333521643754 0.00000000099999999983 0.00000000099999999983 
0.00000000099999999941 0.00000000099999999941 0.99999999600000000211 0.00000000099999999941 0.00000000099999999941 
0.00000000099999999994 0.05387849939350655704 0.32292926076630074084 0.15850661572996574411 0.46468562311022687528 
0.00000000099999999993 0.03620290676707597910 0.67249237580510279333 0.09901689834939246537 0.19228781807842862395 
0.00000000099999999962 0.00000000099999999962 0.99999999600000000211 0.00000000099999999962 0.00000000099999999962 
0.05169365900871615571 0.00000000099999999990 0.94830633799128394301 0.00000000099999999990 0.00000000099999999990 
0.00000000099999999988 0.00000000099999999988 0.76558772837458444194 0.00000000099999999988 0.23441226862541550413 
0.99999999599999989108 0.00000000099999999859 0.00000000099999999859 0.00000000099999999859 0.00000000099999999859 
0.00000000099999999951 0.00000000099999999951 0.00000000099999999951 0.00000000099999999951 0.99999999600000000211 
0.06400014654064399566 0.00000000099999999992 0.20296394490671554323 0.03216855222272614612 0.70086735532991428776 
0.00000000099999999899 0.00000000099999999899 0.00000000099999999899 0.00000000099999999899 0.99999999599999989108 
0.00000000099999999956 0.00000000099999999956 0.00000000099999999956 0.00000000099999999956 0.99999999600000000211 
0.00000000099999999980 0.00000000099999999980 0.00000000099999999980 0.00000000099999999980 0.99999999599999989108 
0.00000000099999999990 0.00000000099999999990 0.35748624634997028249 0.64251375065002958031 0.00000000099999999990 
0.00000000099999999938 0.00000000099999999938 0.00000000099999999938 0.99999999600000000211 0.00000000099999999938 
0.00000000099999999976 0.00000000099999999976 0.12256213267802486266 0.50766536836913889186 0.36977249695283620490 
0.00000000099999999939 0.00000000099999999939 0.00000000099999999939 0.99999999600000000211 0.00000000099999999939 
0.00000000099999999895 0.00000000099999999895 0.00000000099999999895 0.99999999599999989108 0.00000000099999999895 
