0.65697277794723030198 0.00000000099999999990 0.00000000099999999990 0.22531939912092291411 0.11171115556297023241 0.00599666536887659678 
0.00000000099999999822 0.00000000099999999822 0.00000000099999999822 0.99999999499999991937 0.00000000099999999822 0.00000000099999999822 
0.00000000099999999822 0.00000000099999999822 0.00000000099999999822 0.99999999499999991937 0.00000000099999999822 0.00000000099999999822 
0.00000000099999999818 0.00000000099999999818 0.00000000099999999818 0.00000000099999999818 0.99999999499999991937 0.00000000099999999818 
0.45909621775819930978 0.01772123581425147712 0.21579833563934144869 0.23892122341016513998 0.00661241179843879891 0.06185057557960394609 
0.30522967658883759512 0.04612738290841145866 0.23860451667489351868 0.30115348867339841732 0.00157011366715923122 0.10731482148729973303 
0.00000000099999999835 0.00000000099999999835 0.00000000099999999835 0.00000000099999999835 0.99999999499999991937 0.00000000099999999835 
0.00000000099999999822 0.00000000099999999822 0.00000000099999999822 0.99999999499999980834 0.00000000099999999822 0.00000000099999999822 
0.00000000099999999817 0.00000000099999999817 0.00000000099999999817 0.00000000099999999817 0.99999999499999991937 0.00000000099999999817 
0.22906599458149640158 0.11065149014810796158 0.34689424048392308864 0.09082527947831273152 0.06521840981307980289 0.15734458549507990277 
0.45568717063700497905 0.12115773573108072625 0.35817873152540857795 0.00000000099999999998 0.01663273181346673624 0.04834362929303884227 
0.88709504452700993493 0.00656391113364619347 0.10634104133934374481 0.00000000099999999984 0.00000000099999999984 0.00000000099999999984 
0.53441580369643104653 0.03664395283696605943 0.30083504088079432437 0.00770058043014008788 0.04556719365020444473 0.07483742850546394598 
0.57280936053151820797 0.06175543215551182463 0.31348710138210006404 0.00000000099999999982 0.00000000099999999982 0.05194810393086985584 
0.00000000099999999837 0.99999999499999991937 0.00000000099999999837 0.00000000099999999837 0.00000000099999999837 0.00000000099999999837 
0.99999999500000003039 0.00000000099999999964 0.00000000099999999964 0.00000000099999999964 0.00000000099999999964 0.00000000099999999964 
0.99999999500000014141 0.00000000099999999954 0.00000000099999999954 0.00000000099999999954 0.00000000099999999954 0.00000000099999999954 
0.99999999500000003039 0.00000000099999999924 0.00000000099999999924 0.00000000099999999924 0.00000000099999999924 0.00000000099999999924 
0.18150244126145201329 0.14516227222160901777 0.46389362811440876255 0.00000000099999999994 0.05471095012059275231 0.15473070728193766277 
0.36345304391197091887 0.25690407027850370447 0.21418664716967653061 0.00000000099999999994 0.04045967307503633981 0.12499656456481254840 
0.00000000099999999838 0.99999999500000003039 0.00000000099999999838 0.00000000099999999838 0.00000000099999999838 0.00000000099999999838 
0.99999999500000014141 0.00000000099999999976 0.00000000099999999976 0.00000000099999999976 0.00000000099999999976 0.00000000099999999976 
0.78936559454414945147 0.00000000099999999971 0.21063440145585063390 0.00000000099999999971 0.00000000099999999971 0.00000000099999999971 
0.00000000099999999822 0.00000000099999999822 0.00000000099999999822 0.99999999499999980834 0.00000000099999999822 0.00000000099999999822 
0.00000000099999999943 0.00000000099999999943 0.99999999500000003039 0.00000000099999999943 0.00000000099999999943 0.00000000099999999943 
0.00000000099999999985 0.22704524149348409567 0.71022653284976278165 0.06272822265675320752 0.00000000099999999985 0.00000000099999999985 
0.00000000099999999879 0.00000000099999999879 0.99999999499999980834 0.00000000099999999879 0.00000000099999999879 0.00000000099999999879 
0.00000000099999999948 0.00000000099999999948 0.99999999499999991937 0.00000000099999999948 0.00000000099999999948 0.00000000099999999948 
0.00000000099999999977 0.07027979676965097344 0.92972019923034909805 0.00000000099999999977 0.00000000099999999977 0.00000000099999999977 
0.36054180013371467384 0.00170567804477110259 0.00000000099999999983 0.00000000099999999983 0.00000000099999999983 0.63775251882151418048 
0.00000000099999999925 0.00000000099999999925 0.00000000099999999925 0.00000000099999999925 0.00000000099999999925 0.99999999500000003039 
0.00000000099999999973 0.11107076204562364719 0.37675045630260928231 0.00000000099999999973 0.00000000099999999973 0.51217877865176708596 
0.00000000099999999925 0.00000000099999999925 0.00000000099999999925 0.00000000099999999925 0.00000000099999999925 0.99999999499999991937 
0.00000000099999999873 0.00000000099999999873 0.00000000099999999873 0.00000000099999999873 0.00000000099999999873 0.99999999499999991937 
