0.85942113244625284452 0.00000000099999999941 0.00000000099999999941 0.00000000099999999941 0.00000000099999999941 0.00000000099999999941 0.14057886255374735240 
0.00000000099999999787 0.00000000099999999787 0.00000000099999999787 0.00000000099999999787 0.00000000099999999787 0.00000000099999999787 0.99999999400000005867 
0.00000000099999999787 0.00000000099999999787 0.00000000099999999787 0.00000000099999999787 0.00000000099999999787 0.00000000099999999787 0.99999999399999994765 
0.00000000099999999783 0.99999999399999983662 0.00000000099999999783 0.00000000099999999783 0.00000000099999999783 0.00000000099999999783 0.00000000099999999783 
0.36747932142467110150 0.00000000099999999998 0.05588058749942274861 0.02626200187642535946 0.15302347415399597530 0.17193699627858805012 0.22541761776689681063 
0.25586690075681173262 0.00000000099999999998 0.10792821535402633004 0.05352645848983933474 0.09506648012016617744 0.19534894687130971436 0.29226299740784650316 
0.00000000099999999803 0.99999999399999994765 0.00000000099999999803 0.00000000099999999803 0.00000000099999999803 0.00000000099999999803 0.00000000099999999803 
0.00000000099999999786 0.00000000099999999786 0.00000000099999999786 0.00000000099999999786 0.00000000099999999786 0.00000000099999999786 0.99999999399999994765 
0.00000000099999999782 0.99999999399999994765 0.00000000099999999782 0.00000000099999999782 0.00000000099999999782 0.00000000099999999782 0.00000000099999999782 
0.30473545714666450124 0.04457265114131887807 0.14686275370381426941 0.12374558128800421108 0.00000000099999999999 0.29250558834890194593 0.08757796737129619480 
0.46650039539989546222 0.00000000099999999992 0.03584725709073847272 0.13997724255678423155 0.06901526056316328872 0.28865984238941838624 0.00000000099999999992 
0.99999999400000016969 0.00000000099999999940 0.00000000099999999940 0.00000000099999999940 0.00000000099999999940 0.00000000099999999940 0.00000000099999999940 
0.30726311487820756607 0.04034621089995332754 0.07905798759917621876 0.04470302292121102611 0.24936598725041453362 0.27926367545103725210 0.00000000100000000000 
0.00000004032005440543 0.00000000099999999982 0.03567909339859430540 0.07585354101460863030 0.50594508957641859404 0.38252223369032400946 0.00000000099999999982 
0.00000000099999999806 0.00000000099999999806 0.00000000099999999806 0.99999999399999983662 0.00000000099999999806 0.00000000099999999806 0.00000000099999999806 
0.00000000099999999958 0.00000000099999999958 0.00000000099999999958 0.00000000099999999958 0.99999999400000005867 0.00000000099999999958 0.00000000099999999958 
0.00000000099999999933 0.00000000099999999933 0.00000000099999999933 0.00000000099999999933 0.99999999400000005867 0.00000000099999999933 0.00000000099999999933 
0.00000000099999999881 0.00000000099999999881 0.00000000099999999881 0.00000000099999999881 0.99999999399999983662 0.00000000099999999881 0.00000000099999999881 
0.28357361982844170312 0.02999505072799478131 0.13592488704546656919 0.14996762861398135747 0.00000000099999999992 0.40053881178411543384 0.00000000099999999992 
0.00000000099999999992 0.03844005434263534499 0.12098570875275987957 0.26984155243768126464 0.31916851093944570428 0.25156417152747767574 0.00000000099999999992 
0.00000000099999999808 0.00000000099999999808 0.00000000099999999808 0.99999999399999983662 0.00000000099999999808 0.00000000099999999808 0.00000000099999999808 
0.24925911673221570752 0.00000000099999999981 0.00000000099999999981 0.00000000099999999981 0.75074087826778423960 0.00000000099999999981 0.00000000099999999981 
0.99999999400000005867 0.00000000099999999933 0.00000000099999999933 0.00000000099999999933 0.00000000099999999933 0.00000000099999999933 0.00000000099999999933 
0.00000000099999999786 0.00000000099999999786 0.00000000099999999786 0.00000000099999999786 0.00000000099999999786 0.00000000099999999786 0.99999999400000005867 
0.00000000099999999931 0.00000000099999999931 0.00000000099999999931 0.00000000099999999931 0.00000000099999999931 0.99999999399999994765 0.00000000099999999931 
0.00000000099999999980 0.00000000099999999980 0.00000000099999999980 0.22957055726982159016 0.00000000099999999980 0.70738882016021964461 0.06304061856995879509 
0.00000000099999999855 0.00000000099999999855 0.00000000099999999855 0.00000000099999999855 0.00000000099999999855 0.99999999399999983662 0.00000000099999999855 
0.00000000099999999936 0.00000000099999999936 0.00000000099999999936 0.00000000099999999936 0.00000000099999999936 0.99999999400000005867 0.00000000099999999936 
0.00000000099999999970 0.00000000099999999970 0.00000000099999999970 0.06246683826538834694 0.00000000099999999970 0.93753315673461157242 0.00000000099999999970 
0.34460565801437537115 0.00000000099999999978 0.65410823915611859825 0.00128607879902417079 0.00000002103048168502 0.00000000099999999978 0.00000000099999999978 
0.00000000099999999909 0.00000000099999999909 0.99999999399999994765 0.00000000099999999909 0.00000000099999999909 0.00000000099999999909 0.00000000099999999909 
0.00000000099999999969 0.00000000099999999969 0.50314664644039974739 0.11046653100853635887 0.00000000099999999969 0.38638681855106382645 0.00000000099999999969 
0.00000000099999999910 0.00000000099999999910 0.99999999399999994765 0.00000000099999999910 0.00000000099999999910 0.00000000099999999910 0.00000000099999999910 
0.00000000099999999850 0.00000000099999999850 0.99999999399999994765 0.00000000099999999850 0.00000000099999999850 0.00000000099999999850 0.00000000099999999850 
