0.00000000099999999781 0.00000000099999999781 0.99999999299999975388 0.00000000099999999781 0.00000000099999999781 0.00000000099999999781 0.00000000099999999781 0.00000000099999999781 
0.00000000099999999757 0.00000000099999999757 0.00000000099999999757 0.00000000099999999757 0.00000000099999999757 0.00000000099999999757 0.99999999299999997593 0.00000000099999999757 
0.00000000099999999757 0.00000000099999999757 0.00000000099999999757 0.00000000099999999757 0.00000000099999999757 0.00000000099999999757 0.99999999299999997593 0.00000000099999999757 
0.00000000099999999751 0.00000000099999999751 0.00000000099999999751 0.00000000099999999751 0.00000000099999999751 0.99999999299999986491 0.00000000099999999751 0.00000000099999999751 
0.01442213238315260757 0.17614100533226306755 0.04100444028538366426 0.44837335764863950338 0.02809318520004422046 0.00000000099999999998 0.24760676699258846178 0.04435911115792839921 
0.04566985523059934049 0.19729439216364325071 0.00305576492700738046 0.33614367144779655483 0.00000000099999999996 0.00000000099999999996 0.31349551704394512663 0.10434079718700846329 
0.00000000099999999770 0.00000000099999999770 0.00000000099999999770 0.00000000099999999770 0.00000000099999999770 0.99999999299999975388 0.00000000099999999770 0.00000000099999999770 
0.00000000099999999757 0.00000000099999999757 0.00000000099999999757 0.00000000099999999757 0.00000000099999999757 0.00000000099999999757 0.99999999299999997593 0.00000000099999999757 
0.00000000099999999750 0.00000000099999999750 0.00000000099999999750 0.00000000099999999750 0.00000000099999999750 0.99999999299999975388 0.00000000099999999750 0.00000000099999999750 
0.12139882537164226051 0.29098582347037466045 0.06117778450350326580 0.23764850509037896420 0.00000000099999999998 0.05071976915556088844 0.08801473599628081845 0.15005455541225923288 
0.14772000047690769797 0.27419532717625377805 0.18336001014184377667 0.39470147759715384916 0.00000000099999999989 0.00000000099999999989 0.00000000099999999989 0.00002318160784107347 
0.00000000099999999909 0.00000000099999999909 0.00000000099999999909 0.99999999300000008695 0.00000000099999999909 0.00000000099999999909 0.00000000099999999909 0.00000000099999999909 
0.04665163811602951460 0.25439731749758859314 0.08664757462779160146 0.31444552421815774590 0.17775900475371919640 0.04167318442435746090 0.00000000100000000000 0.07842575536235592282 
0.06288104310266809382 0.28469849473162578413 0.00000000099999999972 0.33886325686925522493 0.27184790758631660612 0.00000000099999999972 0.00000000099999999972 0.04170929471013437584 
0.99999999299999986491 0.00000000099999999772 0.00000000099999999772 0.00000000099999999772 0.00000000099999999772 0.00000000099999999772 0.00000000099999999772 0.00000000099999999772 
0.00000000099999999967 0.00000000099999999967 0.00000000099999999967 0.26004288957470284016 0.73995710442529716300 0.00000000099999999967 0.00000000099999999967 0.00000000099999999967 
0.00000000099999999913 0.00000000099999999913 0.00000000099999999913 0.00000000099999999913 0.99999999299999997593 0.00000000099999999913 0.00000000099999999913 0.00000000099999999913 
0.00000000099999999844 0.00000000099999999844 0.00000000099999999844 0.00000000099999999844 0.99999999299999997593 0.00000000099999999844 0.00000000099999999844 0.00000000099999999844 
0.15068502336517378137 0.39251446387616367728 0.05859602797365589394 0.22182956200728809470 0.00000000099999999992 0.03705231811162949807 0.00000000099999999992 0.13932260266608925692 
0.26280584063602169254 0.17866922489180331324 0.00000000099999999985 0.27367548624875470686 0.13652325826511294005 0.03794092001986549417 0.00000000099999999985 0.11038526793844180562 
0.99999999299999997593 0.00000000099999999774 0.00000000099999999774 0.00000000099999999774 0.00000000099999999774 0.00000000099999999774 0.00000000099999999774 0.00000000099999999774 
0.00000000099999999981 0.00000000099999999981 0.09602123066233371473 0.24848976113570736546 0.65548900320195890856 0.00000000099999999981 0.00000000099999999981 0.00000000099999999981 
0.00000000099999999929 0.00000000099999999929 0.00000000099999999929 0.99999999300000008695 0.00000000099999999929 0.00000000099999999929 0.00000000099999999929 0.00000000099999999929 
0.00000000099999999757 0.00000000099999999757 0.00000000099999999757 0.00000000099999999757 0.00000000099999999757 0.00000000099999999757 0.99999999299999997593 0.00000000099999999757 
0.00000000099999999921 0.99999999300000008695 0.00000000099999999921 0.00000000099999999921 0.00000000099999999921 0.00000000099999999921 0.00000000099999999921 0.00000000099999999921 
0.23455027900636724048 0.69879955850137809303 0.00000000099999999978 0.00000000099999999978 0.00000000099999999978 0.00000000099999999978 0.06665015749225475239 0.00000000099999999978 
0.00000000099999999828 0.99999999299999997593 0.00000000099999999828 0.00000000099999999828 0.00000000099999999828 0.00000000099999999828 0.00000000099999999828 0.00000000099999999828 
0.00000000099999999926 0.99999999300000008695 0.00000000099999999926 0.00000000099999999926 0.00000000099999999926 0.00000000099999999926 0.00000000099999999926 0.00000000099999999926 
0.08285290339484023547 0.91714709060515997585 0.00000000099999999965 0.00000000099999999965 0.00000000099999999965 0.00000000099999999965 0.00000000099999999965 0.00000000099999999965 
0.00177263969919258524 0.00000000099999999980 0.09546772849680187911 0.25525389582845292580 0.00000000099999999980 0.00000000099999999980 0.00000000099999999980 0.64750573197555250093 
0.00000000099999999894 0.00000000099999999894 0.00000000099999999894 0.00000000099999999894 0.00000000099999999894 0.00000000099999999894 0.00000000099999999894 0.99999999299999997593 
0.10245035874851401991 0.33412152408913187163 0.00000000099999999959 0.07144292563820157926 0.00000000099999999959 0.00000000099999999959 0.00000000099999999959 0.49198518752415248967 
0.00000000099999999894 0.00000000099999999894 0.00000000099999999894 0.00000000099999999894 0.00000000099999999894 0.00000000099999999894 0.00000000099999999894 0.99999999299999997593 
0.00000000099999999826 0.00000000099999999826 0.00000000099999999826 0.00000000099999999826 0.00000000099999999826 0.00000000099999999826 0.00000000099999999826 0.99999999300000008695 
