0.00000000099999999790 0.99999999199999989319 0.00000000099999999790 0.00000000099999999790 0.00000000099999999790 0.00000000099999999790 0.00000000099999999790 0.00000000099999999790 0.00000000099999999790 
0.00000000099999999721 0.00000000099999999721 0.99999999199999989319 0.00000000099999999721 0.00000000099999999721 0.00000000099999999721 0.00000000099999999721 0.00000000099999999721 0.00000000099999999721 
0.00000000099999999721 0.00000000099999999721 0.99999999199999989319 0.00000000099999999721 0.00000000099999999721 0.00000000099999999721 0.00000000099999999721 0.00000000099999999721 0.00000000099999999721 
0.99999999199999989319 0.00000000099999999713 0.00000000099999999713 0.00000000099999999713 0.00000000099999999713 0.00000000099999999713 0.00000000099999999713 0.00000000099999999713 0.00000000099999999713 
0.00000000099999999995 0.18886743126017777050 0.21466614254530269612 0.07031602352589247373 0.00000000099999999995 0.23684592785769306711 0.24403955938853308383 0.00511985957728007535 0.04014505384512077890 
0.00000000099999999995 0.16823472166778030701 0.28027571745330986941 0.09415163593943297327 0.01329858480950223999 0.14203086239438186822 0.26718864582310630773 0.03481982991248657594 0.00000000099999999995 
0.99999999200000000421 0.00000000099999999737 0.00000000099999999737 0.00000000099999999737 0.00000000099999999737 0.00000000099999999737 0.00000000099999999737 0.00000000099999999737 0.00000000099999999737 
0.00000000099999999720 0.00000000099999999720 0.99999999199999989319 0.00000000099999999720 0.00000000099999999720 0.00000000099999999720 0.00000000099999999720 0.00000000099999999720 0.00000000099999999720 
0.99999999199999989319 0.00000000099999999712 0.00000000099999999712 0.00000000099999999712 0.00000000099999999712 0.00000000099999999712 0.00000000099999999712 0.00000000099999999712 0.00000000099999999712 
0.04178060394705628011 0.23206045943753184080 0.07006063617173341473 0.21994468822158821930 0.05590093628771369144 0.01582096443091502921 0.23700856563990368997 0.12742156805250517970 0.00000157781105274584 
0.00000000099999999979 0.18586228797895132381 0.00000000099999999979 0.17724046755649677798 0.00000000099999999979 0.00000000099999999979 0.31758324435172913258 0.09794413960437199640 0.22136985650845061868 
0.00000000099999999956 0.00000000099999999956 0.00000000099999999956 0.00000000099999999956 0.00000000099999999956 0.85953187594695434903 0.14046811705304565465 0.00000000099999999956 0.00000000099999999956 
0.01556690552021956601 0.15064056729664490608 0.00000000099999999993 0.09423225137975622945 0.00000000099999999993 0.00000000099999999993 0.42745923528840445993 0.00000000123074582520 0.31210103628422902755 
0.00000000099999999952 0.00000000099999999952 0.00000000099999999952 0.02550774828158015525 0.00000000099999999952 0.17776064478470818275 0.60465681275643223813 0.00000000099999999952 0.19207478917727954792 
0.00000000099999999742 0.00000000099999999742 0.00000000099999999742 0.00000000099999999742 0.00000000099999999742 0.00000000099999999742 0.00000000099999999742 0.99999999200000000421 0.00000000099999999742 
0.00000000099999999898 0.00000000099999999898 0.00000000099999999898 0.00000000099999999898 0.00000000099999999898 0.00000000099999999898 0.00000000099999999898 0.00000000099999999898 0.99999999199999989319 
0.00000000099999999923 0.00000000099999999923 0.00000000099999999923 0.00000000099999999923 0.00000000099999999923 0.36471379675191567538 0.00000000099999999923 0.00000000099999999923 0.63528619624808435606 
0.00000000099999999849 0.00000000099999999849 0.00000000099999999849 0.00000000099999999849 0.00000000099999999849 0.99999999199999989319 0.00000000099999999849 0.00000000099999999849 0.00000000099999999849 
0.03597790737856430832 0.12005559598536008625 0.00000000099999999994 0.39960707386767180260 0.13060960343797817229 0.14635832701085629837 0.00000229577919558665 0.16738919454037362589 0.00000000099999999994 
0.00000000099999999933 0.00000000099999999933 0.00000000099999999933 0.00000000099999999933 0.00000000099999999933 0.00000000099999999933 0.87132864080239835758 0.12867135219760164611 0.00000000099999999933 
0.00000000099999999744 0.00000000099999999744 0.00000000099999999744 0.00000000099999999744 0.00000000099999999744 0.00000000099999999744 0.00000000099999999744 0.99999999200000000421 0.00000000099999999744 
0.00000000099999999918 0.00000000099999999918 0.00000000099999999918 0.00000000099999999918 0.00000000099999999918 0.00000000099999999918 0.00000000099999999918 0.00000000099999999918 0.99999999199999989319 
0.00000000099999999933 0.00000000099999999933 0.00000000099999999933 0.00000000099999999933 0.00000000099999999933 0.99999999200000000421 0.00000000099999999933 0.00000000099999999933 0.00000000099999999933 
0.00000000099999999720 0.00000000099999999720 0.99999999199999978217 0.00000000099999999720 0.00000000099999999720 0.00000000099999999720 0.00000000099999999720 0.00000000099999999720 0.00000000099999999720 
0.00000000099999999910 0.00000000099999999910 0.00000000099999999910 0.99999999200000011523 0.00000000099999999910 0.00000000099999999910 0.00000000099999999910 0.00000000099999999910 0.00000000099999999910 
0.00000000099999999978 0.00000000099999999978 0.06491311498509598488 0.56043467961881388018 0.00000000099999999978 0.00000000099999999978 0.17097409956597228731 0.20367810083011797517 0.00000000099999999978 
0.00000000099999999798 0.00000000099999999798 0.00000000099999999798 0.99999999199999989319 0.00000000099999999798 0.00000000099999999798 0.00000000099999999798 0.00000000099999999798 0.00000000099999999798 
0.00000000099999999916 0.00000000099999999916 0.00000000099999999916 0.99999999200000000421 0.00000000099999999916 0.00000000099999999916 0.00000000099999999916 0.00000000099999999916 0.00000000099999999916 
0.00000000099999999948 0.00000000099999999948 0.00000000099999999948 0.70417514076867460115 0.00000000099999999948 0.00000000099999999948 0.29582485223132543029 0.00000000099999999948 0.00000000099999999948 
0.00000000099999999981 0.02856576238991886604 0.00000000099999999981 0.00000000099999999981 0.53862098696961668853 0.11962415533499751175 0.10528973900146537668 0.03217255871033310871 0.17572679459366852273 
0.00000000099999999893 0.00000000099999999893 0.00000000099999999893 0.00000000099999999893 0.54294923031266950630 0.00000000099999999893 0.45705076268733041411 0.00000000099999999893 0.00000000099999999893 
0.00000000099999999886 0.00000000099999999886 0.00000000099999999886 0.00000000099999999886 0.00000000099999999886 0.00000000099999999886 0.99999999199999989319 0.00000000099999999886 0.00000000099999999886 
0.00000000099999999893 0.00000000099999999893 0.00000000099999999893 0.00000000099999999893 0.54280841231593435214 0.00000000099999999893 0.45719158068406551276 0.00000000099999999893 0.00000000099999999893 
0.00000000099999999743 0.00000000099999999743 0.00000000099999999743 0.00000000099999999743 0.99999999199999989319 0.00000000099999999743 0.00000000099999999743 0.00000000099999999743 0.00000000099999999743 
