0.000010 0.000010 0.000010 0.000010 0.000010 0.999920 0.000010 0.000010 0.000010
0.000010 0.000010 0.275812 0.028990 0.000010 0.695137 0.000010 0.000010 0.000010
0.038871 0.012866 0.000010 0.047104 0.179875 0.692057 0.000010 0.029196 0.000010
0.000010 0.000010 0.000010 0.000010 0.000010 0.997411 0.000010 0.002519 0.000010
0.810931 0.000010 0.000010 0.010417 0.178592 0.000010 0.000010 0.000010 0.000010
0.792102 0.000016 0.000010 0.000010 0.207821 0.000010 0.000010 0.000010 0.000010
0.812199 0.000010 0.000010 0.000010 0.187731 0.000010 0.000010 0.000010 0.000010
0.815004 0.000010 0.000010 0.000010 0.184926 0.000010 0.000010 0.000010 0.000010
0.000010 0.000010 0.999918 0.000010 0.000011 0.000010 0.000010 0.000011 0.000010
0.000010 0.000010 0.999920 0.000010 0.000010 0.000010 0.000010 0.000010 0.000010
0.000010 0.000010 0.999920 0.000010 0.000010 0.000010 0.000010 0.000010 0.000010
0.000010 0.000010 0.999920 0.000010 0.000010 0.000010 0.000010 0.000010 0.000010
0.472196 0.006079 0.000010 0.000010 0.378869 0.052819 0.000010 0.089997 0.000010
0.485688 0.032244 0.000010 0.000010 0.380696 0.062592 0.000010 0.038739 0.000010
0.467802 0.000020 0.000013 0.000010 0.434858 0.037353 0.000010 0.059925 0.000010
0.535737 0.021721 0.000010 0.000010 0.355720 0.032015 0.000010 0.054767 0.000010
0.000010 0.000010 0.000010 0.000010 0.000010 0.000012 0.999918 0.000010 0.000010
0.000010 0.000014 0.000010 0.000010 0.000010 0.000010 0.999916 0.000010 0.000010
0.000010 0.000010 0.000010 0.000010 0.000010 0.000010 0.999920 0.000010 0.000010
0.000010 0.000010 0.000010 0.000010 0.000010 0.000010 0.999920 0.000010 0.000010
0.558696 0.000010 0.000010 0.144752 0.208804 0.000010 0.000010 0.000010 0.087698
0.560156 0.000012 0.000010 0.091431 0.253720 0.000010 0.000010 0.000010 0.094641
0.602202 0.000010 0.000010 0.102179 0.241813 0.000010 0.000010 0.000010 0.053756
0.555088 0.004647 0.000010 0.105253 0.246337 0.000010 0.000010 0.000010 0.088634
0.233356 0.042210 0.000010 0.409299 0.173009 0.014055 0.000010 0.022538 0.105513
0.000010 0.000010 0.000010 0.000010 0.000010 0.999920 0.000010 0.000010 0.000010
0.000010 0.000020 0.000010 0.000010 0.000010 0.999910 0.000010 0.000010 0.000010
0.018334 0.183836 0.000010 0.000010 0.775276 0.000010 0.000010 0.022504 0.000010
0.086411 0.284192 0.000010 0.000010 0.625602 0.000010 0.000010 0.003745 0.000010
0.598017 0.000010 0.000010 0.064294 0.337629 0.000010 0.000010 0.000010 0.000010
0.999920 0.000010 0.000010 0.000010 0.000010 0.000010 0.000010 0.000010 0.000010
0.999920 0.000010 0.000010 0.000010 0.000010 0.000010 0.000010 0.000010 0.000010
0.999920 0.000010 0.000010 0.000010 0.000010 0.000010 0.000010 0.000010 0.000010
0.999915 0.000015 0.000010 0.000010 0.000010 0.000010 0.000010 0.000010 0.000010
0.999920 0.000010 0.000010 0.000010 0.000010 0.000010 0.000010 0.000010 0.000010
0.999920 0.000010 0.000010 0.000010 0.000010 0.000010 0.000010 0.000010 0.000010
0.999920 0.000010 0.000010 0.000010 0.000010 0.000010 0.000010 0.000010 0.000010
0.000010 0.000010 0.000010 0.000010 0.000010 0.999920 0.000010 0.000010 0.000010
0.000010 0.000010 0.000010 0.000010 0.000010 0.999920 0.000010 0.000010 0.000010
0.000010 0.000010 0.000010 0.000010 0.130031 0.850685 0.000010 0.019224 0.000010
0.000010 0.000010 0.000010 0.000010 0.000010 0.999913 0.000010 0.000017 0.000010
0.000015 0.000010 0.000010 0.000017 0.000010 0.999908 0.000010 0.000010 0.000010
0.000010 0.000010 0.000010 0.024820 0.084980 0.851144 0.000010 0.039006 0.000010
0.000010 0.000010 0.000010 0.020380 0.979550 0.000010 0.000010 0.000010 0.000010
0.000010 0.000010 0.000010 0.027263 0.972667 0.000010 0.000010 0.000010 0.000010
0.000010 0.000010 0.000010 0.062093 0.937837 0.000010 0.000010 0.000010 0.000010
0.049168 0.330781 0.000010 0.000010 0.619991 0.000010 0.000010 0.000010 0.000010
0.000010 0.342853 0.000010 0.000010 0.654416 0.000010 0.000010 0.002670 0.000010
0.180150 0.288097 0.000010 0.022685 0.479009 0.000010 0.000010 0.024287 0.005743
0.154385 0.306352 0.000010 0.000010 0.525580 0.000010 0.000010 0.013634 0.000010
0.000010 0.999920 0.000010 0.000010 0.000010 0.000010 0.000010 0.000010 0.000010
0.000010 0.999919 0.000010 0.000010 0.000010 0.000011 0.000010 0.000010 0.000010
0.000010 0.999920 0.000010 0.000010 0.000010 0.000010 0.000010 0.000010 0.000010
0.000010 0.999920 0.000010 0.000010 0.000010 0.000010 0.000010 0.000010 0.000010
0.194955 0.322543 0.000010 0.003445 0.440479 0.000010 0.000010 0.038539 0.000010
0.269147 0.000010 0.043179 0.498413 0.000010 0.005490 0.000010 0.004297 0.179443
0.000010 0.000010 0.000010 0.000010 0.000010 0.999920 0.000010 0.000010 0.000010
0.000010 0.000010 0.000010 0.000010 0.000010 0.999920 0.000010 0.000010 0.000010
0.000010 0.000010 0.000010 0.038676 0.142959 0.807545 0.000010 0.010770 0.000010
0.026779 0.310314 0.000010 0.004181 0.167997 0.000010 0.004052 0.013684 0.472972
0.000010 0.227374 0.000010 0.000010 0.000014 0.000010 0.000010 0.008234 0.764328
0.000010 0.000010 0.000010 0.999920 0.000010 0.000010 0.000010 0.000010 0.000010
0.000010 0.000010 0.000010 0.999920 0.000010 0.000010 0.000010 0.000010 0.000010
0.000010 0.000010 0.000011 0.999919 0.000010 0.000010 0.000010 0.000010 0.000010
0.000010 0.000010 0.000010 0.999920 0.000010 0.000010 0.000010 0.000010 0.000010
0.000010 0.000010 0.000010 0.999920 0.000010 0.000010 0.000010 0.000010 0.000010
0.000010 0.000018 0.000010 0.999912 0.000010 0.000010 0.000010 0.000010 0.000010
0.000010 0.000010 0.000010 0.999920 0.000010 0.000010 0.000010 0.000010 0.000010
0.000010 0.000010 0.000010 0.999920 0.000010 0.000010 0.000010 0.000010 0.000010
0.000010 0.000011 0.000010 0.000010 0.000010 0.000010 0.000010 0.999919 0.000010
0.000010 0.000010 0.000010 0.000010 0.000010 0.000010 0.000010 0.999920 0.000010
0.000010 0.000010 0.000010 0.000010 0.000010 0.000010 0.000010 0.999920 0.000010
0.000010 0.000010 0.000010 0.000010 0.000010 0.000020 0.000010 0.999910 0.000010
0.183726 0.000010 0.000010 0.000010 0.000010 0.000010 0.000010 0.816204 0.000010
0.000010 0.000010 0.000010 0.000010 0.000010 0.000010 0.000010 0.999920 0.000010
0.000010 0.000018 0.000010 0.000010 0.000010 0.000010 0.000010 0.999912 0.000010
0.000010 0.000010 0.000010 0.000010 0.000010 0.000010 0.000010 0.999920 0.000010
0.000010 0.000010 0.000010 0.000010 0.000010 0.000010 0.000010 0.999920 0.000010
0.000010 0.000010 0.000010 0.000010 0.000010 0.000010 0.000010 0.999920 0.000010
0.000010 0.000010 0.000010 0.000010 0.000010 0.000010 0.000010 0.999920 0.000010
0.000012 0.000010 0.000010 0.000010 0.000010 0.000010 0.000010 0.999918 0.000010
0.000010 0.000014 0.000010 0.000020 0.000010 0.000010 0.000010 0.999907 0.000010
0.000010 0.000010 0.000010 0.000010 0.000010 0.000010 0.000010 0.999920 0.000010
0.000010 0.000010 0.000010 0.000010 0.000010 0.000010 0.000010 0.000010 0.999920
0.000010 0.000010 0.000010 0.000010 0.000010 0.000010 0.000010 0.000010 0.999920
0.000010 0.000017 0.000010 0.000010 0.000010 0.000010 0.000010 0.000010 0.999912
0.000010 0.171000 0.000010 0.000010 0.000010 0.000010 0.000010 0.000010 0.828930
0.000010 0.160103 0.000010 0.000010 0.000010 0.000010 0.000010 0.000010 0.839827
0.000010 0.033718 0.000010 0.000010 0.966212 0.000010 0.000010 0.000010 0.000010
0.000010 0.000010 0.000010 0.000010 0.999920 0.000010 0.000010 0.000010 0.000010
0.000010 0.058876 0.000010 0.000010 0.941054 0.000010 0.000010 0.000010 0.000010
0.000010 0.058651 0.000010 0.150464 0.772789 0.000010 0.000010 0.018046 0.000010
0.000010 0.000010 0.000010 0.000010 0.999920 0.000010 0.000010 0.000010 0.000010
0.000010 0.340498 0.000010 0.128170 0.018293 0.000010 0.000010 0.015398 0.497600
0.081179 0.257377 0.000010 0.000010 0.627670 0.000010 0.000010 0.027414 0.006320
0.000010 0.999920 0.000010 0.000010 0.000010 0.000010 0.000010 0.000010 0.000010
0.000010 0.954075 0.000010 0.000010 0.036896 0.000010 0.000010 0.008969 0.000010
0.000010 0.999920 0.000010 0.000010 0.000010 0.000010 0.000010 0.000010 0.000010
0.000010 0.192553 0.000010 0.089005 0.718224 0.000010 0.000010 0.000168 0.000010
0.000010 0.212605 0.000010 0.060981 0.695148 0.000010 0.000010 0.031217 0.000010
0.252140 0.145049 0.000010 0.023570 0.433595 0.038575 0.000010 0.030285 0.076767
0.000010 0.000010 0.000010 0.120050 0.000010 0.000010 0.000010 0.000010 0.879880
0.301791 0.000010 0.000010 0.565118 0.000010 0.023879 0.000010 0.000010 0.109162
0.000010 0.000010 0.000010 0.054315 0.945615 0.000010 0.000010 0.000010 0.000010
0.154956 0.124937 0.000010 0.042325 0.237831 0.063227 0.000010 0.000010 0.376694
0.187825 0.000010 0.000010 0.013298 0.664481 0.065527 0.000010 0.068828 0.000010
0.000011 0.263411 0.000013 0.000010 0.256797 0.000010 0.043864 0.011092 0.424793
0.000010 0.306542 0.000010 0.000010 0.271513 0.000010 0.000010 0.000010 0.421884
0.000010 0.281082 0.000010 0.000019 0.287275 0.000011 0.041048 0.000010 0.390536
0.000010 0.000010 0.000010 0.000010 0.000010 0.999920 0.000010 0.000010 0.000010
0.073746 0.364870 0.000010 0.019682 0.230229 0.000010 0.000010 0.000010 0.311434
0.000010 0.504120 0.000010 0.000010 0.154255 0.000010 0.000010 0.005016 0.336559
0.000010 0.429979 0.000010 0.000010 0.187760 0.000010 0.000010 0.000010 0.382200
0.000010 0.448279 0.000010 0.015968 0.251648 0.000010 0.000010 0.000010 0.284055
0.000010 0.504335 0.000010 0.000010 0.226395 0.000010 0.000010 0.000010 0.269210
0.000010 0.417229 0.000010 0.000010 0.263325 0.000010 0.000010 0.000010 0.319386
0.000010 0.193913 0.000010 0.000010 0.733575 0.000010 0.000010 0.001235 0.071227
0.000010 0.999920 0.000010 0.000010 0.000010 0.000010 0.000010 0.000010 0.000010
0.005338 0.346475 0.000010 0.090312 0.266107 0.000010 0.000010 0.000010 0.291728
0.040883 0.247465 0.000010 0.132967 0.246039 0.045217 0.000010 0.018916 0.268493
0.166724 0.239055 0.000012 0.000016 0.461974 0.030744 0.000010 0.041201 0.060262
0.027043 0.341009 0.006872 0.096352 0.169610 0.022519 0.000010 0.007265 0.329320
