0.574970 0.393292 0.031738
0.520452 0.441001 0.038547
0.570891 0.374332 0.054776
0.528433 0.423221 0.048346
0.781649 0.175128 0.043223
0.803414 0.153858 0.042728
0.799524 0.149881 0.050595
0.839932 0.134001 0.026067
0.579308 0.357714 0.062978
0.507744 0.457780 0.034476
0.557949 0.396275 0.045775
0.590927 0.375632 0.033440
0.764009 0.099043 0.136948
0.795156 0.122249 0.082595
0.801409 0.090962 0.107628
0.781984 0.121955 0.096061
0.788904 0.211086 0.000010
0.584427 0.171877 0.243696
0.786081 0.213909 0.000010
0.630812 0.171446 0.197742
0.655738 0.309399 0.034864
0.699891 0.268698 0.031410
0.681541 0.288155 0.030305
0.696635 0.265760 0.037605
0.461828 0.494590 0.043582
0.598094 0.366156 0.035750
0.581756 0.372141 0.046103
0.926692 0.000010 0.073298
0.949671 0.000932 0.049396
0.769375 0.182111 0.048514
0.746230 0.202535 0.051235
0.742554 0.189843 0.067603
0.732759 0.193731 0.073509
0.771801 0.182212 0.045986
0.721575 0.205718 0.072707
0.734566 0.178360 0.087074
0.740527 0.189723 0.069750
0.597475 0.380415 0.022109
0.565959 0.393459 0.040582
0.637062 0.307270 0.055668
0.601228 0.352224 0.046547
0.605256 0.355474 0.039270
0.603304 0.323793 0.072903
0.799674 0.136860 0.063466
0.801472 0.128013 0.070515
0.754631 0.169232 0.076137
0.958027 0.000010 0.041963
0.956400 0.000010 0.043590
0.882204 0.055804 0.061992
0.948866 0.000010 0.051124
0.999980 0.000010 0.000010
0.999980 0.000010 0.000010
0.999980 0.000010 0.000010
0.999980 0.000010 0.000010
0.890233 0.036223 0.073544
0.351202 0.627256 0.021542
0.582128 0.396919 0.020954
0.586716 0.388112 0.025172
0.608232 0.342260 0.049508
0.955287 0.033285 0.011428
0.942776 0.049417 0.007806
0.000010 0.999980 0.000010
0.000010 0.999980 0.000010
0.000010 0.999980 0.000010
0.000010 0.999980 0.000010
0.000010 0.999980 0.000010
0.000010 0.999980 0.000010
0.000010 0.999980 0.000010
0.000010 0.999980 0.000010
0.000010 0.000010 0.999980
0.000010 0.000010 0.999980
0.000017 0.000010 0.999973
0.000010 0.000010 0.999980
0.134164 0.030105 0.835731
0.000010 0.000010 0.999980
0.000010 0.000010 0.999980
0.000019 0.000010 0.999971
0.000014 0.000010 0.999976
0.000010 0.000010 0.999980
0.000013 0.000010 0.999977
0.000010 0.000010 0.999980
0.000010 0.000010 0.999980
0.000010 0.000010 0.999980
0.904393 0.095597 0.000010
0.921717 0.078273 0.000010
0.924603 0.075387 0.000010
0.938337 0.061653 0.000010
0.933559 0.066431 0.000010
0.950196 0.000010 0.049794
0.940955 0.000010 0.059035
0.947277 0.000010 0.052713
0.775333 0.156726 0.067941
0.954329 0.000010 0.045661
0.834961 0.165029 0.000010
0.932863 0.000010 0.067127
0.999980 0.000010 0.000010
0.996358 0.000010 0.003632
0.999980 0.000010 0.000010
0.863309 0.094002 0.042689
0.863097 0.062878 0.074025
0.849286 0.084962 0.065752
0.733463 0.266527 0.000010
0.272878 0.727112 0.000010
0.764909 0.156170 0.078921
0.859645 0.130240 0.010114
0.776068 0.097284 0.126648
0.982548 0.000010 0.017442
0.999464 0.000010 0.000526
0.992679 0.004470 0.002851
0.591999 0.381254 0.026747
0.952378 0.039248 0.008374
0.994198 0.000010 0.005792
0.999980 0.000010 0.000010
0.976034 0.021737 0.002229
0.994753 0.000010 0.005237
0.999980 0.000010 0.000010
0.962811 0.000010 0.037179
0.999980 0.000010 0.000010
0.889070 0.106041 0.004889
0.791710 0.180353 0.027937
0.891353 0.027624 0.081023
0.852416 0.136999 0.010585
