0.999960 0.000010 0.000010 0.000010 0.000010
0.942660 0.000010 0.048204 0.009116 0.000010
0.710099 0.066280 0.041837 0.037908 0.143875
0.999960 0.000010 0.000010 0.000010 0.000010
0.000010 0.000010 0.015268 0.000010 0.984702
0.000010 0.000010 0.000010 0.000010 0.999960
0.000010 0.000010 0.000010 0.000010 0.999960
0.000010 0.000010 0.000010 0.000010 0.999960
0.579001 0.280436 0.086415 0.054138 0.000010
0.359390 0.301147 0.311570 0.027883 0.000010
0.592555 0.255740 0.114879 0.036816 0.000010
0.517400 0.334052 0.120822 0.027716 0.000010
0.051731 0.080490 0.000010 0.108854 0.758915
0.060147 0.110957 0.000010 0.055681 0.773206
0.051605 0.079577 0.000010 0.081365 0.787443
0.031569 0.104282 0.000010 0.070638 0.793501
0.039510 0.402597 0.087836 0.000010 0.470047
0.000010 0.262052 0.035801 0.000010 0.702126
0.029913 0.430048 0.101911 0.000010 0.438118
0.000010 0.337951 0.045356 0.000010 0.616673
0.000010 0.124142 0.156752 0.002858 0.716238
0.000010 0.133518 0.101595 0.000010 0.764867
0.000010 0.112769 0.108518 0.000010 0.778693
0.000010 0.141727 0.114754 0.009939 0.733569
0.010851 0.187391 0.432847 0.034220 0.334691
0.999960 0.000010 0.000010 0.000010 0.000010
0.999960 0.000010 0.000010 0.000010 0.000010
0.000010 0.419305 0.000010 0.064176 0.516498
0.000010 0.469998 0.000010 0.036218 0.493764
0.000010 0.045646 0.060640 0.014026 0.879678
0.000010 0.000010 0.023459 0.000010 0.976511
0.000010 0.000010 0.006792 0.006677 0.986511
0.000010 0.000010 0.000010 0.000010 0.999960
0.000010 0.000010 0.000010 0.000010 0.999960
0.000010 0.000010 0.013270 0.002110 0.984600
0.000010 0.000010 0.001749 0.016738 0.981494
0.000010 0.000010 0.000010 0.001636 0.998334
0.999960 0.000010 0.000010 0.000010 0.000010
0.999960 0.000010 0.000010 0.000010 0.000010
0.929386 0.000010 0.000010 0.037035 0.033559
0.999960 0.000010 0.000010 0.000010 0.000010
0.999960 0.000010 0.000010 0.000010 0.000010
0.911803 0.000010 0.029298 0.058879 0.000010
0.000010 0.000010 0.000010 0.016423 0.983547
0.000010 0.000010 0.004084 0.021337 0.974559
0.000010 0.000010 0.046088 0.029585 0.924307
0.000010 0.533542 0.000010 0.035876 0.430562
0.000010 0.550228 0.000010 0.039761 0.409990
0.000010 0.464907 0.005116 0.051971 0.477996
0.000010 0.484826 0.000010 0.040522 0.474632
0.000010 0.987710 0.000010 0.012260 0.000010
0.000010 0.999960 0.000010 0.000010 0.000010
0.000010 0.999960 0.000010 0.000010 0.000010
0.000010 0.999960 0.000010 0.000010 0.000010
0.000010 0.468503 0.000010 0.065831 0.465646
0.038643 0.144273 0.552040 0.012136 0.252907
0.999960 0.000010 0.000010 0.000010 0.000010
0.999960 0.000010 0.000010 0.000010 0.000010
0.866015 0.000010 0.035403 0.027913 0.070659
0.000010 0.863590 0.038358 0.026190 0.071852
0.000010 0.930810 0.055159 0.014012 0.000010
0.000010 0.000010 0.999960 0.000010 0.000010
0.000010 0.000010 0.999960 0.000010 0.000010
0.000010 0.000010 0.999960 0.000010 0.000010
0.000010 0.000010 0.999960 0.000010 0.000010
0.000010 0.000010 0.999960 0.000010 0.000010
0.000010 0.000010 0.999960 0.000010 0.000010
0.000010 0.000010 0.999960 0.000010 0.000010
0.000010 0.000010 0.999960 0.000010 0.000010
0.000012 0.000010 0.000010 0.999958 0.000010
0.000010 0.000010 0.000010 0.999960 0.000010
0.000010 0.000010 0.000010 0.999960 0.000010
0.000010 0.000010 0.000010 0.999960 0.000010
0.000010 0.000010 0.000010 0.821568 0.178402
0.000010 0.000010 0.000010 0.999960 0.000010
0.000010 0.000010 0.000010 0.999960 0.000010
0.000010 0.000010 0.000010 0.999960 0.000010
0.000010 0.000010 0.000010 0.999960 0.000010
0.000010 0.000010 0.000010 0.999960 0.000010
0.000010 0.000010 0.000010 0.999960 0.000010
0.000010 0.000010 0.000010 0.999960 0.000010
0.000010 0.000010 0.000010 0.999960 0.000010
0.000010 0.000010 0.000010 0.999960 0.000010
0.000010 0.901061 0.098909 0.000010 0.000010
0.000010 0.933758 0.066212 0.000010 0.000010
0.000010 0.934285 0.065685 0.000010 0.000010
0.000010 0.936036 0.063934 0.000010 0.000010
0.000010 0.940208 0.059762 0.000010 0.000010
0.000010 0.548629 0.000010 0.044446 0.406905
0.000010 0.508363 0.000010 0.052557 0.439061
0.000010 0.492437 0.000010 0.046876 0.460667
0.000010 0.367660 0.112106 0.058330 0.461893
0.000010 0.519357 0.000010 0.039047 0.441576
0.000010 0.824651 0.163941 0.011387 0.000010
0.000010 0.490430 0.000010 0.056457 0.453093
0.000010 0.999960 0.000010 0.000010 0.000010
0.000010 0.946154 0.000010 0.020357 0.033469
0.000010 0.993128 0.000010 0.006842 0.000010
0.000010 0.464835 0.054852 0.038830 0.441473
0.000010 0.487697 0.032378 0.069992 0.409923
0.039779 0.356556 0.018637 0.053541 0.531487
0.000010 0.794822 0.205148 0.000010 0.000010
0.096239 0.056085 0.620817 0.000010 0.226849
0.000010 0.000010 0.025819 0.037607 0.936554
0.075561 0.574230 0.067689 0.007640 0.274879
0.096799 0.115494 0.000010 0.100829 0.686869
0.000010 0.875304 0.000010 0.030816 0.093860
0.000010 0.929102 0.000010 0.021296 0.049582
0.000010 0.868118 0.009408 0.012582 0.109881
0.999960 0.000010 0.000010 0.000010 0.000010
0.000010 0.783133 0.034682 0.016435 0.165740
0.000010 0.971217 0.004726 0.024038 0.000010
0.000010 0.982134 0.000010 0.017836 0.000010
0.009920 0.861951 0.024296 0.015829 0.088004
0.000010 0.949811 0.000010 0.026409 0.023760
0.000010 0.884197 0.000010 0.017181 0.098603
0.000010 0.610167 0.000010 0.043374 0.346439
0.000010 0.987629 0.000010 0.012341 0.000010
0.000010 0.751859 0.102516 0.014019 0.131596
0.050174 0.595057 0.147072 0.033085 0.174612
0.017550 0.450583 0.000010 0.069511 0.462345
0.030758 0.734283 0.122144 0.019841 0.092974
