0.000010 0.000010 0.999970 0.000010
0.043580 0.000010 0.946670 0.009741
0.054670 0.165859 0.735380 0.044091
0.000010 0.000010 0.999970 0.000010
0.138249 0.597662 0.212498 0.051592
0.101826 0.574533 0.273314 0.050327
0.108150 0.580038 0.253257 0.058554
0.086761 0.610078 0.269599 0.033562
0.077972 0.276820 0.592799 0.052408
0.074506 0.254574 0.649216 0.021704
0.107842 0.253381 0.602494 0.036282
0.111876 0.334080 0.527492 0.026552
0.048687 0.554088 0.249749 0.147476
0.073676 0.606323 0.228706 0.091295
0.044354 0.554589 0.285892 0.115165
0.074797 0.575989 0.244260 0.104953
0.133747 0.808847 0.057396 0.000010
0.093563 0.906417 0.000010 0.000010
0.147111 0.811342 0.041537 0.000010
0.111881 0.888099 0.000010 0.000010
0.299035 0.607565 0.045885 0.047515
0.255943 0.642286 0.057302 0.044470
0.271610 0.624707 0.060533 0.043150
0.246393 0.618585 0.084221 0.050800
0.485220 0.428913 0.033874 0.051993
0.000016 0.000010 0.999964 0.000010
0.000010 0.000010 0.999970 0.000010
0.000010 0.897359 0.006467 0.096164
0.021450 0.910891 0.000010 0.067649
0.168882 0.676493 0.092441 0.062184
0.221276 0.708581 0.000010 0.070133
0.197303 0.674228 0.044102 0.084366
0.209970 0.687390 0.011874 0.090766
0.191729 0.715752 0.030572 0.061946
0.210863 0.661548 0.039465 0.088124
0.198687 0.697853 0.000010 0.103450
0.208073 0.707800 0.000010 0.084117
0.000010 0.000010 0.999970 0.000010
0.000010 0.000010 0.999970 0.000010
0.000010 0.000010 0.961171 0.038809
0.000010 0.000010 0.999970 0.000010
0.000010 0.000010 0.999970 0.000010
0.028000 0.000010 0.913776 0.058214
0.146555 0.771628 0.000010 0.081806
0.143590 0.768459 0.000010 0.087941
0.176127 0.714406 0.016281 0.093187
0.000376 0.935510 0.000010 0.064104
0.002100 0.931834 0.000010 0.066057
0.058821 0.836653 0.025210 0.079316
0.010725 0.894647 0.024766 0.069862
0.000010 0.987135 0.000010 0.012845
0.000010 0.999970 0.000010 0.000010
0.000010 0.999970 0.000010 0.000010
0.000010 0.999970 0.000010 0.000010
0.044276 0.844148 0.018953 0.092623
0.600025 0.323112 0.050470 0.026393
0.000010 0.000010 0.999970 0.000010
0.000010 0.000010 0.999970 0.000010
0.040429 0.040416 0.887719 0.031435
0.040992 0.933827 0.000010 0.025171
0.057099 0.927411 0.000010 0.015480
0.999965 0.000015 0.000010 0.000010
0.999970 0.000010 0.000010 0.000010
0.999970 0.000010 0.000010 0.000010
0.999970 0.000010 0.000010 0.000010
0.999970 0.000010 0.000010 0.000010
0.999970 0.000010 0.000010 0.000010
0.999970 0.000010 0.000010 0.000010
0.999970 0.000010 0.000010 0.000010
0.000010 0.000010 0.000010 0.999970
0.000014 0.000010 0.000010 0.999966
0.000010 0.000010 0.000010 0.999970
0.000010 0.000010 0.000010 0.999970
0.045305 0.114390 0.000010 0.840295
0.000010 0.000010 0.000010 0.999970
0.000010 0.000010 0.000010 0.999970
0.000010 0.000010 0.000010 0.999970
0.000010 0.000010 0.000010 0.999970
0.000010 0.000010 0.000010 0.999970
0.000010 0.000010 0.000010 0.999970
0.000010 0.000010 0.000010 0.999970
0.000010 0.000010 0.000010 0.999970
0.000010 0.000010 0.000010 0.999970
0.107832 0.892148 0.000010 0.000010
0.082004 0.917974 0.000012 0.000010
0.078664 0.921316 0.000010 0.000010
0.067088 0.932892 0.000010 0.000010
0.060795 0.939185 0.000010 0.000010
0.009903 0.921542 0.000010 0.068545
0.009391 0.912091 0.000010 0.078509
0.009390 0.916725 0.000010 0.073875
0.164352 0.732897 0.018437 0.084314
0.008318 0.927526 0.000010 0.064146
0.159053 0.832940 0.000010 0.007997
0.000010 0.913066 0.000010 0.086914
0.000010 0.999970 0.000010 0.000010
0.000015 0.980327 0.000010 0.019648
0.000010 0.998814 0.000010 0.001166
0.107955 0.831152 0.000010 0.060883
0.077718 0.829139 0.000010 0.093133
0.070876 0.749685 0.099183 0.080256
0.191170 0.808810 0.000010 0.000010
0.672459 0.221360 0.106171 0.000010
0.171029 0.733014 0.000010 0.095947
0.107550 0.795708 0.075618 0.021124
0.060029 0.617068 0.185367 0.137537
0.000010 0.969397 0.000010 0.030583
0.000010 0.984576 0.000010 0.015404
0.017713 0.967378 0.000010 0.014898
0.000010 0.000010 0.999970 0.000010
0.050486 0.926634 0.000010 0.022870
0.000012 0.978819 0.000010 0.021160
0.000010 0.991232 0.000010 0.008748
0.027291 0.952126 0.000010 0.020572
0.000011 0.978429 0.000010 0.021550
0.000010 0.984870 0.000010 0.015110
0.000010 0.939670 0.000010 0.060310
0.000010 0.988131 0.000010 0.011849
0.112772 0.869461 0.000010 0.017757
0.169053 0.749769 0.040246 0.040933
0.023083 0.825791 0.052657 0.098469
0.129232 0.831643 0.016710 0.022415
