0.999890 0.000010 0.000010 0.000010 0.000010 0.000010 0.000010 0.000010 0.000010 0.000010 0.000010 0.000010
0.919509 0.039526 0.000010 0.000010 0.000010 0.000010 0.000010 0.000010 0.000010 0.000010 0.017208 0.023677
0.696157 0.039534 0.000010 0.001115 0.000010 0.178529 0.000010 0.018791 0.016442 0.007751 0.029208 0.012441
0.991193 0.000010 0.000010 0.000010 0.000010 0.000010 0.000010 0.000010 0.000010 0.000010 0.008707 0.000010
0.000010 0.003781 0.000010 0.000010 0.000010 0.323761 0.000010 0.000010 0.633855 0.024840 0.012037 0.001665
0.000010 0.000010 0.000010 0.000010 0.000010 0.349177 0.000010 0.000010 0.650723 0.000010 0.000010 0.000010
0.000010 0.015545 0.000010 0.000010 0.000010 0.347422 0.000010 0.000010 0.629927 0.000010 0.000010 0.007025
0.000010 0.000010 0.000010 0.000010 0.000010 0.356580 0.000010 0.000010 0.643320 0.000010 0.000010 0.000010
0.337967 0.011826 0.000010 0.000010 0.000127 0.000010 0.560402 0.054008 0.000010 0.000010 0.021632 0.013987
0.231041 0.013109 0.000010 0.000010 0.000010 0.000010 0.711947 0.040780 0.000010 0.000010 0.002654 0.000408
0.329859 0.024225 0.000010 0.000010 0.003030 0.000010 0.560291 0.050871 0.000010 0.018070 0.013604 0.000010
0.263945 0.042035 0.000010 0.000010 0.046577 0.046631 0.523769 0.000301 0.000010 0.007473 0.041599 0.027640
0.049596 0.000010 0.000010 0.000010 0.000010 0.493792 0.000010 0.041401 0.337895 0.000010 0.028052 0.049203
0.053051 0.017376 0.000010 0.002803 0.000010 0.487927 0.000010 0.003281 0.355507 0.000010 0.043901 0.036113
0.017533 0.006727 0.000010 0.000010 0.000010 0.692577 0.000010 0.042832 0.194253 0.000010 0.028317 0.017712
0.025577 0.018950 0.000010 0.000010 0.000010 0.495209 0.000010 0.034356 0.384671 0.000010 0.020857 0.020330
0.000010 0.000010 0.000010 0.000010 0.000010 0.000010 0.999888 0.000010 0.000012 0.000010 0.000010 0.000010
0.000010 0.000010 0.000010 0.000019 0.000020 0.000010 0.999865 0.000016 0.000010 0.000010 0.000010 0.000010
0.000010 0.000010 0.000010 0.000010 0.000010 0.000010 0.999890 0.000010 0.000010 0.000010 0.000010 0.000010
0.000010 0.000013 0.000010 0.000010 0.000010 0.000010 0.999887 0.000010 0.000010 0.000010 0.000010 0.000010
0.000010 0.089143 0.000010 0.000010 0.000010 0.799753 0.000010 0.000010 0.000010 0.111014 0.000010 0.000010
0.000010 0.068604 0.000010 0.000010 0.000010 0.852750 0.000010 0.000010 0.000010 0.078556 0.000010 0.000010
0.000010 0.051583 0.000010 0.000012 0.000010 0.857587 0.000010 0.000010 0.000010 0.090738 0.000010 0.000010
0.000010 0.037122 0.000010 0.000010 0.000010 0.845975 0.000010 0.000010 0.000010 0.116813 0.000010 0.000010
0.000010 0.278457 0.124984 0.018373 0.015429 0.158739 0.000010 0.020592 0.199292 0.148907 0.031550 0.003657
0.999890 0.000010 0.000010 0.000010 0.000010 0.000010 0.000010 0.000010 0.000010 0.000010 0.000010 0.000010
0.999890 0.000010 0.000010 0.000010 0.000010 0.000010 0.000010 0.000010 0.000010 0.000010 0.000010 0.000010
0.000010 0.000010 0.000010 0.138565 0.000010 0.767726 0.000010 0.006369 0.000010 0.000010 0.063707 0.023563
0.000010 0.000010 0.000010 0.218966 0.000010 0.693097 0.000010 0.011267 0.030561 0.000010 0.046039 0.000010
0.000010 0.038103 0.000010 0.000010 0.000010 0.392090 0.000010 0.001580 0.478602 0.033374 0.056191 0.000010
0.000010 0.000010 0.000010 0.000010 0.000010 0.000010 0.000010 0.000010 0.999890 0.000010 0.000010 0.000010
0.000010 0.000010 0.000010 0.000010 0.000010 0.000010 0.000010 0.000010 0.999890 0.000010 0.000010 0.000010
0.000010 0.000010 0.000010 0.000010 0.000010 0.000010 0.000010 0.000010 0.999890 0.000010 0.000010 0.000010
0.000010 0.000010 0.000010 0.000010 0.000010 0.000010 0.000010 0.000010 0.999890 0.000010 0.000010 0.000010
0.000010 0.000010 0.000010 0.000010 0.000010 0.000010 0.000010 0.000010 0.999890 0.000010 0.000010 0.000010
0.000010 0.000010 0.000010 0.000010 0.000010 0.000010 0.000010 0.000010 0.999890 0.000010 0.000010 0.000010
0.000010 0.000010 0.000010 0.000010 0.000010 0.000010 0.000010 0.000010 0.999890 0.000010 0.000010 0.000010
0.999889 0.000010 0.000010 0.000010 0.000011 0.000010 0.000010 0.000010 0.000010 0.000010 0.000010 0.000010
0.999890 0.000010 0.000010 0.000010 0.000010 0.000010 0.000010 0.000010 0.000010 0.000010 0.000010 0.000010
0.877137 0.000010 0.000010 0.000010 0.000010 0.046891 0.000010 0.008836 0.000010 0.000010 0.051443 0.015622
0.999890 0.000010 0.000010 0.000010 0.000010 0.000010 0.000010 0.000010 0.000010 0.000010 0.000010 0.000010
0.999890 0.000010 0.000010 0.000010 0.000010 0.000010 0.000010 0.000010 0.000010 0.000010 0.000010 0.000010
0.881614 0.021934 0.000010 0.000010 0.000010 0.000010 0.000010 0.021952 0.000010 0.000010 0.049199 0.025231
0.000010 0.000010 0.000015 0.000010 0.000010 0.000011 0.000010 0.000010 0.000010 0.000010 0.999884 0.000010
0.000010 0.000010 0.000010 0.000010 0.000010 0.000010 0.000010 0.000010 0.000010 0.000010 0.999890 0.000010
0.000010 0.000010 0.000010 0.000010 0.000010 0.000010 0.000010 0.000010 0.000010 0.000010 0.999890 0.000010
0.000010 0.000010 0.000010 0.266320 0.000010 0.733518 0.000010 0.000073 0.000010 0.000010 0.000010 0.000010
0.000010 0.000010 0.000010 0.260885 0.000010 0.730396 0.000010 0.000010 0.000010 0.000010 0.000010 0.008629
0.000010 0.017374 0.097862 0.197209 0.000010 0.534512 0.000010 0.015860 0.090683 0.011449 0.022352 0.012669
0.000010 0.000010 0.080983 0.227792 0.000010 0.541469 0.000010 0.000010 0.085989 0.000010 0.037286 0.026422
0.000010 0.000010 0.000010 0.999890 0.000010 0.000010 0.000010 0.000010 0.000010 0.000010 0.000010 0.000010
0.000016 0.000010 0.000010 0.999881 0.000010 0.000010 0.000010 0.000013 0.000010 0.000010 0.000010 0.000010
0.000010 0.000010 0.000010 0.999880 0.000010 0.000012 0.000015 0.000013 0.000010 0.000010 0.000010 0.000010
0.000010 0.000010 0.000010 0.999887 0.000010 0.000010 0.000010 0.000010 0.000010 0.000010 0.000013 0.000010
0.000010 0.000010 0.083917 0.217898 0.000010 0.509360 0.000010 0.019852 0.119410 0.011348 0.017233 0.020942
0.022246 0.408917 0.000010 0.028774 0.061407 0.000010 0.000010 0.000010 0.243008 0.138646 0.081729 0.015232
0.999890 0.000010 0.000010 0.000010 0.000010 0.000010 0.000010 0.000010 0.000010 0.000010 0.000010 0.000010
0.999890 0.000010 0.000010 0.000010 0.000010 0.000010 0.000010 0.000010 0.000010 0.000010 0.000010 0.000010
0.816177 0.014783 0.000010 0.000010 0.000010 0.132644 0.000010 0.006959 0.000010 0.019864 0.001787 0.007735
0.000010 0.000010 0.999890 0.000010 0.000010 0.000010 0.000010 0.000010 0.000010 0.000010 0.000010 0.000010
0.000010 0.000010 0.614630 0.045805 0.339475 0.000010 0.000010 0.000010 0.000010 0.000010 0.000010 0.000010
0.000010 0.000010 0.000010 0.000010 0.000010 0.000010 0.000010 0.000010 0.000010 0.999890 0.000010 0.000010
0.000010 0.000010 0.000010 0.000010 0.000010 0.000010 0.000010 0.000010 0.000010 0.999890 0.000010 0.000010
0.000018 0.999882 0.000010 0.000010 0.000010 0.000010 0.000010 0.000010 0.000010 0.000010 0.000010 0.000010
0.000010 0.999890 0.000010 0.000010 0.000010 0.000010 0.000010 0.000010 0.000010 0.000010 0.000010 0.000010
0.000010 0.999890 0.000010 0.000010 0.000010 0.000010 0.000010 0.000010 0.000010 0.000010 0.000010 0.000010
0.000010 0.000010 0.000010 0.000010 0.000010 0.000012 0.000010 0.000010 0.000010 0.999888 0.000010 0.000010
0.000010 0.000010 0.000010 0.000010 0.000010 0.000010 0.000010 0.000010 0.000010 0.999890 0.000010 0.000010
0.000010 0.000010 0.000010 0.000010 0.000010 0.000010 0.000010 0.000010 0.000010 0.999890 0.000010 0.000010
0.000010 0.000010 0.000010 0.000010 0.000010 0.000010 0.000010 0.000010 0.000010 0.000010 0.000010 0.999890
0.000010 0.000010 0.000010 0.000010 0.000010 0.000010 0.000010 0.000010 0.000010 0.000010 0.000010 0.999890
0.000010 0.000010 0.000010 0.000010 0.000010 0.000010 0.000010 0.999890 0.000010 0.000010 0.000010 0.000010
0.000010 0.000010 0.000010 0.000010 0.000010 0.000010 0.000010 0.999890 0.000010 0.000010 0.000010 0.000010
0.000010 0.000010 0.000010 0.000010 0.000010 0.000010 0.000010 0.798862 0.187324 0.000010 0.000010 0.013724
0.000010 0.000010 0.000010 0.000010 0.000010 0.000010 0.000010 0.000010 0.000010 0.000010 0.000010 0.999890
0.000010 0.000012 0.000010 0.000010 0.000010 0.000010 0.000010 0.999888 0.000010 0.000010 0.000010 0.000010
0.000010 0.000010 0.000010 0.000012 0.000010 0.000010 0.000014 0.492561 0.000010 0.000010 0.000010 0.507333
0.000010 0.000010 0.000010 0.000010 0.000010 0.000011 0.000010 0.501766 0.000010 0.000010 0.000010 0.498132
0.000010 0.000017 0.000010 0.000010 0.000010 0.000010 0.000010 0.480409 0.000010 0.000010 0.000010 0.519484
0.000010 0.000011 0.000010 0.000010 0.000010 0.000010 0.000016 0.509337 0.000010 0.000010 0.000010 0.490556
0.000010 0.000010 0.000016 0.000010 0.000010 0.000010 0.000010 0.494458 0.000010 0.000010 0.000010 0.505436
0.000010 0.000014 0.000010 0.000010 0.000010 0.000010 0.000010 0.524574 0.000010 0.000010 0.000010 0.475322
0.000010 0.000010 0.000010 0.000012 0.000010 0.000010 0.000010 0.549355 0.000010 0.000010 0.000010 0.450542
0.000010 0.000010 0.000010 0.000010 0.999890 0.000010 0.000010 0.000010 0.000010 0.000010 0.000010 0.000010
0.000010 0.000010 0.000010 0.000010 0.999890 0.000010 0.000010 0.000010 0.000010 0.000010 0.000010 0.000010
0.000010 0.000010 0.000010 0.000010 0.999890 0.000010 0.000010 0.000010 0.000010 0.000010 0.000010 0.000010
0.000010 0.000010 0.571164 0.001269 0.427477 0.000010 0.000010 0.000010 0.000010 0.000010 0.000010 0.000010
0.000010 0.000013 0.564825 0.000010 0.435072 0.000010 0.000010 0.000010 0.000010 0.000010 0.000010 0.000010
0.000010 0.000010 0.000010 0.000010 0.000010 0.999890 0.000010 0.000010 0.000010 0.000010 0.000010 0.000010
0.000010 0.000010 0.000010 0.000010 0.000010 0.999890 0.000010 0.000010 0.000010 0.000010 0.000010 0.000010
0.000010 0.000010 0.000010 0.001661 0.000010 0.998239 0.000010 0.000010 0.000010 0.000010 0.000010 0.000010
0.000010 0.068650 0.000013 0.006609 0.000014 0.804496 0.000010 0.006182 0.000010 0.079746 0.015281 0.018977
0.000010 0.000010 0.000010 0.000010 0.000010 0.999890 0.000010 0.000010 0.000010 0.000010 0.000010 0.000010
0.000010 0.066482 0.631493 0.145026 0.104097 0.000010 0.000013 0.000010 0.000010 0.052830 0.000010 0.000010
0.000010 0.000010 0.098421 0.167908 0.000010 0.628225 0.000010 0.000010 0.051158 0.000010 0.020592 0.033636
0.000010 0.000010 0.000010 0.999890 0.000010 0.000010 0.000010 0.000010 0.000010 0.000010 0.000010 0.000010
0.000010 0.000010 0.154444 0.773921 0.000010 0.061779 0.000010 0.000010 0.000010 0.000010 0.000010 0.009776
0.000010 0.000010 0.000010 0.999890 0.000010 0.000010 0.000010 0.000010 0.000010 0.000010 0.000010 0.000010
0.000010 0.030337 0.000010 0.150615 0.000010 0.712679 0.000010 0.010105 0.000010 0.054507 0.041698 0.000010
0.000010 0.018965 0.057120 0.149495 0.000010 0.643764 0.000010 0.014900 0.000010 0.034850 0.055991 0.024875
0.028818 0.010433 0.190884 0.060083 0.000010 0.454043 0.000010 0.000010 0.177640 0.020593 0.022462 0.035014
0.000010 0.091837 0.908058 0.000010 0.000010 0.000010 0.000015 0.000010 0.000010 0.000010 0.000010 0.000010
0.013785 0.411203 0.000010 0.000010 0.042393 0.000010 0.000010 0.000010 0.336076 0.196474 0.000010 0.000010
0.000010 0.000010 0.000010 0.000010 0.000010 0.000010 0.000010 0.000010 0.000010 0.000010 0.999890 0.000010
0.009229 0.029159 0.867397 0.000010 0.000010 0.000010 0.000010 0.000010 0.063859 0.027350 0.002946 0.000010
0.037439 0.000010 0.000010 0.000010 0.000010 0.710393 0.000010 0.023117 0.090657 0.021532 0.064131 0.052681
0.000010 0.000010 0.999890 0.000010 0.000010 0.000010 0.000010 0.000010 0.000010 0.000010 0.000010 0.000010
0.000010 0.000010 0.999890 0.000010 0.000010 0.000010 0.000010 0.000010 0.000010 0.000010 0.000010 0.000010
0.000010 0.000010 0.999890 0.000010 0.000010 0.000010 0.000010 0.000010 0.000010 0.000010 0.000010 0.000010
0.999890 0.000010 0.000010 0.000010 0.000010 0.000010 0.000010 0.000010 0.000010 0.000010 0.000010 0.000010
0.000010 0.013228 0.688960 0.160503 0.000010 0.119252 0.000010 0.002121 0.002518 0.013369 0.000010 0.000010
0.000010 0.000010 0.806179 0.193721 0.000010 0.000010 0.000010 0.000010 0.000010 0.000010 0.000010 0.000010
0.000010 0.000010 0.859241 0.140659 0.000010 0.000010 0.000010 0.000010 0.000010 0.000010 0.000010 0.000010
0.000010 0.000010 0.684732 0.234789 0.000010 0.076962 0.000010 0.000010 0.000010 0.003437 0.000010 0.000010
0.000010 0.000010 0.717347 0.281510 0.000010 0.000010 0.000010 0.000010 0.000010 0.000010 0.000010 0.001053
0.000010 0.000010 0.716971 0.215357 0.000010 0.067581 0.000010 0.000010 0.000010 0.000010 0.000010 0.000010
0.000010 0.000010 0.265400 0.066832 0.000010 0.653234 0.000010 0.014454 0.000010 0.000010 0.000010 0.000010
0.000010 0.000010 0.000010 0.999890 0.000010 0.000010 0.000010 0.000010 0.000010 0.000010 0.000010 0.000010
0.000010 0.041476 0.586549 0.189865 0.000194 0.119450 0.000010 0.000010 0.000010 0.049587 0.012468 0.000371
0.042890 0.071176 0.376455 0.152596 0.055397 0.146463 0.000010 0.013523 0.033125 0.061027 0.042584 0.004754
0.011948 0.000010 0.064259 0.173360 0.031824 0.549694 0.000010 0.016466 0.093957 0.000010 0.027773 0.030689
0.023186 0.049097 0.489141 0.210013 0.062017 0.061314 0.000010 0.008478 0.027059 0.049359 0.020316 0.000010
