1.533700942993164062e+00 1.368728028543063413e+00 1.321112980038404272e+00 -7.157787818796888801e-02 -6.914054321589779839e-02 -2.181573884906234245e-02 -1.748585852842245852e-02 -2.291878535618573770e-02 -2.757419581019808150e-02 -2.375213378169488063e-02 -2.213614548441996885e-02 -2.586072028460624506e-02 -2.052005691544886781e-02 -1.629443216261860020e-02 -1.071035635851210095e-02 -1.427444264517598316e-01 -3.358303890992263285e-02 -1.029422091329435518e-01 -1.097805305563647610e-01 -1.020302689089433584e-01 -8.111724143122821251e-02 -7.115649024134255984e-02 -8.021361604480423124e-02 -1.122607509615747151e-01 -1.128423576522946531e-01 -1.020225634147516880e-01 -1.085487467611470774e-01 -1.078531774311057845e-01 -7.477702351522454161e-02 -1.750273309790978740e-02 -2.052878055301722571e-02 -1.121318131300880552e-02 -2.215794300852975962e-02 -1.900738124637903551e-02 -2.330917199397333078e-02 -3.255888308807699388e-02 2.531507835168634313e-01 1.582881899872818354e-01 2.203861583346234942e-01 -1.072994616983408978e-01 -1.047089887065685426e-01 -8.254535720758196526e-02 -1.012229352036894542e-01 -1.219957057180598020e-01 -1.340645536221869993e-01 -1.248763649986002061e-01 -1.308694037363640483e-01 -7.659077652190991736e-02 1.453688674447667925e-03 -1.173381394225794239e-01 -1.290903524497671317e-01 -3.547829737919405008e-02 -9.251886218590198857e-03 -9.023591862973451283e-02 -1.199653427079861723e-01 -1.238674851840084329e-01 -1.230045315401997880e-01 -5.111789366004587665e-02 -7.069076677858633639e-02 -7.266119816716914981e-02 1.631433151459502334e-03 -1.215542788586106704e-01 -1.034786164283049009e-01 -2.278642286061388980e-02 -2.468625333357110652e-02 -3.260339986458075934e-02 -5.608073327796690016e-02 -5.224238288373870415e-02 -3.814950836941623236e-02 -6.172312960736874021e-02 -6.723737099583493304e-02 -4.884733751496130559e-03 3.612983277951475891e-01 3.510656474784075165e-01 3.507161466247405435e-01 3.889081547669256955e-01 3.884017672747615557e-01 4.001576517886711870e-01 -1.682457710489264902e-01 -1.585964251813637427e-01 -1.642258324695055338e-01 -1.663823989790428337e-01 -1.409681519198265898e-01 -1.638489805824014656e-01 -1.594755765607104303e-01 -1.631778081273634329e-01 -1.589952288567255678e-01 -1.649036074300771482e-01 -1.674335703098037420e-01 -1.628979266836805551e-01 -1.694437247164918003e-01 -1.681063933912251840e-01 -3.631528836689740941e-02 -3.018466914875624074e-02 -3.874693870511537741e-02 -3.476110021560574470e-02 -1.136413765199723591e-01 -1.162518884245675177e-01 -2.356168697780429075e-02 -1.038112253577678640e-01 -1.024501373537120841e-01
1.368728028543063413e+00 1.542788863182067871e+00 1.388894178435118532e+00 -7.009002362030927746e-02 -6.745668833502026229e-02 -2.503940639094151197e-02 -1.711841868264711575e-02 -2.430947086533363083e-02 -2.685330594856746855e-02 -2.705598011448744761e-02 -2.513003272127695836e-02 -2.580692837620508773e-02 -2.381076187113525741e-02 -1.460295952528355493e-02 -1.644418408427166661e-02 -1.397257084719833731e-01 -3.630364142372480285e-02 -1.016378363428931675e-01 -1.101175051612156008e-01 -1.035483746760221535e-01 -8.003826398779363693e-02 -7.426863830234403663e-02 -8.224185792284312291e-02 -1.105520364132499544e-01 -1.130892497079316883e-01 -1.001830791481829880e-01 -1.098211251669060917e-01 -1.084935664754140966e-01 -7.661327594789302253e-02 -1.659650257568677165e-02 -1.879063433355944446e-02 -8.986355197273301551e-03 -1.796205074192107690e-02 -2.327214281355221778e-02 -1.771695200700433223e-02 -3.052628517615947612e-02 2.500099346111300247e-01 1.527524210369648472e-01 2.126375627400003132e-01 -1.075984256171290954e-01 -1.038574274700883315e-01 -8.250388329139714261e-02 -1.002988698176579263e-01 -1.227594366618867394e-01 -1.326936389919047832e-01 -1.240851750364325573e-01 -1.274728465789364273e-01 -7.649717675012213114e-02 -4.231786159315743291e-03 -1.155907045731112970e-01 -1.289299023094515328e-01 -3.512395263128048617e-02 -1.110478760942958804e-02 -9.079162437000835861e-02 -1.189549202519145921e-01 -1.270642317037629643e-01 -1.224855406671455371e-01 -5.061070785091591889e-02 -6.810645663952584472e-02 -7.294491307492936838e-02 1.360307644400961247e-03 -1.188766774760583594e-01 -1.018900659380503615e-01 -2.914084079143925213e-02 -2.501419384425578041e-02 -2.834564960293333921e-02 -5.753046531805657698e-02 -5.566845462927887817e-02 -4.320058322337898965e-02 -6.447984921481708653e-02 -6.998240123746997388e-02 -1.644843044598258896e-03 3.549834940446942588e-01 3.421719799661470662e-01 3.411701885891550434e-01 3.707077929125990323e-01 3.777349259399422343e-01 3.826920500711805673e-01 -1.640969139210373684e-01 -1.547318923046193673e-01 -1.622324620021178554e-01 -1.690802629574325311e-01 -1.404001821797881966e-01 -1.622193032702950455e-01 -1.615661642941560727e-01 -1.624875223443905115e-01 -1.578662929689671757e-01 -1.640724013479231136e-01 -1.649576307347002946e-01 -1.614453754662865392e-01 -1.683961785932084620e-01 -1.679893377557367951e-01 -3.481675100699008207e-02 -2.687572052926918628e-02 -3.409476008500324923e-02 -3.313357103175996327e-02 -1.134270110599372300e-01 -1.143779878265841488e-01 -2.228192124765880980e-02 -1.054424298849393066e-01 -9.755871432309909386e-02
1.321112980038404272e+00 1.388894178435118532e+00 1.575436353683471680e+00 -7.155223948657435384e-02 -6.872289617486002089e-02 -2.474464809848766350e-02 -1.343240220624882138e-02 -2.206295871601383560e-02 -2.711455999638158129e-02 -2.522485696473935127e-02 -2.174910059373802440e-02 -2.760035515309204948e-02 -1.943102723447144575e-02 -1.484313819803061499e-02 -1.185897153079831269e-02 -1.429118801843937969e-01 -3.599180030518384782e-02 -1.035578156418786172e-01 -1.134402083577970566e-01 -1.062747543821662283e-01 -8.137426092818023093e-02 -7.499535356386279050e-02 -8.515755830459752207e-02 -1.132958865341529425e-01 -1.160018031010672662e-01 -1.031669797097600205e-01 -1.120919551308533352e-01 -1.108647067015863102e-01 -7.758399852548156228e-02 -1.953413739098229865e-02 -1.939739379360777560e-02 -1.271902982937953355e-02 -2.247863696086300003e-02 -2.224223679559056421e-02 -2.189745835315370578e-02 -3.381534529036801101e-02 2.550157907867157125e-01 1.590933562812566204e-01 2.214032372886804989e-01 -1.087388156178751147e-01 -1.053710441504608630e-01 -8.174882199268676541e-02 -1.011452786315955588e-01 -1.224474605622163093e-01 -1.352940388815997430e-01 -1.262633693795169043e-01 -1.292816245668494124e-01 -7.904579016533969105e-02 -4.147437897727683336e-03 -1.178656225369800470e-01 -1.287859815725921619e-01 -3.528629636401254405e-02 -1.202002812204564820e-02 -9.162733496528346899e-02 -1.221469000094965035e-01 -1.248824584324454839e-01 -1.240759577535906627e-01 -5.018269811573747990e-02 -6.706917679529067478e-02 -7.442699816345446640e-02 1.078404737785195171e-03 -1.193921279869164243e-01 -1.034630897418105655e-01 -3.046299638114820588e-02 -2.572006030617484187e-02 -2.866005150633078521e-02 -5.480549712886653019e-02 -5.383000007589795743e-02 -3.997900788900682345e-02 -6.463221977038213772e-02 -6.988147391865305591e-02 -6.420004297490634546e-03 3.537253465065865465e-01 3.434815900240213993e-01 3.447199300455283111e-01 3.924342321029986036e-01 4.002223810251642200e-01 4.073763500349778521e-01 -1.682488254790565074e-01 -1.557992613709183460e-01 -1.659855236055307881e-01 -1.710696688362170759e-01 -1.428912704942234546e-01 -1.638414833448095520e-01 -1.640676037329208692e-01 -1.658514526345200302e-01 -1.602920041374878701e-01 -1.656772112793749030e-01 -1.683311871076638433e-01 -1.628131893871943014e-01 -1.714234119539534973e-01 -1.695147170773929068e-01 -3.516695376253033828e-02 -2.629939738561760942e-02 -3.167590402955849233e-02 -3.014712511174123463e-02 -1.146804921075685185e-01 -1.139943406037614848e-01 -2.136432724263510538e-02 -1.035266465707789518e-01 -1.006443058110255556e-01
-7.157787818796888801e-02 -7.009002362030927746e-02 -7.155223948657435384e-02 9.933517575263977051e-01 6.174078899570892981e-02 -1.835531127257802441e-03 -1.197488103187473781e-03 6.970709468992567284e-03 -1.640024097756820343e-03 -8.714469698248219088e-04 -7.221092715128604473e-04 6.841283777137917473e-03 -1.764715808570286714e-03 -1.035774684122559974e-03 3.683270574564223663e-03 4.359155028002336535e-02 -2.952149143318736485e-02 9.467187748654523312e-04 1.372535609024674690e-03 4.029847640551453489e-03 -1.317603929607664981e-02 -4.042353545783038127e-02 -3.921337756785786381e-03 -1.207495387193447019e-02 -8.748908928247364075e-03 -7.574935622485763978e-03 -9.050969699806286559e-03 -6.154360470515524324e-03 4.738281925628760882e-02 4.090306556183095216e-02 4.232132771573239582e-02 3.894234124475987741e-02 4.023998811795826552e-02 4.188290515056520419e-02 4.318150074827367679e-02 4.416854447271865991e-02 -4.800249833872938937e-02 -2.589287857455484579e-02 -4.092055140300465688e-02 3.043015354404293715e-02 2.663209694526751103e-02 2.444501891556129583e-02 1.948708875414978392e-02 -2.931982769743666714e-02 -7.081972389309149074e-02 -7.328280555146070296e-02 -7.234547344870276286e-02 1.928239565619309717e-02 -4.273268077953253086e-02 3.624065151550024538e-02 -3.063475408351083382e-02 -1.608781365526492160e-02 -1.487400259743801821e-02 2.391021018243339943e-02 -2.293080638991719725e-02 -3.100651332542966182e-02 -5.558561092520909741e-02 2.946017721927025879e-02 3.132332174953561532e-02 2.721306536807518300e-02 -1.546175960690780032e-02 4.711309225014560786e-02 3.243870746019568430e-02 4.317312613334013151e-03 -3.233295070939602462e-03 5.199724172618126056e-02 -9.344875490012352626e-02 -9.788053247541075863e-02 -9.430034698943333404e-02 -4.969475290246451460e-02 -4.896988495411783160e-02 2.542808455329020889e-02 -9.025023434266719879e-02 -9.042509275440425986e-02 -8.894932478273900878e-02 -8.946365687852420034e-02 -8.905959279571619425e-02 -8.980402529463063499e-02 4.363909449043127525e-02 4.192477244032738470e-02 3.752795112097277036e-02 3.842098241703412187e-02 3.830728973997173797e-02 4.275443973760532229e-02 3.735101014323796709e-02 4.090141493544754980e-02 3.978611214176702715e-02 3.993844027469137942e-02 4.010461747150077805e-02 3.983268063143894505e-02 4.122929952537857795e-02 4.058694361318351124e-02 4.038770134248066343e-03 5.108573344179542786e-02 4.947216516334197733e-02 5.096058279514171369e-02 5.549435596847063223e-02 5.322798423840006260e-02 3.528249760936849611e-02 5.279331029202882081e-02 5.458297880861057855e-02
-6.914054321589779839e-02 -6.745668833502026229e-02 -6.872289617486002089e-02 6.174078899570892981e-02 9.994180798530578613e-01 -3.453550287937117401e-03 -2.793355173254373058e-03 7.264667998254223900e-03 -3.629273060978334495e-03 -2.457198409425564046e-03 -2.225444969535607647e-03 6.792316479964881706e-03 -3.339197167491187931e-03 -2.405520401927215869e-03 3.396490148938332426e-03 4.766627577159995854e-02 -3.158580219732617933e-02 -1.961165777675805653e-03 -1.316586292410222353e-03 1.011307305582899831e-03 -1.663916818241476317e-02 -4.370639993819561142e-02 -5.323201631756793208e-03 -1.408759964461242693e-02 -1.084148377674917264e-02 -8.474178942956140867e-03 -1.070906921702738032e-02 -7.750534020057671565e-03 5.034157476174365431e-02 4.633909502727050905e-02 4.778397931650986419e-02 4.372208088883793031e-02 4.575265601211504080e-02 4.725807740962604392e-02 4.907943949541061085e-02 5.023580740528382077e-02 -5.288387877330877340e-02 -2.828399407958882145e-02 -4.541297407146712567e-02 3.509135276020829142e-02 3.066497250179856665e-02 2.747837077807565795e-02 2.255913006497790863e-02 -2.778262017223407168e-02 -6.380684487302178132e-02 -6.598706007644467020e-02 -6.529368901051212093e-02 2.269745101326554534e-02 -4.629194419043995701e-02 4.060673955997324419e-02 -2.876011494591899920e-02 -1.711154814315639025e-02 -1.496091694671265911e-02 2.713348627903706262e-02 -2.111556473420379831e-02 -2.977017680954468018e-02 -5.007887448754221038e-02 3.442655141448191375e-02 3.626107994529669670e-02 2.910710515057754466e-02 -2.822185262417816615e-02 5.242202348406318352e-02 3.687997613718747847e-02 3.016972625564691771e-03 -4.670378415045715881e-03 6.423044265356794846e-02 -9.620068846238073734e-02 -1.009794523857228121e-01 -9.667298357784097351e-02 -5.275523404370328212e-02 -5.239059987711935235e-02 2.847143080429192369e-02 -9.189210623567156677e-02 -9.226609652283057628e-02 -9.025977558021985869e-02 -8.539554160568861574e-02 -8.478723950416047761e-02 -8.541821072223450273e-02 2.513844397394564972e-02 2.287935351165980985e-02 3.652415816666069320e-02 3.752444546820989102e-02 3.754001072074122924e-02 2.407574911133052165e-02 3.583241073088563877e-02 3.088439011268008863e-02 2.873446467471337321e-02 2.857173913821505970e-02 2.996540194541899918e-02 2.957506544347949726e-02 3.208032677651055653e-02 3.165823499970905897e-02 6.625281188832336712e-04 6.306116283450868831e-02 6.104845535617154512e-02 6.231824983745186397e-02 6.183433863164862487e-02 5.901949614984454417e-02 3.955447295376166711e-02 5.861205753879943775e-02 6.050164294402883558e-02
-2.181573884906234245e-02 -2.503940639094151197e-02 -2.474464809848766350e-02 -1.835531127257802441e-03 -3.453550287937117401e-03 1.063480138778686523e+00 2.676159629825282105e-01 1.967436504413898335e-01 3.968963225833642139e-01 3.095399602455120025e-01 2.979761654486689504e-01 2.048824726247470973e-01 6.183703054103090180e-01 3.101797553728505852e-01 2.040234681431267738e-01 -4.899918742902692470e-02 -3.667357842039559862e-02 -4.440968633223968398e-02 -5.107511621181060057e-02 -4.383212907540425668e-02 -3.878936520241400149e-02 -5.158862299440410137e-02 -5.251363324834201762e-02 -6.265050395937447891e-02 -5.335133385112608706e-02 -4.905635772226887847e-02 -5.575615765401007590e-02 -5.347481073177420136e-02 9.807852279613765017e-03 -3.406410779879932155e-02 -3.643633944381850787e-02 -3.746707077497186261e-02 -4.128658166012782321e-02 -3.290854591909931487e-02 -4.273781006245291197e-02 -3.962827292215603120e-02 7.329532697952217436e-03 -1.820601973299159184e-03 7.984199371231674724e-03 -4.069710364125712215e-02 -4.843990276051990396e-02 -3.097421812604972749e-02 -3.212144588515503107e-02 -6.961920172746227653e-02 -7.818564412902431759e-02 -7.890473102842539277e-02 -8.198212337688662310e-02 -3.540157024859173773e-02 -2.631981231730111392e-02 -3.573960156285625051e-02 -6.854589349146601729e-02 -4.483049964491478412e-02 -2.906993906072509459e-02 -3.124406661520826023e-02 -6.976262881904808644e-02 -6.886038409674855032e-02 -7.192214948701926291e-02 -3.757610081816150499e-02 -4.830925645359435139e-02 -2.474272750984529354e-02 -3.406468243275054958e-02 -2.795216611237501605e-02 -3.852274661885383283e-02 2.907297305085552175e-01 3.356899855849409531e-01 -3.775758487505437300e-02 -5.073672623340202276e-02 -5.276711623970156001e-02 -4.557102154767789237e-02 -4.334247153008869563e-02 -4.283727958507139999e-02 -1.839322891807642062e-03 -3.136061125070645217e-02 -2.349898631485719883e-02 -3.205810695429566620e-02 -1.758609937178085350e-02 -1.848227958476287430e-02 -1.865224589470706670e-02 -1.076042028094710001e-01 -1.180321661111408960e-01 -1.266733957716443815e-01 -1.233329444848376560e-01 -1.082233496806022516e-01 -1.119464840393067512e-01 -1.233978356986860786e-01 -1.162588534508488813e-01 -1.233730454501054535e-01 -1.196916935358817435e-01 -1.188124418848388458e-01 -1.193388528634110046e-01 -1.199098384675424261e-01 -1.213016173238391365e-01 -2.337509870591508720e-02 -4.236840913369635531e-02 -4.830596677063864891e-02 -3.777055463329592050e-02 -4.587956527005574575e-02 -4.240178803871585966e-02 -2.515751295093801576e-02 -3.949285213985044563e-02 -4.588418548128778834e-02
-1.748585852842245852e-02 -1.711841868264711575e-02 -1.343240220624882138e-02 -1.197488103187473781e-03 -2.793355173254373058e-03 2.676159629825282105e-01 1.104020953178405762e+00 1.825764013247217765e-01 3.052223844189754787e-01 3.257894051259754842e-01 3.612176167929236348e-01 1.866368342429878813e-01 2.829333438808873669e-01 2.539345687999279844e-01 1.914387532149419702e-01 -4.996933537266422948e-02 -3.902650005069119993e-02 -4.041032273355576326e-02 -4.538093340793136060e-02 -3.870315853991822264e-02 -4.030643354309761117e-02 -4.484370851258569907e-02 -4.360865046082711832e-02 -5.461974381167827852e-02 -5.486663586731530678e-02 -4.514379855965416216e-02 -5.347593300345076378e-02 -5.288432613933791854e-02 1.063614373352188974e-02 -2.702356150378912997e-02 -3.511734241253947758e-02 -2.072930851897840723e-02 -3.011372692370323581e-02 -2.966344530215996381e-02 -3.051029376891934222e-02 -3.811587492855256221e-02 1.865076495888644617e-02 6.201480816073077704e-04 1.585040980887967785e-02 -4.415417091073048361e-02 -5.535494745793972243e-02 -3.549992906934475861e-02 -3.248236807067815535e-02 -6.893861915939737683e-02 -8.035486029869610969e-02 -8.020179169786144369e-02 -8.194452920402353624e-02 -3.453667287651852186e-02 -2.739559649287247323e-02 -4.203022741188755518e-02 -6.035893318073112107e-02 -3.673334420792733618e-02 -2.550766171402648122e-02 -2.455256995123216573e-02 -6.247948672492215777e-02 -6.827307734576068543e-02 -7.168416618592815537e-02 -3.536032001542147724e-02 -4.618685173962754076e-02 -1.794194626683538740e-02 -2.457054750937756257e-02 -3.469827614134026600e-02 -4.390495717966633182e-02 2.779450892445863852e-01 3.147386311796597780e-01 -2.992459329337233617e-02 -4.354793594878528934e-02 -4.244143392474711285e-02 -4.432322513389973934e-02 -3.342408898844616977e-02 -3.397458060051824352e-02 -7.663132292490501887e-03 -2.003418462666441136e-02 -1.604903454091513929e-02 -1.820142049204215989e-02 -1.607207678386895697e-02 -1.549649025152399079e-02 -2.168565753457877068e-02 -1.024468592405674700e-01 -1.097467235683346060e-01 -1.071824986213413128e-01 -1.068287323639826730e-01 -9.297018894704783820e-02 -1.028422922442959186e-01 -1.019467194463965776e-01 -1.070934882079559725e-01 -1.098693018603207200e-01 -1.063563678296558512e-01 -1.057386633283082245e-01 -1.061944444667270449e-01 -1.062130255833514114e-01 -1.060897145366623828e-01 -2.355253525722528565e-02 -3.174327118298202188e-02 -3.111108127813893773e-02 -2.836225228185984895e-02 -4.814412825299122650e-02 -4.866495101280274987e-02 -2.871016035819888221e-02 -4.406699624070612581e-02 -4.521462508659617602e-02
-2.291878535618573770e-02 -2.430947086533363083e-02 -2.206295871601383560e-02 6.970709468992567284e-03 7.264667998254223900e-03 1.967436504413898335e-01 1.825764013247217765e-01 1.038088202476501465e+00 1.950493364512791428e-01 1.856195701719532964e-01 1.873031319509496917e-01 2.299955652142738338e-01 2.120719378150112411e-01 1.923536475973759985e-01 2.455754111340087142e-01 -3.306800876886781954e-02 -3.209965993085633906e-02 -3.745748325817481461e-02 -4.123516541960557669e-02 -3.750282920447398083e-02 -3.473598601231435434e-02 -4.138000788474913150e-02 -4.551010649224369181e-02 -4.793865226448353750e-02 -4.765790694157195917e-02 -3.924523889932160503e-02 -4.777426453179072635e-02 -4.324452150932783095e-02 1.679467801339123989e-02 -2.431711465386611482e-02 -1.893876648165870175e-02 -1.764472553291938223e-02 -2.832120837698751462e-02 -1.557047726519777964e-02 -2.294916189522514666e-02 -2.616378762973074756e-02 1.372762039869383950e-02 1.053059499828427415e-03 1.352362920261047062e-02 -2.528001796745384458e-02 -3.019689458248377492e-02 -1.383167638726200133e-02 -2.166264903690732699e-02 -5.951573306107151018e-02 -6.652847324340803448e-02 -7.133876875859752886e-02 -7.309631562296584062e-02 -1.491844706262242075e-02 -2.387275677560533535e-02 -2.340902717696177401e-02 -6.094689555434790879e-02 -3.106563313184173072e-02 -1.969032405590804072e-02 -1.683883419744909918e-02 -5.433237284361089325e-02 -5.964609783592699638e-02 -6.456816929614020428e-02 -2.219160151731747882e-02 -3.367379636478386173e-02 -7.392886573150917774e-03 -2.693560972811931062e-02 -9.796515793038971728e-03 -2.986422973226716612e-02 1.982343049033352955e-01 2.181054708916202456e-01 -6.890975151655541128e-03 -4.441574891325535818e-02 -4.385874349753476897e-02 -3.720436664416672951e-02 -3.493989621972003190e-02 -3.373501609191033312e-02 1.291149845775960668e-02 -1.185600098179874322e-02 -1.307146266600904896e-02 -1.264373831950437593e-02 -2.695868185975179923e-02 -1.796588806260212071e-02 -2.173355269592333605e-02 -9.094778596701005857e-02 -9.820628436349594648e-02 -9.356963628648184983e-02 -8.635743256080521957e-02 -7.622679026474751818e-02 -9.293882704576320042e-02 -8.782985300045927091e-02 -8.780213173306700147e-02 -8.970886745494822956e-02 -9.899382597856382082e-02 -9.351666969127239715e-02 -9.522297000568123726e-02 -9.152239677861903622e-02 -9.269653206173601723e-02 -1.391044558952321888e-02 -1.481614872119032221e-02 -1.302596149141097351e-02 -1.076721812345809125e-02 -2.398605607909036486e-02 -2.454314248348864538e-02 -1.380164983500832381e-02 -2.410676006167850743e-02 -2.786335431408019925e-02
-2.757419581019808150e-02 -2.685330594856746855e-02 -2.711455999638158129e-02 -1.640024097756820343e-03 -3.629273060978334495e-03 3.968963225833642139e-01 3.052223844189754787e-01 1.950493364512791428e-01 1.113203048706054688e+00 3.299646568495842591e-01 3.063916449550162513e-01 2.159472846085291053e-01 4.061837956125918803e-01 3.267648173336626938e-01 2.142809232820326870e-01 -4.844723802075642793e-02 -3.574895768343133023e-02 -4.080465274862613706e-02 -4.911960216633760173e-02 -4.568068021727056394e-02 -3.853473679975569222e-02 -4.821264853092092212e-02 -4.799514379547437093e-02 -5.940371800661842228e-02 -5.272108767454757039e-02 -5.347398156197880059e-02 -5.557997257060037777e-02 -5.418831326901834416e-02 -2.674392447236570523e-03 -3.613430952508918381e-02 -3.417324582689254542e-02 -3.114980157928230048e-02 -3.367500348174182201e-02 -3.258213840838520420e-02 -2.543555286635436688e-02 -4.496447805743673809e-02 9.983022112099559919e-03 -7.710996601005468826e-03 8.540526024701145316e-03 -3.773078533594628053e-02 -4.430234162486673677e-02 -3.445022324798967250e-02 -3.495862003068128665e-02 -6.882224228616011519e-02 -7.722831939268796908e-02 -7.933008356365485458e-02 -8.514038099171977736e-02 -3.290656748140145110e-02 -2.396970793600802438e-02 -4.089254474693861108e-02 -6.823336975407023886e-02 -3.640862203302992761e-02 -2.777834705533498150e-02 -2.591392984584877171e-02 -6.764820727473933037e-02 -7.170149004974649132e-02 -7.393149400693041495e-02 -4.061764989183923313e-02 -4.636391998528443387e-02 -1.955496497926165200e-02 -3.328712170805707415e-02 -3.466489723632076858e-02 -3.361314355840122614e-02 2.478639197693146279e-01 3.372942093126304330e-01 -4.706991371512558170e-02 -4.656660379271365668e-02 -4.697069872835126642e-02 -4.521447082244819948e-02 -3.965883650647486491e-02 -3.785360273736176895e-02 4.070625921843982684e-03 -3.131432429310459370e-02 -2.875292045171751187e-02 -2.955397367784672394e-02 -3.085301085667879403e-02 -2.526709448845669212e-02 -2.874748842540671145e-02 -9.805279153625433286e-02 -1.088300320085765910e-01 -1.194861211322815753e-01 -1.181733795122031916e-01 -1.005105973607625658e-01 -9.934598788878344633e-02 -1.212713815508347504e-01 -1.103021284935198909e-01 -1.180323975073628712e-01 -1.125580642539795034e-01 -1.100166549744726746e-01 -1.119101239796275044e-01 -1.094584424417941321e-01 -1.159106252764027928e-01 -1.993228930031891444e-02 -4.800218209722603019e-02 -4.639055754703714368e-02 -4.505756104432879355e-02 -4.282558250605070227e-02 -4.386722802567374901e-02 -2.996917948874269766e-02 -4.309770060648641238e-02 -4.561204424122988071e-02
-2.375213378169488063e-02 -2.705598011448744761e-02 -2.522485696473935127e-02 -8.714469698248219088e-04 -2.457198409425564046e-03 3.095399602455120025e-01 3.257894051259754842e-01 1.856195701719532964e-01 3.299646568495842591e-01 9.201472997665405273e-01 6.604217248595255496e-01 2.007276763271606812e-01 3.056086309926916433e-01 2.590115098949035133e-01 1.882952509658632478e-01 -4.382175481145249296e-02 -2.889257578488518483e-02 -4.066739236635587978e-02 -4.693119168005319836e-02 -4.240071204628368534e-02 -4.168407409023181659e-02 -4.443969842222948718e-02 -4.552881487679014821e-02 -5.809045574504060477e-02 -5.468717652736470453e-02 -4.810614070655077484e-02 -5.215742576084157756e-02 -5.474806844317670756e-02 1.185171918754133157e-02 -3.308412937233188439e-02 -2.920729585808784501e-02 -2.601916691929992073e-02 -3.104462813979219638e-02 -3.091826073467128164e-02 -3.442927417669378737e-02 -3.025619564926972441e-02 9.809497121091617991e-03 -9.982745400784118900e-03 1.146925401375258752e-02 -4.179928626915181689e-02 -4.981019262100279399e-02 -2.231196419047821317e-02 -3.210252538740510087e-02 -6.846152642893492402e-02 -7.926060299140397225e-02 -7.647651306750000155e-02 -7.945578570463759926e-02 -3.157730417107425247e-02 -2.565463880931772786e-02 -4.256229602808693502e-02 -6.578425671430075672e-02 -3.517716219252301629e-02 -1.949150070878205576e-02 -2.422272427831992023e-02 -6.580689497801704702e-02 -7.289246326461565340e-02 -7.271273781900977617e-02 -3.832785700750137442e-02 -4.801138009704942339e-02 -1.592944800924893725e-02 -3.506622313050210271e-02 -3.115154283585264139e-02 -3.766059514861468810e-02 3.587144341692866112e-01 3.004431268503598984e-01 -3.752114035883939019e-02 -4.490716892646159919e-02 -4.438997523073134194e-02 -4.202289215165103814e-02 -3.493571566130972833e-02 -3.580806399173045579e-02 2.919521793945181742e-03 -2.690088679671051933e-02 -2.269923854908028130e-02 -2.809616012470466870e-02 -3.006569870953103643e-02 -2.885276406489485287e-02 -2.734869440698053933e-02 -1.124409006335875399e-01 -1.227098484515180832e-01 -1.177720150519848546e-01 -1.151890238713896147e-01 -1.038992870466431268e-01 -1.182324858205023033e-01 -1.147300803179371748e-01 -1.167522827545825898e-01 -1.224722122447599454e-01 -1.197855478435137094e-01 -1.186094534057173661e-01 -1.188766929024731578e-01 -1.153773881092824555e-01 -1.177736811047830623e-01 -1.964388861906375336e-02 -4.392693210754630012e-02 -4.484237027110195978e-02 -4.507178034216898638e-02 -3.870790601907235506e-02 -4.312105619849081195e-02 -2.381641179555508275e-02 -3.895777537276542968e-02 -4.424070538454072388e-02
-2.213614548441996885e-02 -2.513003272127695836e-02 -2.174910059373802440e-02 -7.221092715128604473e-04 -2.225444969535607647e-03 2.979761654486689504e-01 3.612176167929236348e-01 1.873031319509496917e-01 3.063916449550162513e-01 6.604217248595255496e-01 8.821977376937866211e-01 1.937882424679449878e-01 2.909082141277698486e-01 2.530585489827852919e-01 1.925163345678373161e-01 -4.503434043345386911e-02 -2.170838835678384759e-02 -3.972592984103573421e-02 -4.535495532541126973e-02 -4.155909313414088424e-02 -3.867073221601250582e-02 -4.246181221869547301e-02 -4.534943266891353769e-02 -5.739138076223643248e-02 -5.301879048392601351e-02 -4.786063317164188091e-02 -5.254840053069335243e-02 -5.484581020733780149e-02 1.880391262009695197e-02 -3.067503245254881231e-02 -2.834857676514128746e-02 -2.495779487175373360e-02 -2.923503062359307167e-02 -3.110734230085223512e-02 -3.321933418483029310e-02 -2.959095079411789425e-02 1.204436329138973416e-02 -5.741320624672304612e-03 1.425871233000630851e-02 -4.053297430101217985e-02 -4.778216285616737613e-02 -2.118843140450287280e-02 -3.257757218960495582e-02 -6.926459473049713378e-02 -7.966726642510546519e-02 -7.562579257062629345e-02 -8.038064555103122122e-02 -3.036866771126120121e-02 -2.536484782242888480e-02 -3.932870351658700886e-02 -6.664252844121816566e-02 -3.586747882832554135e-02 -1.351566435181999863e-02 -2.381835552381965024e-02 -6.467373610920766624e-02 -7.098850429739807233e-02 -7.264608028066696366e-02 -3.781087156837088792e-02 -4.514198595591537716e-02 -1.576442875770032656e-02 -3.304115909391162897e-02 -2.827765382310678394e-02 -3.603544934585522358e-02 3.204512794020524247e-01 2.830306228526044965e-01 -3.442928188990118654e-02 -4.307069666738224528e-02 -4.213628401362485426e-02 -4.034164433487438806e-02 -3.299740592494037478e-02 -3.420120234711050006e-02 1.993954260772682133e-03 -2.669125146111287622e-02 -2.198302867603905628e-02 -2.664079358660997182e-02 -2.618008178036129729e-02 -2.563102868146915556e-02 -2.702773820559572701e-02 -1.097071625275847367e-01 -1.215394540739896528e-01 -1.192731671892004741e-01 -1.150269153914832282e-01 -1.033697213662447406e-01 -1.160512061944583562e-01 -1.139086777223873442e-01 -1.137894392492050238e-01 -1.222629914940600027e-01 -1.186040155945010111e-01 -1.182166197528824042e-01 -1.190248481901946126e-01 -1.152004934107920403e-01 -1.174284919340522065e-01 -1.903910566841143445e-02 -4.170075390123231807e-02 -4.224642090207626766e-02 -4.099386543933287996e-02 -3.887916236295404365e-02 -4.425741219176711899e-02 -2.461647773113721099e-02 -3.839633100618666806e-02 -4.486438376501892394e-02
-2.586072028460624506e-02 -2.580692837620508773e-02 -2.760035515309204948e-02 6.841283777137917473e-03 6.792316479964881706e-03 2.048824726247470973e-01 1.866368342429878813e-01 2.299955652142738338e-01 2.159472846085291053e-01 2.007276763271606812e-01 1.937882424679449878e-01 1.041043162345886230e+00 2.109703221078603752e-01 2.067910286635745165e-01 2.086371077224694059e-01 -3.235825485041961963e-02 -3.527669342080069076e-02 -3.320002417010670809e-02 -3.709923948392102044e-02 -3.206468246360338198e-02 -3.324734469750003502e-02 -4.387065268975894050e-02 -4.092197063316609096e-02 -5.090348963397375165e-02 -4.539164705300868102e-02 -4.174494286642162211e-02 -4.692699183862440032e-02 -4.309655519518765243e-02 1.983179584941819826e-02 -2.501568634988749970e-02 -2.433772434403644672e-02 -1.906680379618151677e-02 -2.280096611316484792e-02 -2.169778655321381866e-02 -3.504031832345230052e-02 -3.128854289737318523e-02 -2.647870342557116004e-03 -1.445504431114239506e-02 -1.824077857902233531e-03 -1.694514726333241905e-02 -2.965393298913505254e-02 -8.744964586813661067e-03 -1.782057123520352365e-02 -5.294382967781809113e-02 -6.277586671923165995e-02 -6.398793941294099452e-02 -6.363181677072195230e-02 -1.189887002437188361e-02 -3.057187794509541590e-02 -2.184211223346163230e-02 -5.131062357332659418e-02 -2.905710621191488069e-02 -2.017943782010196349e-02 -4.539546026991659981e-03 -5.131422178457826361e-02 -5.784538014974605763e-02 -5.765540385150681041e-02 -2.698534641773040615e-02 -3.155656142807628656e-02 1.257089804283687093e-04 -3.448666815295031024e-02 -1.630054873608606861e-02 -2.281584681853951468e-02 1.870021625982377367e-01 2.158448223614397865e-01 -4.347486680679199002e-03 -4.656218412487399261e-02 -4.928149081983311530e-02 -4.182401866867695162e-02 -3.911818309044031577e-02 -3.836309479550405188e-02 7.599524363523094302e-03 -2.597844504083649669e-02 -2.480126882570243135e-02 -2.588649011052655824e-02 -2.854761801037630081e-02 -2.397364938498895010e-02 -3.031567219152399989e-02 -7.616720573758964385e-02 -8.059223425640268945e-02 -9.366469385446807294e-02 -8.549682373204589569e-02 -7.771579410030958479e-02 -7.927048361008218191e-02 -8.849014983306459359e-02 -8.068783174890684085e-02 -8.191516502345524975e-02 -8.639154807713132767e-02 -8.747626414687081908e-02 -8.595470286287724970e-02 -8.238482993519240238e-02 -8.693963316849488698e-02 -1.851777383691157255e-02 -1.889241781839765336e-02 -1.335611087186455888e-02 -2.080391258924412304e-02 -2.853857234639903262e-02 -2.804388000495372860e-02 -1.850354296926027750e-02 -2.344688552717828778e-02 -3.198176741236515713e-02
-2.052005691544886781e-02 -2.381076187113525741e-02 -1.943102723447144575e-02 -1.764715808570286714e-03 -3.339197167491187931e-03 6.183703054103090180e-01 2.829333438808873669e-01 2.120719378150112411e-01 4.061837956125918803e-01 3.056086309926916433e-01 2.909082141277698486e-01 2.109703221078603752e-01 1.052008390426635742e+00 3.413910948490645469e-01 1.855049827628326431e-01 -5.459083085374284022e-02 -3.819603443644745827e-02 -4.710948246908284315e-02 -5.246020386068861452e-02 -4.753208524587453077e-02 -4.568570537189105968e-02 -5.178257545105757059e-02 -5.220111722415364530e-02 -6.488682503341823560e-02 -5.831040171062896321e-02 -4.913369419625571166e-02 -5.654571241620911376e-02 -5.912373629123935520e-02 2.016120934167836554e-03 -2.824373692187119589e-02 -3.257150189538188245e-02 -3.557435380753844190e-02 -3.299229592503848119e-02 -3.099613906147790504e-02 -3.938097592313054285e-02 -3.603674902130196700e-02 9.553562293930095359e-03 -6.471794628571731454e-03 -4.974651943106965697e-05 -4.383077540750571904e-02 -4.933123715095345113e-02 -3.208901956124931426e-02 -3.256103507294133559e-02 -6.985700762478319614e-02 -7.810543448528131649e-02 -7.882907217704784864e-02 -8.379789724391056849e-02 -3.400179279622218137e-02 -2.688127211029467042e-02 -3.856538137275222766e-02 -7.025500912657552111e-02 -4.518092608346961636e-02 -3.066424938860490279e-02 -2.857728879093869578e-02 -7.025467745865736358e-02 -7.476496777205979272e-02 -7.330218112844717748e-02 -4.445635895021149420e-02 -5.078860912297191582e-02 -2.535683379994124395e-02 -3.810931484565964478e-02 -3.566791501328923919e-02 -4.578502448696526728e-02 2.773864062062564861e-01 3.288724358290454619e-01 -3.193757459057215004e-02 -5.589160157593785205e-02 -5.661484203752333716e-02 -4.962233359819458872e-02 -4.653869355174010403e-02 -4.599188499620109061e-02 5.953716806443354326e-03 -2.165007458054498193e-02 -1.658449311176641086e-02 -2.058793121225889131e-02 -2.537988279195153504e-02 -2.662555228878939542e-02 -2.152156676037082425e-02 -1.064701916312440211e-01 -1.145660203965588181e-01 -1.199309803690232906e-01 -1.148241197425467069e-01 -1.014394372221741197e-01 -1.099249680781198557e-01 -1.160012631765493379e-01 -1.123015152626788277e-01 -1.176081942400358793e-01 -1.164212704590512348e-01 -1.133995828944261153e-01 -1.164726712731586761e-01 -1.142518460327796442e-01 -1.164284668815545737e-01 -3.024332809102621422e-02 -4.246330086772349272e-02 -4.129785065613787026e-02 -4.048593916229260847e-02 -4.781435007064372550e-02 -4.631755975221228672e-02 -2.774813056534910019e-02 -4.429875112682246652e-02 -5.098007407023918275e-02
-1.629443216261860020e-02 -1.460295952528355493e-02 -1.484313819803061499e-02 -1.035774684122559974e-03 -2.405520401927215869e-03 3.101797553728505852e-01 2.539345687999279844e-01 1.923536475973759985e-01 3.267648173336626938e-01 2.590115098949035133e-01 2.530585489827852919e-01 2.067910286635745165e-01 3.413910948490645469e-01 1.075548052787780762e+00 2.125491693832068929e-01 -4.701151316530347707e-02 -3.411036004696788027e-02 -3.980101791506573949e-02 -4.354189650739181267e-02 -4.102992854052726207e-02 -3.851300098130509830e-02 -4.511468505832634535e-02 -4.358020029533562351e-02 -5.407457431271157217e-02 -5.014334147498369226e-02 -4.854826561126952822e-02 -5.210042515816240560e-02 -4.729881857110796589e-02 9.334517809456504070e-03 -2.677235969351786371e-02 -2.907623882286829164e-02 -2.704155834495302474e-02 -2.401028519183271218e-02 -1.901305431042105490e-02 -3.045797701143325778e-02 -3.088980864087793876e-02 1.481839519284530206e-02 1.206893757016319103e-02 6.571113261570474436e-03 -3.795665890142083110e-02 -4.426098726339659090e-02 -2.492746461195871621e-02 -2.355673124205038410e-02 -6.701523062274153397e-02 -7.319304695695764973e-02 -7.390738252060090330e-02 -7.434541556879444013e-02 -2.919810364316999599e-02 -2.482509685166002858e-02 -3.644497052289807221e-02 -6.453747844389928767e-02 -3.645186613031285022e-02 -2.482189008568386202e-02 -2.656615866351465932e-02 -6.356271414563362254e-02 -6.089512064968161109e-02 -7.223402531499351076e-02 -3.510081300908325652e-02 -4.090432667124069971e-02 -2.588062035969586339e-02 -3.039605923903717158e-02 -2.889436332069992078e-02 -3.542460959909277812e-02 2.675800502888781018e-01 3.278440493129414213e-01 -3.556282641908052600e-02 -4.712176960846956725e-02 -4.809782586897457662e-02 -4.438943530621340672e-02 -3.864702952967514343e-02 -3.823212839047143707e-02 2.553932455091855445e-04 -8.839303862360836997e-03 -1.103537645604530000e-02 -1.224833809690738066e-02 -2.546058029606251827e-02 -2.636459519946015087e-02 -2.495245154732802367e-02 -1.100792862185531740e-01 -1.129448970314579775e-01 -1.119848880989467582e-01 -1.141274165710177563e-01 -9.731891070506182295e-02 -1.086301750916591341e-01 -1.103433710134827522e-01 -1.117479615072693305e-01 -1.153760382979876070e-01 -1.147551482419841701e-01 -1.123636914275227827e-01 -1.108508923471345636e-01 -1.118776668028921978e-01 -1.122681325010556341e-01 -2.221088260751331867e-02 -3.950445666038235326e-02 -3.907857191384236234e-02 -3.706035334881857546e-02 -4.294280783210186608e-02 -3.745598303933569267e-02 -1.881511412554226145e-02 -3.910251370960909217e-02 -4.010015538102041505e-02
-1.071035635851210095e-02 -1.644418408427166661e-02 -1.185897153079831269e-02 3.683270574564223663e-03 3.396490148938332426e-03 2.040234681431267738e-01 1.914387532149419702e-01 2.455754111340087142e-01 2.142809232820326870e-01 1.882952509658632478e-01 1.925163345678373161e-01 2.086371077224694059e-01 1.855049827628326431e-01 2.125491693832068929e-01 1.031758904457092285e+00 -3.522601379158506185e-02 -2.863493923134124292e-02 -3.492535296716907378e-02 -4.367313287468339855e-02 -3.660714842167105132e-02 -3.251394594176997693e-02 -4.212613343268767352e-02 -3.905268638981106155e-02 -4.962456271513292216e-02 -4.526515045166382839e-02 -4.264551767931926834e-02 -4.248186270132936482e-02 -4.503508090136418285e-02 1.600071997391825165e-02 -2.142806147537367270e-02 -1.561011929462533150e-02 -1.728730707185728924e-02 -2.127207921044400527e-02 -1.967977624478980600e-02 -2.431884626892720849e-02 -2.397436092837151519e-02 2.230685611887817457e-02 7.447924646622488057e-03 1.899502275982386384e-02 -2.486660933388185404e-02 -3.644227861351579528e-02 -1.627532654789108982e-02 -2.153572242424997910e-02 -5.588385751570917881e-02 -6.763194012033467428e-02 -6.759174659657808670e-02 -7.070606978206610271e-02 -2.200738120009979037e-02 -2.238055003067079829e-02 -2.643082079818861660e-02 -5.833107310645849197e-02 -2.849091243788014205e-02 -1.946168144897722496e-02 -1.293619229124774901e-02 -5.749065359806624503e-02 -5.966834272606593575e-02 -6.132818639231014252e-02 -2.195408872187772434e-02 -3.043501286470435760e-02 -1.008736156103963964e-02 -2.297729196260957923e-02 -1.159778015279431911e-02 -3.150834809692650701e-02 2.423202987738653502e-01 2.103591738328019767e-01 -1.266103422294587860e-02 -4.574547115942280417e-02 -4.794638861150481157e-02 -3.942266195251885319e-02 -3.854956544098041976e-02 -3.830827317391511527e-02 8.685135165320876857e-03 -9.245616345125676205e-03 -7.254015094685174574e-03 -1.029091406845218659e-02 -9.088990027378184705e-03 -5.685084593676564477e-03 -6.281167528458187627e-03 -9.218348807158646685e-02 -9.561652098680430145e-02 -1.036508369231114723e-01 -1.035928413166778278e-01 -8.955009108063824441e-02 -9.142978429737833035e-02 -1.005309602282961345e-01 -9.835423910782502277e-02 -1.032596461834525275e-01 -1.007999969023759129e-01 -1.002653790711311305e-01 -9.818169465830768605e-02 -9.991612504010095874e-02 -1.001384351037571396e-01 -5.142571330507913867e-03 -2.087458099543446077e-02 -2.367327202094487645e-02 -2.307267734191025682e-02 -3.164689851313426394e-02 -2.974831757977569949e-02 -1.185179053470977219e-02 -2.936721571539474204e-02 -3.582293891219957144e-02
