0.4195029 0.1786873 0.1203153 0.2859679 0.2106583 0.2029467 0.1261824 0.4979476 0.2187675 0.1317294 -0.1371896 -0.1300689 -0.1356372 -0.1062492 -0.1124684 -0.1809203 -0.1835081 -0.1826963 -0.1127688 -0.1229341 -0.1130598 -0.1646685 -0.1247681 0.1879931 -0.1367158 -0.0845127 -0.1403653 -0.1435881 -0.1352582 -0.1484051 -0.1449657 -0.1101940 -0.1427137 -0.1492402
0.1786873 0.5241917 0.1158907 0.2096202 0.2370689 0.2749540 0.1176892 0.1827101 0.1714364 0.1267579 -0.1257918 -0.1199534 -0.1292051 -0.0989310 -0.0992692 -0.1695418 -0.1721910 -0.1700741 -0.1001732 -0.1164600 -0.0932603 -0.1515724 -0.1155653 0.1867327 -0.1167075 -0.0732912 -0.1164113 -0.1144800 -0.1131646 -0.1377823 -0.1368762 -0.0996087 -0.1326735 -0.1347961
0.1203153 0.1158907 0.5251261 0.1151927 0.1139446 0.1171888 0.1748281 0.1296277 0.1319837 0.1933480 -0.1020439 -0.0958986 -0.0991477 -0.0704338 -0.0821062 -0.1491113 -0.1553883 -0.1544003 -0.0740263 -0.0916616 -0.0783532 -0.1368325 -0.0979649 0.1317547 -0.0910116 -0.0542368 -0.0959900 -0.0934802 -0.0913101 -0.1083307 -0.1089436 -0.0797817 -0.1090271 -0.1125709
0.2859679 0.2096202 0.1151927 0.5299115 0.2268049 0.2058665 0.1306278 0.2945975 0.2264462 0.1368682 -0.1291375 -0.1200539 -0.1247405 -0.1027100 -0.1081602 -0.1731538 -0.1771719 -0.1787851 -0.1042125 -0.1209260 -0.1014487 -0.1594479 -0.1128439 0.1473735 -0.1385892 -0.0736961 -0.1368738 -0.1344008 -0.1340323 -0.1384910 -0.1389093 -0.1068358 -0.1381102 -0.1416979
0.2106583 0.2370689 0.1139446 0.2268049 0.5071300 0.5744913 0.1253746 0.1979295 0.1708557 0.1215332 -0.1309417 -0.1299704 -0.1356998 -0.0970312 -0.1099743 -0.1803223 -0.1800337 -0.1794063 -0.1076872 -0.1283882 -0.1041328 -0.1629534 -0.1225689 0.2614671 -0.1361088 -0.0788226 -0.1409667 -0.1401023 -0.1407112 -0.1418570 -0.1442088 -0.1060002 -0.1418994 -0.1468582
0.2029467 0.2749540 0.1171888 0.2058665 0.5744913 0.4659877 0.1194217 0.1862738 0.1673407 0.1265930 -0.1303110 -0.1272513 -0.1322543 -0.0940622 -0.1079237 -0.1794042 -0.1781728 -0.1788411 -0.1042971 -0.1236984 -0.1012239 -0.1616161 -0.1189925 0.2274047 -0.1317496 -0.0759751 -0.1367581 -0.1357847 -0.1350901 -0.1401677 -0.1433378 -0.1040976 -0.1393373 -0.1452857
0.1261824 0.1176892 0.1748281 0.1306278 0.1253746 0.1194217 0.5924909 0.1255039 0.1383583 0.1572679 -0.1032530 -0.0897705 -0.0991932 -0.0670073 -0.0792911 -0.1462630 -0.1491313 -0.1463448 -0.0722611 -0.0894002 -0.0686996 -0.1307259 -0.0932558 0.1140188 -0.0886407 -0.0596480 -0.1007867 -0.0930294 -0.1014608 -0.1145294 -0.1129557 -0.0860289 -0.1095993 -0.1172752
0.4979476 0.1827101 0.1296277 0.2945975 0.1979295 0.1862738 0.1255039 0.6333702 0.2376577 0.1077105 -0.1384679 -0.1292792 -0.1322882 -0.1045046 -0.1094108 -0.1777851 -0.1809448 -0.1811420 -0.1076901 -0.1208668 -0.1075992 -0.1623985 -0.1265378 0.1702551 -0.1276559 -0.0870313 -0.1350484 -0.1329817 -0.1329561 -0.1459153 -0.1447730 -0.1087280 -0.1423025 -0.1498944
0.2187675 0.1714364 0.1319837 0.2264462 0.1708557 0.1673407 0.1383583 0.2376577 0.5705228 0.1464189 -0.1228551 -0.1155884 -0.1199099 -0.0902604 -0.0930195 -0.1637762 -0.1665806 -0.1633251 -0.0970926 -0.1119229 -0.0963742 -0.1529702 -0.1090620 0.1750714 -0.1228184 -0.0733649 -0.1251912 -0.1230844 -0.1222164 -0.1337864 -0.1291834 -0.0920595 -0.1303240 -0.1319542
0.1317294 0.1267579 0.1933480 0.1368682 0.1215332 0.1265930 0.1572679 0.1077105 0.1464189 0.5606620 -0.1063331 -0.0962404 -0.1055398 -0.0751165 -0.0817074 -0.1506041 -0.1519103 -0.1524177 -0.0817687 -0.0940210 -0.0755051 -0.1345349 -0.1010540 0.1682846 -0.0954513 -0.0480851 -0.1003608 -0.1014087 -0.1028884 -0.1169960 -0.1144503 -0.0783734 -0.1144275 -0.1207576
-0.1371896 -0.1257918 -0.1020439 -0.1291375 -0.1309417 -0.1303110 -0.1032530 -0.1384679 -0.1228551 -0.1063331 0.7349771 0.0235658 0.0310799 0.0189341 0.0213316 -0.0292476 -0.0318420 -0.0318295 0.0198065 0.0680804 0.0148969 -0.0131909 0.0265517 -0.1226454 -0.0415421 0.0019357 -0.0344333 -0.0334578 -0.0325587 0.0490219 0.0505254 0.0192696 0.0452743 0.0508530
-0.1300689 -0.1199534 -0.0958986 -0.1200539 -0.1299704 -0.1272513 -0.0897705 -0.1292792 -0.1155884 -0.0962404 0.0235658 0.6498556 0.1858412 0.0260350 0.0133785 -0.0135966 -0.0066638 -0.0127660 0.0166320 0.0426416 0.0128980 0.0051178 0.1564659 -0.1178528 -0.0618288 -0.0233263 -0.0518304 -0.0509654 -0.0459594 0.0142994 0.0183127 0.0043674 0.0151656 0.0142206
-0.1356372 -0.1292051 -0.0991477 -0.1247405 -0.1356998 -0.1322543 -0.0991932 -0.1322882 -0.1199099 -0.1055398 0.0310799 0.1858412 0.4177897 0.0200350 0.0209356 0.0037373 0.0003313 0.0009281 0.0220513 0.0518237 0.0228063 0.0138930 0.1717188 -0.1186897 -0.0659757 -0.0220615 -0.0639529 -0.0511813 -0.0564836 0.0138581 0.0178210 -0.0040392 0.0110039 0.0167750
-0.1062492 -0.0989310 -0.0704338 -0.1027100 -0.0970312 -0.0940622 -0.0670073 -0.1045046 -0.0902604 -0.0751165 0.0189341 0.0260350 0.0200350 0.4638101 0.0615659 -0.0232879 -0.0190159 -0.0238448 0.0476396 0.0295182 0.0616084 -0.0032788 0.0238540 -0.0986144 -0.0472275 -0.0064839 -0.0434380 -0.0346645 -0.0337233 0.0055078 0.0043876 0.0070234 -0.0024334 -0.0010369
-0.1124684 -0.0992692 -0.0821062 -0.1081602 -0.1099743 -0.1079237 -0.0792911 -0.1094108 -0.0930195 -0.0817074 0.0213316 0.0133785 0.0209356 0.0615659 0.5146197 0.0157969 0.0020594 0.0136297 0.0818526 0.0317098 0.0608996 0.0199528 0.0173976 -0.1011065 -0.0525126 -0.0065229 -0.0527245 -0.0443120 -0.0402230 -0.0031226 0.0001536 -0.0039417 -0.0064220 -0.0026802
-0.1809203 -0.1695418 -0.1491113 -0.1731538 -0.1803223 -0.1794042 -0.1462630 -0.1777851 -0.1637762 -0.1506041 -0.0292476 -0.0135966 0.0037373 -0.0232879 0.0157969 0.6320809 0.6347166 0.6170595 0.0034550 -0.0140627 -0.0075390 0.4204593 -0.0320633 -0.1677580 -0.1241629 -0.0533180 -0.1223047 -0.1144748 -0.1199737 -0.0755722 -0.0730653 -0.0890307 -0.0804778 -0.0780206
-0.1835081 -0.1721910 -0.1553883 -0.1771719 -0.1800337 -0.1781728 -0.1491313 -0.1809448 -0.1665806 -0.1519103 -0.0318420 -0.0066638 0.0003313 -0.0190159 0.0020594 0.6347166 0.7413518 0.6197152 -0.0038649 -0.0232905 -0.0078062 0.4988582 -0.0239850 -0.1704623 -0.1265766 -0.0540485 -0.1271892 -0.1177626 -0.1220523 -0.0813019 -0.0751363 -0.0934170 -0.0892106 -0.0845344
-0.1826963 -0.1700741 -0.1544003 -0.1787851 -0.1794063 -0.1788411 -0.1463448 -0.1811420 -0.1633251 -0.1524177 -0.0318295 -0.0127660 0.0009281 -0.0238448 0.0136297 0.6170595 0.6197152 0.6645938 0.0080358 -0.0180594 -0.0081681 0.4575232 -0.0278734 -0.1682083 -0.1256836 -0.0555423 -0.1200823 -0.1116875 -0.1183487 -0.0827990 -0.0733360 -0.0938546 -0.0833108 -0.0809484
-0.1127688 -0.1001732 -0.0740263 -0.1042125 -0.1076872 -0.1042971 -0.0722611 -0.1076901 -0.0970926 -0.0817687 0.0198065 0.0166320 0.0220513 0.0476396 0.0818526 0.0034550 -0.0038649 0.0080358 0.5630621 0.0328029 0.0662356 0.0145625 0.0173811 -0.1009990 -0.0437005 -0.0106342 -0.0445690 -0.0380098 -0.0378127 -0.0003135 -0.0025659 -0.0094482 -0.0041856 -0.0073690
-0.1229341 -0.1164600 -0.0916616 -0.1209260 -0.1283882 -0.1236984 -0.0894002 -0.1208668 -0.1119229 -0.0940210 0.0680804 0.0426416 0.0518237 0.0295182 0.0317098 -0.0140627 -0.0232905 -0.0180594 0.0328029 0.6302543 0.0291884 0.0004279 0.0411048 -0.1226648 -0.0468243 -0.0141485 -0.0392841 -0.0348846 -0.0349580 0.0452337 0.0413199 0.0222143 0.0395643 0.0384623
-0.1130598 -0.0932603 -0.0783532 -0.1014487 -0.1041328 -0.1012239 -0.0686996 -0.1075992 -0.0963742 -0.0755051 0.0148969 0.0128980 0.0228063 0.0616084 0.0608996 -0.0075390 -0.0078062 -0.0081681 0.0662356 0.0291884 0.5577762 0.0089141 0.0106772 -0.0982846 -0.0459840 -0.0081041 -0.0435681 -0.0389864 -0.0412341 -0.0008043 0.0000584 -0.0040774 -0.0001337 -0.0037220
-0.1646685 -0.1515724 -0.1368325 -0.1594479 -0.1629534 -0.1616161 -0.1307259 -0.1623985 -0.1529702 -0.1345349 -0.0131909 0.0051178 0.0138930 -0.0032788 0.0199528 0.4204593 0.4988582 0.4575232 0.0145625 0.0004279 0.0089141 0.5984265 -0.0100240 -0.1544853 -0.1124753 -0.0343282 -0.1053196 -0.0999491 -0.1024556 -0.0555845 -0.0521170 -0.0721863 -0.0599562 -0.0593398
-0.1247681 -0.1155653 -0.0979649 -0.1128439 -0.1225689 -0.1189925 -0.0932558 -0.1265378 -0.1090620 -0.1010540 0.0265517 0.1564659 0.1717188 0.0238540 0.0173976 -0.0320633 -0.0239850 -0.0278734 0.0173811 0.0411048 0.0106772 -0.0100240 0.6233438 -0.1184418 -0.0560577 -0.0202167 -0.0540320 -0.0445248 -0.0455287 0.0215196 0.0312789 0.0130442 0.0163991 0.0210849
0.1879931 0.1867327 0.1317547 0.1473735 0.2614671 0.2274047 0.1140188 0.1702551 0.1750714 0.1682846 -0.1226454 -0.1178528 -0.1186897 -0.0986144 -0.1011065 -0.1677580 -0.1704623 -0.1682083 -0.1009990 -0.1226648 -0.0982846 -0.1544853 -0.1184418 0.6710671 -0.1275166 -0.0777064 -0.1355420 -0.1326267 -0.1338538 -0.1300842 -0.1326939 -0.1067260 -0.1322326 -0.1418402
-0.1367158 -0.1167075 -0.0910116 -0.1385892 -0.1361088 -0.1317496 -0.0886407 -0.1276559 -0.1228184 -0.0954513 -0.0415421 -0.0618288 -0.0659757 -0.0472275 -0.0525126 -0.1241629 -0.1265766 -0.1256836 -0.0437005 -0.0468243 -0.0459840 -0.1124753 -0.0560577 -0.1275166 0.6945132 -0.0341935 0.5463679 0.4864635 0.4893864 -0.0731974 -0.0723066 -0.0529875 -0.0739722 -0.0702802
-0.0845127 -0.0732912 -0.0542368 -0.0736961 -0.0788226 -0.0759751 -0.0596480 -0.0870313 -0.0733649 -0.0480851 0.0019357 -0.0233263 -0.0220615 -0.0064839 -0.0065229 -0.0533180 -0.0540485 -0.0555423 -0.0106342 -0.0141485 -0.0081041 -0.0343282 -0.0202167 -0.0777064 -0.0341935 0.8217756 -0.0257469 -0.0233240 -0.0289332 -0.0342551 -0.0356720 -0.0110591 -0.0324704 -0.0327719
-0.1403653 -0.1164113 -0.0959900 -0.1368738 -0.1409667 -0.1367581 -0.1007867 -0.1350484 -0.1251912 -0.1003608 -0.0344333 -0.0518304 -0.0639529 -0.0434380 -0.0527245 -0.1223047 -0.1271892 -0.1200823 -0.0445690 -0.0392841 -0.0435681 -0.1053196 -0.0540320 -0.1355420 0.5463679 -0.0257469 0.6723875 0.4639564 0.5126713 -0.0737199 -0.0745316 -0.0630642 -0.0818509 -0.0716299
-0.1435881 -0.1144800 -0.0934802 -0.1344008 -0.1401023 -0.1357847 -0.0930294 -0.1329817 -0.1230844 -0.1014087 -0.0334578 -0.0509654 -0.0511813 -0.0346645 -0.0443120 -0.1144748 -0.1177626 -0.1116875 -0.0380098 -0.0348846 -0.0389864 -0.0999491 -0.0445248 -0.1326267 0.4864635 -0.0233240 0.4639564 0.6791424 0.4932420 -0.0739604 -0.0665099 -0.0577399 -0.0760495 -0.0718078
-0.1352582 -0.1131646 -0.0913101 -0.1340323 -0.1407112 -0.1350901 -0.1014608 -0.1329561 -0.1222164 -0.1028884 -0.0325587 -0.0459594 -0.0564836 -0.0337233 -0.0402230 -0.1199737 -0.1220523 -0.1183487 -0.0378127 -0.0349580 -0.0412341 -0.1024556 -0.0455287 -0.1338538 0.4893864 -0.0289332 0.5126713 0.4932420 0.6431087 -0.0687165 -0.0689008 -0.0566847 -0.0754515 -0.0655539
-0.1484051 -0.1377823 -0.1083307 -0.1384910 -0.1418570 -0.1401677 -0.1145294 -0.1459153 -0.1337864 -0.1169960 0.0490219 0.0142994 0.0138581 0.0055078 -0.0031226 -0.0755722 -0.0813019 -0.0827990 -0.0003135 0.0452337 -0.0008043 -0.0555845 0.0215196 -0.1300842 -0.0731974 -0.0342551 -0.0737199 -0.0739604 -0.0687165 0.6143425 0.2349387 0.1680723 0.2503183 0.2651978
-0.1449657 -0.1368762 -0.1089436 -0.1389093 -0.1442088 -0.1433378 -0.1129557 -0.1447730 -0.1291834 -0.1144503 0.0505254 0.0183127 0.0178210 0.0043876 0.0001536 -0.0730653 -0.0751363 -0.0733360 -0.0025659 0.0413199 0.0000584 -0.0521170 0.0312789 -0.1326939 -0.0723066 -0.0356720 -0.0745316 -0.0665099 -0.0689008 0.2349387 0.6178414 0.1460668 0.2514728 0.2481126
-0.1101940 -0.0996087 -0.0797817 -0.1068358 -0.1060002 -0.1040976 -0.0860289 -0.1087280 -0.0920595 -0.0783734 0.0192696 0.0043674 -0.0040392 0.0070234 -0.0039417 -0.0890307 -0.0934170 -0.0938546 -0.0094482 0.0222143 -0.0040774 -0.0721863 0.0130442 -0.1067260 -0.0529875 -0.0110591 -0.0630642 -0.0577399 -0.0566847 0.1680723 0.1460668 0.6011858 0.1805980 0.1699635
-0.1427137 -0.1326735 -0.1090271 -0.1381102 -0.1418994 -0.1393373 -0.1095993 -0.1423025 -0.1303240 -0.1144275 0.0452743 0.0151656 0.0110039 -0.0024334 -0.0064220 -0.0804778 -0.0892106 -0.0833108 -0.0041856 0.0395643 -0.0001337 -0.0599562 0.0163991 -0.1322326 -0.0739722 -0.0324704 -0.0818509 -0.0760495 -0.0754515 0.2503183 0.2514728 0.1805980 0.6500953 0.2548404
-0.1492402 -0.1347961 -0.1125709 -0.1416979 -0.1468582 -0.1452857 -0.1172752 -0.1498944 -0.1319542 -0.1207576 0.0508530 0.0142206 0.0167750 -0.0010369 -0.0026802 -0.0780206 -0.0845344 -0.0809484 -0.0073690 0.0384623 -0.0037220 -0.0593398 0.0210849 -0.1418402 -0.0702802 -0.0327719 -0.0716299 -0.0718078 -0.0655539 0.2651978 0.2481126 0.1699635 0.2548404 0.7954424
