1.509397625923156738e+00 6.158492565155029297e-01 1.203156232833862305e+00 -3.813189640641212463e-02 -8.498045802116394043e-02 -3.818428516387939453e-02 6.282959580421447754e-01 1.092005610466003418e+00 1.841969415545463562e-02 -1.878850907087326050e-01 -1.669543385505676270e-01 -2.518056631088256836e-01 -3.094144463539123535e-01 -1.984238326549530029e-01 -3.042536079883575439e-01 -1.431718617677688599e-01 -1.002100631594657898e-01 -1.494949162006378174e-01 1.246750634163618088e-02 1.654884219169616699e-01 -2.921165525913238525e-01 -9.262090176343917847e-02 -2.058966308832168579e-01 4.775538444519042969e-01 -3.483646214008331299e-01 -1.035476252436637878e-01 -3.602246642112731934e-01 -3.483703732490539551e-01 -3.354096710681915283e-01 -3.650889992713928223e-01 -3.334077298641204834e-01 -2.602694332599639893e-01 -3.334907293319702148e-01 -3.694573044776916504e-01
6.158492565155029297e-01 9.212229847908020020e-01 7.282412648200988770e-01 -8.653768897056579590e-02 1.161990389227867126e-01 2.934654057025909424e-01 1.089580878615379333e-01 6.527279615402221680e-01 -3.179404139518737793e-02 -5.755194649100303650e-02 -6.344271451234817505e-02 -8.398753404617309570e-02 -2.161184847354888916e-01 -1.004735156893730164e-01 -2.362619042396545410e-01 -1.208316311240196228e-01 -1.433172971010208130e-01 -1.679071485996246338e-01 -9.361220896244049072e-02 1.816000462895317469e-06 -2.608942687511444092e-01 -1.378612071275711060e-01 -9.970156848430633545e-02 3.063820898532867432e-01 -1.741822659969329834e-01 -1.254981756210327148e-01 -1.408739387989044189e-01 -1.784965842962265015e-01 -1.776794791221618652e-01 -2.441036701202392578e-01 -2.400573641061782837e-01 -1.405451297760009766e-01 -2.407398670911788940e-01 -1.838484555482864380e-01
1.203156232833862305e+00 7.282412648200988770e-01 1.460039496421813965e+00 4.480410739779472351e-02 -7.478455454111099243e-02 -2.468879707157611847e-02 5.080415606498718262e-01 1.258855462074279785e+00 1.706152260303497314e-01 -1.975243240594863892e-01 -2.300046831369400024e-01 -2.531043887138366699e-01 -3.077248930931091309e-01 -1.824969947338104248e-01 -2.979311347007751465e-01 -1.418654173612594604e-01 -1.128517836332321167e-01 -1.476075202226638794e-01 -7.265491038560867310e-02 7.273439317941665649e-02 -2.880934178829193115e-01 -1.218932420015335083e-01 -2.478723227977752686e-01 5.241177678108215332e-01 -3.556034564971923828e-01 -8.789615333080291748e-02 -3.685569763183593750e-01 -3.588928580284118652e-01 -3.429502844810485840e-01 -3.488637506961822510e-01 -3.504093289375305176e-01 -2.747771441936492920e-01 -3.511402606964111328e-01 -4.214700758457183838e-01
-3.813189640641212463e-02 -8.653768897056579590e-02 4.480410739779472351e-02 2.034685373306274414e+00 1.275494508445262909e-02 -2.661516331136226654e-02 8.738396167755126953e-01 1.475145220756530762e-01 1.849306941032409668e+00 -6.136557832360267639e-02 -1.408928632736206055e-01 -1.085399612784385681e-01 -2.607395350933074951e-01 -1.970548778772354126e-01 -1.957574337720870972e-01 -1.971271187067031860e-01 -1.615533530712127686e-01 -1.332529336214065552e-01 -1.462409794330596924e-01 -1.713364757597446442e-02 -1.871886104345321655e-01 -1.612860560417175293e-01 -1.592984050512313843e-01 1.595902740955352783e-01 -3.341540694236755371e-01 1.873777508735656738e-01 -3.445189893245697021e-01 -3.263235986232757568e-01 -3.449637591838836670e-01 -3.112492263317108154e-01 -3.360251486301422119e-01 -3.212321698665618896e-01 -3.362389206886291504e-01 -3.024470806121826172e-01
-8.498045802116394043e-02 1.161990389227867126e-01 -7.478455454111099243e-02 1.275494508445262909e-02 9.000689983367919922e-01 6.135020852088928223e-01 -3.697342798113822937e-02 -5.617018416523933411e-02 -2.201726287603378296e-02 2.037539891898632050e-02 -8.798473328351974487e-02 -1.818937808275222778e-02 -1.180659011006355286e-01 -5.271356552839279175e-02 -1.169335320591926575e-01 -3.038236871361732483e-02 -1.084901019930839539e-01 -1.404010653495788574e-01 -3.663416206836700439e-02 -3.683347627520561218e-02 -8.564092218875885010e-02 -7.442644983530044556e-02 1.107756197452545166e-01 -4.107317700982093811e-02 -4.622806608676910400e-02 5.206475406885147095e-02 -1.005563288927078247e-01 -4.444985091686248779e-02 -4.325041547417640686e-02 -1.108882799744606018e-01 -7.148659229278564453e-02 5.143542774021625519e-03 -6.937953084707260132e-02 -9.818677604198455811e-02
-3.818428516387939453e-02 2.934654057025909424e-01 -2.468879707157611847e-02 -2.661516331136226654e-02 6.135020852088928223e-01 9.041308164596557617e-01 2.697459608316421509e-02 -7.192756514996290207e-03 -5.023202300071716309e-02 7.802389562129974365e-02 -3.292240947484970093e-02 -2.546086162328720093e-02 -1.367478668689727783e-01 -8.010567724704742432e-02 -1.498669981956481934e-01 -5.205450579524040222e-02 -1.332901716232299805e-01 -1.840613037347793579e-01 -4.187756031751632690e-02 -8.244474977254867554e-02 -1.358342915773391724e-01 -7.639515399932861328e-02 6.808861345052719116e-02 -6.338868755847215652e-03 -7.068587094545364380e-02 2.876110002398490906e-02 -1.010757610201835632e-01 -7.173030078411102295e-02 -7.208628952503204346e-02 -1.296534240245819092e-01 -9.041561186313629150e-02 -1.881500519812107086e-02 -9.101521968841552734e-02 -7.239292562007904053e-02
6.282959580421447754e-01 1.089580878615379333e-01 5.080415606498718262e-01 8.738396167755126953e-01 -3.697342798113822937e-02 2.697459608316421509e-02 1.221670866012573242e+00 4.522039294242858887e-01 8.905351161956787109e-01 -8.909024298191070557e-02 -1.472176313400268555e-01 -2.244642376899719238e-01 -2.629510760307312012e-01 -1.868678331375122070e-01 -2.836143672466278076e-01 -1.568309813737869263e-01 -1.182464808225631714e-01 -1.582910418510437012e-01 -5.288401991128921509e-02 3.978421166539192200e-02 -2.489483654499053955e-01 -7.348932325839996338e-02 -1.980603933334350586e-01 1.747829169034957886e-01 -3.266738653182983398e-01 -2.373699285089969635e-02 -3.295501768589019775e-01 -3.244829177856445312e-01 -3.278569579124450684e-01 -2.882976531982421875e-01 -2.481167018413543701e-01 -2.392858713865280151e-01 -2.476095706224441528e-01 -2.872927486896514893e-01
1.092005610466003418e+00 6.527279615402221680e-01 1.258855462074279785e+00 1.475145220756530762e-01 -5.617018416523933411e-02 -7.192756514996290207e-03 4.522039294242858887e-01 1.279438018798828125e+00 1.852311939001083374e-01 -1.916531920433044434e-01 -2.288388609886169434e-01 -2.381814122200012207e-01 -2.962016463279724121e-01 -1.659535914659500122e-01 -2.703629136085510254e-01 -1.517958343029022217e-01 -1.151598393917083740e-01 -1.436697989702224731e-01 -7.346192747354507446e-02 7.037636637687683105e-02 -2.612689137458801270e-01 -1.179951801896095276e-01 -2.468166649341583252e-01 6.117292642593383789e-01 -3.473809361457824707e-01 -7.940123230218887329e-02 -3.424164056777954102e-01 -3.520062863826751709e-01 -3.341161012649536133e-01 -3.396541476249694824e-01 -3.524587154388427734e-01 -2.747564911842346191e-01 -3.516397476196289062e-01 -4.062112867832183838e-01
1.841969415545463562e-02 -3.179404139518737793e-02 1.706152260303497314e-01 1.849306941032409668e+00 -2.201726287603378296e-02 -5.023202300071716309e-02 8.905351161956787109e-01 1.852311939001083374e-01 1.854094147682189941e+00 -7.860678434371948242e-02 -1.448185294866561890e-01 -1.378557682037353516e-01 -2.762925922870635986e-01 -2.003318816423416138e-01 -2.431621700525283813e-01 -1.968664377927780151e-01 -1.432416588068008423e-01 -1.256400644779205322e-01 -1.329859644174575806e-01 -9.758356958627700806e-03 -2.281805127859115601e-01 -1.381645202636718750e-01 -1.530415266752243042e-01 1.362100392580032349e-01 -3.417793810367584229e-01 2.088445723056793213e-01 -3.518194556236267090e-01 -3.332269191741943359e-01 -3.535297214984893799e-01 -3.067247271537780762e-01 -3.240016400814056396e-01 -3.063813745975494385e-01 -3.243452310562133789e-01 -3.019002377986907959e-01
-1.878850907087326050e-01 -5.755194649100303650e-02 -1.975243240594863892e-01 -6.136557832360267639e-02 2.037539891898632050e-02 7.802389562129974365e-02 -8.909024298191070557e-02 -1.916531920433044434e-01 -7.860678434371948242e-02 1.161412835121154785e+00 -2.571625448763370514e-02 6.841474026441574097e-02 2.283918857574462891e-02 -2.119152992963790894e-02 5.659291148185729980e-02 -1.343526542186737061e-01 -1.393619626760482788e-01 -1.092757880687713623e-01 -3.464452456682920456e-03 2.038351260125637054e-02 4.745416343212127686e-02 -1.105294823646545410e-01 -5.565017461776733398e-02 -4.013269767165184021e-02 -8.421567082405090332e-02 1.913486421108245850e-02 -3.213935345411300659e-02 -8.032176643610000610e-02 -1.098883897066116333e-01 2.796071171760559082e-01 3.899125382304191589e-03 -7.256373018026351929e-02 6.658746278844773769e-04 1.207687929272651672e-01
-1.669543385505676270e-01 -6.344271451234817505e-02 -2.300046831369400024e-01 -1.408928632736206055e-01 -8.798473328351974487e-02 -3.292240947484970093e-02 -1.472176313400268555e-01 -2.288388609886169434e-01 -1.448185294866561890e-01 -2.571625448763370514e-02 1.107152462005615234e+00 1.678542792797088623e-02 2.093815505504608154e-01 -1.038164198398590088e-01 -3.912726044654846191e-02 2.148312330245971680e-02 -6.451477855443954468e-02 -2.949775755405426025e-02 5.747253075242042542e-02 5.513381212949752808e-02 -3.186981379985809326e-02 -9.043899178504943848e-02 5.650322139263153076e-02 -1.593114733695983887e-01 7.626690715551376343e-02 1.672736555337905884e-02 1.322447806596755981e-01 7.411576062440872192e-02 5.285281315445899963e-02 -6.578550487756729126e-02 -4.116568714380264282e-02 2.064516156679019332e-04 -4.046792909502983093e-02 6.351073831319808960e-02
-2.518056631088256836e-01 -8.398753404617309570e-02 -2.531043887138366699e-01 -1.085399612784385681e-01 -1.818937808275222778e-02 -2.546086162328720093e-02 -2.244642376899719238e-01 -2.381814122200012207e-01 -1.378557682037353516e-01 6.841474026441574097e-02 1.678542792797088623e-02 9.337269663810729980e-01 9.435392916202545166e-02 1.376924663782119751e-01 1.974239647388458252e-01 -1.272802473977208138e-03 7.523234933614730835e-02 2.009540945291519165e-01 6.398281455039978027e-02 -1.100766658782958984e-02 8.596935123205184937e-02 -6.243302486836910248e-03 2.216957211494445801e-01 -1.268797218799591064e-01 -9.423772245645523071e-02 4.734512045979499817e-02 -8.620974421501159668e-02 -9.561140835285186768e-02 -1.077912226319313049e-01 -1.613271422684192657e-02 -8.520402014255523682e-02 -3.324410691857337952e-02 -8.435913175344467163e-02 -4.644395783543586731e-02
-3.094144463539123535e-01 -2.161184847354888916e-01 -3.077248930931091309e-01 -2.607395350933074951e-01 -1.180659011006355286e-01 -1.367478668689727783e-01 -2.629510760307312012e-01 -2.962016463279724121e-01 -2.762925922870635986e-01 2.283918857574462891e-02 2.093815505504608154e-01 9.435392916202545166e-02 1.003476977348327637e+00 1.174327060580253601e-01 1.276303548365831375e-02 5.603316426277160645e-02 9.035557508468627930e-02 -3.319327533245086670e-02 -1.613066345453262329e-02 -6.006722152233123779e-02 2.147958148270845413e-03 1.798443049192428589e-01 1.870322972536087036e-01 -1.864567995071411133e-01 3.384650126099586487e-02 -3.812365233898162842e-02 -7.430932600982487202e-04 3.388825431466102600e-02 3.295420482754707336e-02 9.383606910705566406e-02 9.821777045726776123e-02 4.756370186805725098e-02 9.728342294692993164e-02 1.164899766445159912e-01
-1.984238326549530029e-01 -1.004735156893730164e-01 -1.824969947338104248e-01 -1.970548778772354126e-01 -5.271356552839279175e-02 -8.010567724704742432e-02 -1.868678331375122070e-01 -1.659535914659500122e-01 -2.003318816423416138e-01 -2.119152992963790894e-02 -1.038164198398590088e-01 1.376924663782119751e-01 1.174327060580253601e-01 9.700056910514831543e-01 3.166021313518285751e-03 9.039891511201858521e-02 1.207703053951263428e-01 1.168983206152915955e-01 -2.448121272027492523e-02 -9.088461101055145264e-02 -9.077655524015426636e-02 1.714253127574920654e-01 1.406529396772384644e-01 -4.607210308313369751e-02 3.315682336688041687e-02 -5.549918115139007568e-02 -6.938499212265014648e-02 3.223422169685363770e-02 5.697268620133399963e-02 2.860722132027149200e-02 -6.611042469739913940e-02 1.125253960490226746e-01 -6.592740118503570557e-02 -1.140801310539245605e-01
-3.042536079883575439e-01 -2.362619042396545410e-01 -2.979311347007751465e-01 -1.957574337720870972e-01 -1.169335320591926575e-01 -1.498669981956481934e-01 -2.836143672466278076e-01 -2.703629136085510254e-01 -2.431621700525283813e-01 5.659291148185729980e-02 -3.912726044654846191e-02 1.974239647388458252e-01 1.276303548365831375e-02 3.166021313518285751e-03 1.903762698173522949e+00 -1.109612435102462769e-01 -1.253892183303833008e-01 -1.277259886264801025e-01 -3.561486676335334778e-02 -1.284564435482025146e-01 1.909782409667968750e+00 -1.049570515751838684e-01 -8.152608573436737061e-02 -9.791562706232070923e-02 -1.549096405506134033e-01 -1.309532206505537033e-02 -2.198608815670013428e-01 -1.518558412790298462e-01 -1.484245657920837402e-01 -2.138398401439189911e-02 -1.268653422594070435e-01 -1.425711065530776978e-01 -1.281841397285461426e-01 1.839306950569152832e-02
-1.431718617677688599e-01 -1.208316311240196228e-01 -1.418654173612594604e-01 -1.971271187067031860e-01 -3.038236871361732483e-02 -5.205450579524040222e-02 -1.568309813737869263e-01 -1.517958343029022217e-01 -1.968664377927780151e-01 -1.343526542186737061e-01 2.148312330245971680e-02 -1.272802473977208138e-03 5.603316426277160645e-02 9.039891511201858521e-02 -1.109612435102462769e-01 1.066316366195678711e+00 7.789755612611770630e-02 9.290136396884918213e-02 1.689953356981277466e-01 -4.372786730527877808e-02 -1.348416954278945923e-01 1.484586298465728760e-01 2.006346732378005981e-01 -1.471269130706787109e-01 9.481143206357955933e-02 -4.705989733338356018e-02 -9.298577159643173218e-02 9.565316885709762573e-02 1.426583230495452881e-01 -1.222316473722457886e-01 -8.462401479482650757e-02 3.212449327111244202e-02 -8.353288471698760986e-02 -7.722546905279159546e-02
-1.002100631594657898e-01 -1.433172971010208130e-01 -1.128517836332321167e-01 -1.615533530712127686e-01 -1.084901019930839539e-01 -1.332901716232299805e-01 -1.182464808225631714e-01 -1.151598393917083740e-01 -1.432416588068008423e-01 -1.393619626760482788e-01 -6.451477855443954468e-02 7.523234933614730835e-02 9.035557508468627930e-02 1.207703053951263428e-01 -1.253892183303833008e-01 7.789755612611770630e-02 9.044647216796875000e-01 8.401604890823364258e-01 5.745866149663925171e-02 3.545200079679489136e-02 -1.577170193195343018e-01 5.294157266616821289e-01 2.627200260758399963e-02 -9.772480279207229614e-02 -7.133415341377258301e-02 -1.388159096240997314e-01 -4.393421113491058350e-02 -7.474867999553680420e-02 -8.320253342390060425e-02 -1.262418329715728760e-01 -1.427860856056213379e-01 -2.961573190987110138e-02 -1.438032835721969604e-01 -1.446086615324020386e-01
-1.494949162006378174e-01 -1.679071485996246338e-01 -1.476075202226638794e-01 -1.332529336214065552e-01 -1.404010653495788574e-01 -1.840613037347793579e-01 -1.582910418510437012e-01 -1.436697989702224731e-01 -1.256400644779205322e-01 -1.092757880687713623e-01 -2.949775755405426025e-02 2.009540945291519165e-01 -3.319327533245086670e-02 1.168983206152915955e-01 -1.277259886264801025e-01 9.290136396884918213e-02 8.401604890823364258e-01 1.714075922966003418e+00 1.155689656734466553e-01 5.513839051127433777e-02 -2.083457112312316895e-01 6.931228935718536377e-02 3.359702229499816895e-02 -1.141948625445365906e-01 -9.622649848461151123e-02 -1.366223990917205811e-01 -1.712187938392162323e-02 -9.879747033119201660e-02 -1.240357384085655212e-01 -1.575201451778411865e-01 -1.736447215080261230e-01 -6.128932163119316101e-02 -1.736058145761489868e-01 -1.814397275447845459e-01
1.246750634163618088e-02 -9.361220896244049072e-02 -7.265491038560867310e-02 -1.462409794330596924e-01 -3.663416206836700439e-02 -4.187756031751632690e-02 -5.288401991128921509e-02 -7.346192747354507446e-02 -1.329859644174575806e-01 -3.464452456682920456e-03 5.747253075242042542e-02 6.398281455039978027e-02 -1.613066345453262329e-02 -2.448121272027492523e-02 -3.561486676335334778e-02 1.689953356981277466e-01 5.745866149663925171e-02 1.155689656734466553e-01 9.265081286430358887e-01 1.620807349681854248e-01 -5.312419682741165161e-02 9.615909308195114136e-02 7.457180321216583252e-02 -2.046365290880203247e-02 -1.193629428744316101e-01 1.626294851303100586e-02 -1.008159816265106201e-01 -1.210470944643020630e-01 -1.449571549892425537e-01 -1.062743738293647766e-01 -1.327802538871765137e-01 -1.611064071767032146e-03 -1.329938471317291260e-01 -9.884520620107650757e-02
1.654884219169616699e-01 1.816000462895317469e-06 7.273439317941665649e-02 -1.713364757597446442e-02 -3.683347627520561218e-02 -8.244474977254867554e-02 3.978421166539192200e-02 7.037636637687683105e-02 -9.758356958627700806e-03 2.038351260125637054e-02 5.513381212949752808e-02 -1.100766658782958984e-02 -6.006722152233123779e-02 -9.088461101055145264e-02 -1.284564435482025146e-01 -4.372786730527877808e-02 3.545200079679489136e-02 5.513839051127433777e-02 1.620807349681854248e-01 9.915676712989807129e-01 -1.047474667429924011e-01 -5.598467588424682617e-02 6.696574855595827103e-03 5.296850111335515976e-03 -1.553748399019241333e-01 -4.793072119355201721e-02 -9.564418345689773560e-02 -1.578285396099090576e-01 -1.726483255624771118e-01 -1.285383105278015137e-01 -1.006981953978538513e-01 3.793025156483054161e-03 -9.831179678440093994e-02 -7.748248428106307983e-02
-2.921165525913238525e-01 -2.608942687511444092e-01 -2.880934178829193115e-01 -1.871886104345321655e-01 -8.564092218875885010e-02 -1.358342915773391724e-01 -2.489483654499053955e-01 -2.612689137458801270e-01 -2.281805127859115601e-01 4.745416343212127686e-02 -3.186981379985809326e-02 8.596935123205184937e-02 2.147958148270845413e-03 -9.077655524015426636e-02 1.909782409667968750e+00 -1.348416954278945923e-01 -1.577170193195343018e-01 -2.083457112312316895e-01 -5.312419682741165161e-02 -1.047474667429924011e-01 2.269942045211791992e+00 -1.181497350335121155e-01 -1.371458917856216431e-01 -1.369506120681762695e-01 -1.678459644317626953e-01 -2.037162519991397858e-02 -2.212730199098587036e-01 -1.653236448764801025e-01 -1.607132554054260254e-01 -2.370006777346134186e-02 -1.060181185603141785e-01 -1.557929664850234985e-01 -1.084024757146835327e-01 1.613334193825721741e-02
-9.262090176343917847e-02 -1.378612071275711060e-01 -1.218932420015335083e-01 -1.612860560417175293e-01 -7.442644983530044556e-02 -7.639515399932861328e-02 -7.348932325839996338e-02 -1.179951801896095276e-01 -1.381645202636718750e-01 -1.105294823646545410e-01 -9.043899178504943848e-02 -6.243302486836910248e-03 1.798443049192428589e-01 1.714253127574920654e-01 -1.049570515751838684e-01 1.484586298465728760e-01 5.294157266616821289e-01 6.931228935718536377e-02 9.615909308195114136e-02 -5.598467588424682617e-02 -1.181497350335121155e-01 1.128275752067565918e+00 5.789046734571456909e-02 -3.530215844511985779e-02 -7.916372269392013550e-02 -5.302008613944053650e-02 -1.021473482251167297e-01 -7.572660595178604126e-02 -6.707200407981872559e-02 -1.074397340416908264e-01 -1.001685410737991333e-01 -4.740925505757331848e-02 -9.825647622346878052e-02 -1.146851927042007446e-01
-2.058966308832168579e-01 -9.970156848430633545e-02 -2.478723227977752686e-01 -1.592984050512313843e-01 1.107756197452545166e-01 6.808861345052719116e-02 -1.980603933334350586e-01 -2.468166649341583252e-01 -1.530415266752243042e-01 -5.565017461776733398e-02 5.650322139263153076e-02 2.216957211494445801e-01 1.870322972536087036e-01 1.406529396772384644e-01 -8.152608573436737061e-02 2.006346732378005981e-01 2.627200260758399963e-02 3.359702229499816895e-02 7.457180321216583252e-02 6.696574855595827103e-03 -1.371458917856216431e-01 5.789046734571456909e-02 1.123276352882385254e+00 -1.754862368106842041e-01 -7.922798395156860352e-02 1.027999371290206909e-01 -2.142847925424575806e-01 -8.227940648794174194e-02 -6.491456925868988037e-02 -7.470444589853286743e-02 -8.593944460153579712e-02 9.302725642919540405e-02 -8.448451757431030273e-02 -5.111148208379745483e-02
4.775538444519042969e-01 3.063820898532867432e-01 5.241177678108215332e-01 1.595902740955352783e-01 -4.107317700982093811e-02 -6.338868755847215652e-03 1.747829169034957886e-01 6.117292642593383789e-01 1.362100392580032349e-01 -4.013269767165184021e-02 -1.593114733695983887e-01 -1.268797218799591064e-01 -1.864567995071411133e-01 -4.607210308313369751e-02 -9.791562706232070923e-02 -1.471269130706787109e-01 -9.772480279207229614e-02 -1.141948625445365906e-01 -2.046365290880203247e-02 5.296850111335515976e-03 -1.369506120681762695e-01 -3.530215844511985779e-02 -1.754862368106842041e-01 8.502193093299865723e-01 -2.141862064599990845e-01 -4.202652350068092346e-02 -1.777856349945068359e-01 -2.200176715850830078e-01 -2.158350348472595215e-01 -1.729004383087158203e-01 -2.062904834747314453e-01 -1.353907883167266846e-01 -2.042414247989654541e-01 -2.238823920488357544e-01
-3.483646214008331299e-01 -1.741822659969329834e-01 -3.556034564971923828e-01 -3.341540694236755371e-01 -4.622806608676910400e-02 -7.068587094545364380e-02 -3.266738653182983398e-01 -3.473809361457824707e-01 -3.417793810367584229e-01 -8.421567082405090332e-02 7.626690715551376343e-02 -9.423772245645523071e-02 3.384650126099586487e-02 3.315682336688041687e-02 -1.549096405506134033e-01 9.481143206357955933e-02 -7.133415341377258301e-02 -9.622649848461151123e-02 -1.193629428744316101e-01 -1.553748399019241333e-01 -1.678459644317626953e-01 -7.916372269392013550e-02 -7.922798395156860352e-02 -2.141862064599990845e-01 9.561623334884643555e-01 -1.438196301460266113e-01 7.936773896217346191e-01 9.129296541213989258e-01 9.299125075340270996e-01 1.453355606645345688e-02 -1.159619819372892380e-02 1.355479191988706589e-02 -1.358287129551172256e-02 4.997332766652107239e-02
-1.035476252436637878e-01 -1.254981756210327148e-01 -8.789615333080291748e-02 1.873777508735656738e-01 5.206475406885147095e-02 2.876110002398490906e-02 -2.373699285089969635e-02 -7.940123230218887329e-02 2.088445723056793213e-01 1.913486421108245850e-02 1.672736555337905884e-02 4.734512045979499817e-02 -3.812365233898162842e-02 -5.549918115139007568e-02 -1.309532206505537033e-02 -4.705989733338356018e-02 -1.388159096240997314e-01 -1.366223990917205811e-01 1.626294851303100586e-02 -4.793072119355201721e-02 -2.037162519991397858e-02 -5.302008613944053650e-02 1.027999371290206909e-01 -4.202652350068092346e-02 -1.438196301460266113e-01 1.083601355552673340e+00 -1.701437830924987793e-01 -1.411539763212203979e-01 -1.468623578548431396e-01 -7.292937953025102615e-03 -1.748525910079479218e-02 -9.940890967845916748e-02 -1.380151789635419846e-02 2.254474209621548653e-03
-3.602246642112731934e-01 -1.408739387989044189e-01 -3.685569763183593750e-01 -3.445189893245697021e-01 -1.005563288927078247e-01 -1.010757610201835632e-01 -3.295501768589019775e-01 -3.424164056777954102e-01 -3.518194556236267090e-01 -3.213935345411300659e-02 1.322447806596755981e-01 -8.620974421501159668e-02 -7.430932600982487202e-04 -6.938499212265014648e-02 -2.198608815670013428e-01 -9.298577159643173218e-02 -4.393421113491058350e-02 -1.712187938392162323e-02 -1.008159816265106201e-01 -9.564418345689773560e-02 -2.212730199098587036e-01 -1.021473482251167297e-01 -2.142847925424575806e-01 -1.777856349945068359e-01 7.936773896217346191e-01 -1.701437830924987793e-01 1.747045993804931641e+00 7.882492542266845703e-01 7.685322165489196777e-01 1.704660058021545410e-02 -3.441319242119789124e-02 -4.567011445760726929e-02 -3.518825024366378784e-02 6.807964295148849487e-02
-3.483703732490539551e-01 -1.784965842962265015e-01 -3.588928580284118652e-01 -3.263235986232757568e-01 -4.444985091686248779e-02 -7.173030078411102295e-02 -3.244829177856445312e-01 -3.520062863826751709e-01 -3.332269191741943359e-01 -8.032176643610000610e-02 7.411576062440872192e-02 -9.561140835285186768e-02 3.388825431466102600e-02 3.223422169685363770e-02 -1.518558412790298462e-01 9.565316885709762573e-02 -7.474867999553680420e-02 -9.879747033119201660e-02 -1.210470944643020630e-01 -1.578285396099090576e-01 -1.653236448764801025e-01 -7.572660595178604126e-02 -8.227940648794174194e-02 -2.200176715850830078e-01 9.129296541213989258e-01 -1.411539763212203979e-01 7.882492542266845703e-01 9.645998477935791016e-01 9.297664761543273926e-01 1.635406725108623505e-02 -1.236058026552200317e-02 1.391125284135341644e-02 -1.179403346031904221e-02 5.030000209808349609e-02
-3.354096710681915283e-01 -1.776794791221618652e-01 -3.429502844810485840e-01 -3.449637591838836670e-01 -4.325041547417640686e-02 -7.208628952503204346e-02 -3.278569579124450684e-01 -3.341161012649536133e-01 -3.535297214984893799e-01 -1.098883897066116333e-01 5.285281315445899963e-02 -1.077912226319313049e-01 3.295420482754707336e-02 5.697268620133399963e-02 -1.484245657920837402e-01 1.426583230495452881e-01 -8.320253342390060425e-02 -1.240357384085655212e-01 -1.449571549892425537e-01 -1.726483255624771118e-01 -1.607132554054260254e-01 -6.707200407981872559e-02 -6.491456925868988037e-02 -2.158350348472595215e-01 9.299125075340270996e-01 -1.468623578548431396e-01 7.685322165489196777e-01 9.297664761543273926e-01 1.026740670204162598e+00 9.417407214641571045e-03 -2.053525485098361969e-02 2.586004789918661118e-03 -2.265798300504684448e-02 5.099930986762046814e-02
-3.650889992713928223e-01 -2.441036701202392578e-01 -3.488637506961822510e-01 -3.112492263317108154e-01 -1.108882799744606018e-01 -1.296534240245819092e-01 -2.882976531982421875e-01 -3.396541476249694824e-01 -3.067247271537780762e-01 2.796071171760559082e-01 -6.578550487756729126e-02 -1.613271422684192657e-02 9.383606910705566406e-02 2.860722132027149200e-02 -2.138398401439189911e-02 -1.222316473722457886e-01 -1.262418329715728760e-01 -1.575201451778411865e-01 -1.062743738293647766e-01 -1.285383105278015137e-01 -2.370006777346134186e-02 -1.074397340416908264e-01 -7.470444589853286743e-02 -1.729004383087158203e-01 1.453355606645345688e-02 -7.292937953025102615e-03 1.704660058021545410e-02 1.635406725108623505e-02 9.417407214641571045e-03 1.220520615577697754e+00 5.881286263465881348e-01 5.858538299798965454e-02 5.873766541481018066e-01 6.686288118362426758e-01
-3.334077298641204834e-01 -2.400573641061782837e-01 -3.504093289375305176e-01 -3.360251486301422119e-01 -7.148659229278564453e-02 -9.041561186313629150e-02 -2.481167018413543701e-01 -3.524587154388427734e-01 -3.240016400814056396e-01 3.899125382304191589e-03 -4.116568714380264282e-02 -8.520402014255523682e-02 9.821777045726776123e-02 -6.611042469739913940e-02 -1.268653422594070435e-01 -8.462401479482650757e-02 -1.427860856056213379e-01 -1.736447215080261230e-01 -1.327802538871765137e-01 -1.006981953978538513e-01 -1.060181185603141785e-01 -1.001685410737991333e-01 -8.593944460153579712e-02 -2.062904834747314453e-01 -1.159619819372892380e-02 -1.748525910079479218e-02 -3.441319242119789124e-02 -1.236058026552200317e-02 -2.053525485098361969e-02 5.881286263465881348e-01 1.047775030136108398e+00 5.687983036041259766e-01 1.023697257041931152e+00 5.659475922584533691e-01
-2.602694332599639893e-01 -1.405451297760009766e-01 -2.747771441936492920e-01 -3.212321698665618896e-01 5.143542774021625519e-03 -1.881500519812107086e-02 -2.392858713865280151e-01 -2.747564911842346191e-01 -3.063813745975494385e-01 -7.256373018026351929e-02 2.064516156679019332e-04 -3.324410691857337952e-02 4.756370186805725098e-02 1.125253960490226746e-01 -1.425711065530776978e-01 3.212449327111244202e-02 -2.961573190987110138e-02 -6.128932163119316101e-02 -1.611064071767032146e-03 3.793025156483054161e-03 -1.557929664850234985e-01 -4.740925505757331848e-02 9.302725642919540405e-02 -1.353907883167266846e-01 1.355479191988706589e-02 -9.940890967845916748e-02 -4.567011445760726929e-02 1.391125284135341644e-02 2.586004789918661118e-03 5.858538299798965454e-02 5.687983036041259766e-01 1.042232394218444824e+00 5.696918368339538574e-01 9.427879750728607178e-02
-3.334907293319702148e-01 -2.407398670911788940e-01 -3.511402606964111328e-01 -3.362389206886291504e-01 -6.937953084707260132e-02 -9.101521968841552734e-02 -2.476095706224441528e-01 -3.516397476196289062e-01 -3.243452310562133789e-01 6.658746278844773769e-04 -4.046792909502983093e-02 -8.435913175344467163e-02 9.728342294692993164e-02 -6.592740118503570557e-02 -1.281841397285461426e-01 -8.353288471698760986e-02 -1.438032835721969604e-01 -1.736058145761489868e-01 -1.329938471317291260e-01 -9.831179678440093994e-02 -1.084024757146835327e-01 -9.825647622346878052e-02 -8.448451757431030273e-02 -2.042414247989654541e-01 -1.358287129551172256e-02 -1.380151789635419846e-02 -3.518825024366378784e-02 -1.179403346031904221e-02 -2.265798300504684448e-02 5.873766541481018066e-01 1.023697257041931152e+00 5.696918368339538574e-01 1.046277880668640137e+00 5.618658065795898438e-01
-3.694573044776916504e-01 -1.838484555482864380e-01 -4.214700758457183838e-01 -3.024470806121826172e-01 -9.818677604198455811e-02 -7.239292562007904053e-02 -2.872927486896514893e-01 -4.062112867832183838e-01 -3.019002377986907959e-01 1.207687929272651672e-01 6.351073831319808960e-02 -4.644395783543586731e-02 1.164899766445159912e-01 -1.140801310539245605e-01 1.839306950569152832e-02 -7.722546905279159546e-02 -1.446086615324020386e-01 -1.814397275447845459e-01 -9.884520620107650757e-02 -7.748248428106307983e-02 1.613334193825721741e-02 -1.146851927042007446e-01 -5.111148208379745483e-02 -2.238823920488357544e-01 4.997332766652107239e-02 2.254474209621548653e-03 6.807964295148849487e-02 5.030000209808349609e-02 5.099930986762046814e-02 6.686288118362426758e-01 5.659475922584533691e-01 9.427879750728607178e-02 5.618658065795898438e-01 1.130049586296081543e+00
