0.000010 0.999900 0.000010 0.000010 0.000010 0.000010 0.000010 0.000010 0.000010 0.000010 0.000010
0.291577 0.701860 0.000010 0.000010 0.000010 0.000010 0.006483 0.000010 0.000010 0.000010 0.000010
0.003184 0.675161 0.000010 0.056842 0.000010 0.000010 0.032935 0.150677 0.000010 0.000010 0.081150
0.278825 0.721085 0.000010 0.000010 0.000010 0.000010 0.000010 0.000010 0.000010 0.000010 0.000010
0.000010 0.000010 0.000010 0.000010 0.000010 0.000010 0.000010 0.000010 0.000010 0.000010 0.999900
0.000010 0.000010 0.000010 0.000010 0.000010 0.000010 0.000010 0.000010 0.000010 0.000010 0.999900
0.000010 0.000010 0.000010 0.000010 0.000010 0.000010 0.000010 0.000010 0.000010 0.000010 0.999900
0.000010 0.000010 0.000010 0.000010 0.000010 0.000010 0.000010 0.000010 0.000010 0.000010 0.999900
0.999899 0.000010 0.000010 0.000010 0.000010 0.000010 0.000011 0.000010 0.000010 0.000010 0.000010
0.999900 0.000010 0.000010 0.000010 0.000010 0.000010 0.000010 0.000010 0.000010 0.000010 0.000010
0.999900 0.000010 0.000010 0.000010 0.000010 0.000010 0.000010 0.000010 0.000010 0.000010 0.000010
0.999900 0.000010 0.000010 0.000010 0.000010 0.000010 0.000010 0.000010 0.000010 0.000010 0.000010
0.000010 0.019742 0.000010 0.000010 0.000010 0.117596 0.033332 0.352632 0.001109 0.000010 0.475538
0.000010 0.040018 0.000010 0.007420 0.000010 0.114448 0.030773 0.318533 0.000010 0.000010 0.488758
0.000010 0.016238 0.000010 0.000010 0.000010 0.102915 0.029613 0.378446 0.193315 0.000010 0.279423
0.000010 0.000010 0.000010 0.003059 0.000010 0.127084 0.023039 0.324812 0.016659 0.000010 0.505297
0.000010 0.000010 0.999900 0.000010 0.000010 0.000010 0.000010 0.000010 0.000010 0.000010 0.000010
0.000010 0.000010 0.999893 0.000010 0.000010 0.000010 0.000011 0.000010 0.000016 0.000010 0.000010
0.000010 0.000010 0.999900 0.000010 0.000010 0.000010 0.000010 0.000010 0.000010 0.000010 0.000010
0.000010 0.000010 0.999900 0.000010 0.000010 0.000010 0.000010 0.000010 0.000010 0.000010 0.000010
0.000010 0.000010 0.000010 0.000010 0.000010 0.000010 0.000010 0.000010 0.999900 0.000010 0.000010
0.000010 0.000010 0.000010 0.000010 0.000010 0.000010 0.000010 0.000010 0.999900 0.000010 0.000010
0.000010 0.000010 0.000010 0.000010 0.000010 0.000010 0.000010 0.000010 0.999900 0.000010 0.000010
0.000010 0.000010 0.000010 0.000400 0.000010 0.000010 0.000010 0.000010 0.999510 0.000010 0.000010
0.000010 0.000010 0.000010 0.999900 0.000010 0.000010 0.000010 0.000010 0.000010 0.000010 0.000010
0.000010 0.999900 0.000010 0.000010 0.000010 0.000010 0.000010 0.000010 0.000010 0.000010 0.000010
0.000010 0.999900 0.000010 0.000010 0.000010 0.000010 0.000010 0.000010 0.000010 0.000010 0.000010
0.000010 0.000010 0.000010 0.000010 0.023355 0.000010 0.034418 0.942147 0.000010 0.000010 0.000010
0.000010 0.000010 0.000010 0.000010 0.143969 0.046165 0.031723 0.778074 0.000010 0.000010 0.000010
0.000010 0.000010 0.000010 0.036443 0.000010 0.185010 0.062270 0.138730 0.000010 0.000010 0.577485
0.000010 0.000010 0.000010 0.000010 0.000010 0.999900 0.000010 0.000010 0.000010 0.000010 0.000010
0.000010 0.000010 0.000010 0.000010 0.000010 0.999897 0.000013 0.000010 0.000010 0.000010 0.000010
0.000010 0.000010 0.000010 0.000010 0.000010 0.999900 0.000010 0.000010 0.000010 0.000010 0.000010
0.000010 0.000010 0.000010 0.000010 0.000010 0.999900 0.000010 0.000010 0.000010 0.000010 0.000010
0.000010 0.000010 0.000010 0.000010 0.000010 0.999900 0.000010 0.000010 0.000010 0.000010 0.000010
0.000010 0.000010 0.000010 0.000010 0.000010 0.999900 0.000010 0.000010 0.000010 0.000010 0.000010
0.000010 0.000012 0.000010 0.000010 0.000010 0.999898 0.000010 0.000010 0.000010 0.000010 0.000010
0.000010 0.999899 0.000010 0.000010 0.000010 0.000011 0.000010 0.000010 0.000010 0.000010 0.000010
0.000010 0.999900 0.000010 0.000010 0.000010 0.000010 0.000010 0.000010 0.000010 0.000010 0.000010
0.000010 0.852604 0.000010 0.000010 0.000010 0.000010 0.049546 0.097771 0.000010 0.000010 0.000010
0.000010 0.999900 0.000010 0.000010 0.000010 0.000010 0.000010 0.000010 0.000010 0.000010 0.000010
0.000010 0.999900 0.000010 0.000010 0.000010 0.000010 0.000010 0.000010 0.000010 0.000010 0.000010
0.000010 0.867704 0.000010 0.000010 0.000010 0.010985 0.050735 0.070505 0.000010 0.000010 0.000010
0.000010 0.000010 0.000010 0.000010 0.000010 0.000010 0.999900 0.000010 0.000010 0.000010 0.000010
0.000010 0.000010 0.000010 0.000010 0.000010 0.000010 0.999898 0.000012 0.000010 0.000010 0.000010
0.000010 0.000010 0.000010 0.000010 0.000010 0.000010 0.999900 0.000010 0.000010 0.000010 0.000010
0.000010 0.000010 0.000010 0.000010 0.184560 0.000010 0.000010 0.802258 0.000010 0.000010 0.013102
0.000010 0.000010 0.000010 0.000010 0.168855 0.000010 0.000010 0.831055 0.000010 0.000010 0.000010
0.000010 0.000010 0.000010 0.015621 0.195059 0.041325 0.010143 0.567935 0.000010 0.000010 0.169867
0.000010 0.000010 0.000010 0.000010 0.211128 0.000010 0.018818 0.594738 0.000010 0.000010 0.175246
0.000010 0.000010 0.000010 0.000010 0.999900 0.000010 0.000010 0.000010 0.000010 0.000010 0.000010
0.000010 0.000010 0.000010 0.000010 0.999896 0.000010 0.000014 0.000010 0.000010 0.000010 0.000010
0.000012 0.000010 0.000016 0.000010 0.999892 0.000010 0.000010 0.000010 0.000010 0.000010 0.000010
0.000010 0.000010 0.000010 0.000010 0.999891 0.000018 0.000010 0.000011 0.000010 0.000010 0.000010
0.000010 0.000010 0.000010 0.000010 0.215417 0.067537 0.000010 0.580462 0.000010 0.000010 0.136514
0.000010 0.000010 0.000010 0.999900 0.000010 0.000010 0.000010 0.000010 0.000010 0.000010 0.000010
0.000010 0.999900 0.000010 0.000010 0.000010 0.000010 0.000010 0.000010 0.000010 0.000010 0.000010
0.000010 0.999900 0.000010 0.000010 0.000010 0.000010 0.000010 0.000010 0.000010 0.000010 0.000010
0.000010 0.798513 0.000010 0.044536 0.000010 0.009060 0.000010 0.147821 0.000010 0.000010 0.000010
0.000010 0.000010 0.000010 0.026251 0.247362 0.036399 0.000010 0.268243 0.000010 0.421685 0.000010
0.000010 0.000010 0.000010 0.000010 0.222550 0.000010 0.000010 0.032863 0.000010 0.744507 0.000010
0.000010 0.000010 0.000010 0.000010 0.000010 0.000010 0.000010 0.000010 0.000010 0.999900 0.000010
0.000010 0.000012 0.000010 0.000010 0.000010 0.000010 0.000015 0.000010 0.000010 0.999893 0.000010
0.000010 0.000010 0.000010 0.000010 0.000010 0.000010 0.000015 0.000010 0.000010 0.999895 0.000010
0.000010 0.000010 0.000010 0.000014 0.174515 0.000010 0.000010 0.000010 0.000010 0.825392 0.000010
0.000010 0.000010 0.000010 0.000010 0.173062 0.000010 0.000010 0.000010 0.000010 0.826848 0.000010
0.000010 0.000010 0.000010 0.000010 0.000010 0.000010 0.000010 0.999900 0.000010 0.000010 0.000010
0.000010 0.000010 0.000010 0.000011 0.000010 0.000010 0.000010 0.999898 0.000011 0.000010 0.000010
0.000010 0.000010 0.000010 0.000010 0.000010 0.000010 0.000010 0.999900 0.000010 0.000010 0.000010
0.000010 0.000010 0.000010 0.115447 0.000010 0.044056 0.011896 0.828531 0.000010 0.000010 0.000010
0.000010 0.000010 0.000010 0.000010 0.000010 0.000010 0.000010 0.999900 0.000010 0.000010 0.000010
0.000010 0.000010 0.000010 0.254096 0.308715 0.000010 0.012100 0.033201 0.000010 0.391828 0.000010
0.000010 0.000010 0.000010 0.000010 0.133886 0.046433 0.008591 0.790828 0.000010 0.000010 0.020202
0.000010 0.000010 0.000010 0.000010 0.999900 0.000010 0.000010 0.000010 0.000010 0.000010 0.000010
0.000010 0.000010 0.000010 0.000010 0.809642 0.011423 0.000010 0.178855 0.000010 0.000010 0.000010
0.000010 0.000010 0.000010 0.000010 0.999900 0.000010 0.000010 0.000010 0.000010 0.000010 0.000010
0.000010 0.000010 0.000010 0.092617 0.035332 0.019240 0.018557 0.834195 0.000010 0.000010 0.000010
0.000010 0.000010 0.000010 0.062247 0.049283 0.000010 0.028378 0.860022 0.000010 0.000010 0.000010
0.000010 0.025912 0.000010 0.053898 0.078264 0.046339 0.012442 0.479676 0.000010 0.041799 0.261640
0.000010 0.000010 0.000010 0.999900 0.000010 0.000010 0.000010 0.000010 0.000010 0.000010 0.000010
0.000010 0.000010 0.000019 0.999875 0.000018 0.000018 0.000010 0.000010 0.000010 0.000010 0.000010
0.000010 0.000010 0.000011 0.000010 0.000010 0.000010 0.999895 0.000013 0.000010 0.000010 0.000010
0.000010 0.033537 0.000010 0.251006 0.090215 0.010843 0.000010 0.303556 0.065958 0.244845 0.000010
0.000010 0.071578 0.000010 0.003825 0.000010 0.100467 0.058778 0.675505 0.000010 0.000010 0.089796
0.000010 0.000010 0.045858 0.015727 0.193624 0.000010 0.000010 0.376480 0.000010 0.368251 0.000010
0.000010 0.000010 0.006247 0.000010 0.232592 0.000010 0.000010 0.391293 0.000010 0.369798 0.000010
0.000010 0.000010 0.040643 0.000010 0.195986 0.000010 0.000010 0.403232 0.000010 0.360069 0.000010
0.000010 0.999900 0.000010 0.000010 0.000010 0.000010 0.000010 0.000010 0.000010 0.000010 0.000010
0.000010 0.000010 0.000010 0.058953 0.274232 0.000010 0.000010 0.342510 0.000010 0.274870 0.049375
0.000010 0.000010 0.000010 0.000010 0.379482 0.000010 0.000010 0.287201 0.000010 0.333237 0.000010
0.000010 0.000010 0.000010 0.000010 0.342855 0.000010 0.000010 0.319312 0.000010 0.337753 0.000010
0.000010 0.000010 0.000010 0.013910 0.349965 0.000010 0.000010 0.344143 0.015517 0.276405 0.000010
0.000010 0.000010 0.000010 0.000010 0.408827 0.000010 0.008526 0.330844 0.000010 0.251733 0.000010
0.000010 0.000010 0.000010 0.000010 0.323673 0.000010 0.000010 0.391189 0.000010 0.285058 0.000010
0.000010 0.000010 0.000010 0.000010 0.000010 0.000010 0.000010 0.999892 0.000010 0.000018 0.000010
0.000010 0.000010 0.000010 0.000010 0.999900 0.000010 0.000010 0.000010 0.000010 0.000010 0.000010
0.000010 0.000010 0.000010 0.157381 0.266830 0.005109 0.007806 0.340897 0.002356 0.219580 0.000010
0.000010 0.054819 0.000010 0.207153 0.202173 0.023121 0.046338 0.271300 0.000010 0.195055 0.000010
0.000010 0.027248 0.000010 0.000010 0.154528 0.028795 0.009052 0.564779 0.002778 0.049503 0.163287
0.000010 0.015533 0.000010 0.208787 0.286006 0.016745 0.012209 0.215656 0.000010 0.245024 0.000010
