0.000010 0.000010 0.999920 0.000010 0.000010 0.000010 0.000010 0.000010 0.000010
0.000010 0.000010 0.957835 0.000010 0.000010 0.000010 0.000010 0.000010 0.042095
0.045584 0.149594 0.536663 0.180095 0.017109 0.000010 0.000010 0.000010 0.070925
0.000010 0.000010 0.999920 0.000010 0.000010 0.000010 0.000010 0.000010 0.000010
0.000010 0.000010 0.000010 0.000010 0.352707 0.000010 0.000010 0.000010 0.647223
0.000010 0.000010 0.000010 0.000010 0.321963 0.000010 0.000010 0.000010 0.677967
0.000010 0.000010 0.000010 0.000010 0.321740 0.000010 0.000010 0.000010 0.678190
0.000010 0.000010 0.000010 0.000010 0.316260 0.000010 0.000012 0.000010 0.683668
0.999920 0.000010 0.000010 0.000010 0.000010 0.000010 0.000010 0.000010 0.000010
0.999920 0.000010 0.000010 0.000010 0.000010 0.000010 0.000010 0.000010 0.000010
0.999920 0.000010 0.000010 0.000010 0.000010 0.000010 0.000010 0.000010 0.000010
0.999920 0.000010 0.000010 0.000010 0.000010 0.000010 0.000010 0.000010 0.000010
0.000010 0.680648 0.021577 0.000010 0.178454 0.000010 0.001364 0.000010 0.117917
0.000010 0.572420 0.049620 0.000010 0.194566 0.000010 0.014355 0.000010 0.169000
0.000010 0.815226 0.000010 0.000010 0.137641 0.000010 0.000010 0.000010 0.047073
0.000010 0.691230 0.011920 0.000010 0.189916 0.000010 0.000010 0.000010 0.106884
0.000010 0.000010 0.000010 0.000010 0.000010 0.000010 0.000010 0.999920 0.000010
0.000010 0.000010 0.000010 0.000018 0.000010 0.000010 0.000010 0.999912 0.000010
0.000010 0.000010 0.000010 0.000010 0.000010 0.000010 0.000010 0.999920 0.000010
0.000010 0.000010 0.000010 0.000010 0.000010 0.000010 0.000010 0.999920 0.000010
0.000015 0.999915 0.000010 0.000010 0.000010 0.000010 0.000010 0.000010 0.000010
0.000010 0.999920 0.000010 0.000010 0.000010 0.000010 0.000010 0.000010 0.000010
0.000010 0.999920 0.000010 0.000010 0.000010 0.000010 0.000010 0.000010 0.000010
0.000010 0.999920 0.000010 0.000010 0.000010 0.000010 0.000010 0.000010 0.000010
0.710100 0.015909 0.000010 0.000010 0.244756 0.000010 0.000010 0.000010 0.029186
0.000010 0.000010 0.999918 0.000010 0.000010 0.000010 0.000012 0.000010 0.000010
0.000010 0.000010 0.999920 0.000010 0.000010 0.000010 0.000010 0.000010 0.000010
0.000010 0.704392 0.000010 0.000014 0.016322 0.000017 0.207652 0.000010 0.071573
0.000010 0.629752 0.000010 0.000010 0.037971 0.000010 0.275246 0.000010 0.056981
0.000010 0.301641 0.000010 0.000010 0.342713 0.000010 0.002269 0.000010 0.353327
0.000010 0.000010 0.000010 0.000010 0.999920 0.000010 0.000010 0.000010 0.000010
0.000010 0.000010 0.000010 0.000016 0.999914 0.000010 0.000010 0.000010 0.000010
0.000010 0.000010 0.000010 0.000010 0.999917 0.000010 0.000013 0.000010 0.000010
0.000010 0.000010 0.000010 0.000010 0.999920 0.000010 0.000010 0.000010 0.000010
0.000010 0.000010 0.000010 0.000010 0.999920 0.000010 0.000010 0.000010 0.000010
0.000010 0.000010 0.000017 0.000010 0.999913 0.000010 0.000010 0.000010 0.000010
0.000010 0.000010 0.000010 0.000010 0.999914 0.000010 0.000016 0.000010 0.000010
0.000010 0.000010 0.999920 0.000010 0.000010 0.000010 0.000010 0.000010 0.000010
0.000010 0.000010 0.999920 0.000010 0.000010 0.000010 0.000010 0.000010 0.000010
0.000010 0.067959 0.880497 0.000010 0.004964 0.000010 0.000010 0.000010 0.046531
0.000016 0.000010 0.999910 0.000014 0.000010 0.000010 0.000010 0.000010 0.000010
0.000010 0.000010 0.999920 0.000010 0.000010 0.000010 0.000010 0.000010 0.000010
0.000010 0.076718 0.892432 0.000010 0.024732 0.000010 0.000010 0.000010 0.006068
0.000010 0.000010 0.000010 0.000017 0.000010 0.000010 0.000010 0.000010 0.999913
0.000010 0.000010 0.000010 0.000010 0.000010 0.000010 0.000010 0.000010 0.999920
0.000010 0.000010 0.000010 0.000010 0.000010 0.000010 0.000010 0.000010 0.999920
0.000010 0.660838 0.000010 0.000010 0.005439 0.000010 0.333662 0.000010 0.000010
0.000010 0.679535 0.000010 0.000010 0.000010 0.000010 0.320395 0.000010 0.000010
0.000010 0.506746 0.000010 0.000010 0.071971 0.106808 0.233239 0.000010 0.081197
0.000014 0.481258 0.000010 0.000010 0.061645 0.087630 0.271754 0.000010 0.097669
0.000010 0.000010 0.000010 0.000010 0.000010 0.000010 0.999920 0.000010 0.000010
0.000010 0.000010 0.000010 0.000010 0.000010 0.000010 0.999916 0.000014 0.000010
0.000010 0.000010 0.000010 0.000010 0.000010 0.000010 0.999920 0.000010 0.000010
0.000010 0.000010 0.000010 0.000010 0.000010 0.000010 0.999920 0.000010 0.000010
0.000010 0.507358 0.000010 0.000010 0.107251 0.082304 0.255903 0.000010 0.047144
0.999920 0.000010 0.000010 0.000010 0.000010 0.000010 0.000010 0.000010 0.000010
0.000010 0.000010 0.999916 0.000014 0.000010 0.000010 0.000010 0.000010 0.000010
0.000010 0.000010 0.999920 0.000010 0.000010 0.000010 0.000010 0.000010 0.000010
0.013954 0.144619 0.808328 0.000010 0.033049 0.000010 0.000010 0.000010 0.000010
0.000010 0.000010 0.000010 0.000010 0.000010 0.999920 0.000010 0.000010 0.000010
0.000010 0.000010 0.000010 0.336512 0.000010 0.595001 0.068428 0.000010 0.000010
0.000010 0.000010 0.000010 0.999916 0.000010 0.000014 0.000010 0.000010 0.000010
0.000010 0.000010 0.000018 0.999911 0.000010 0.000011 0.000010 0.000010 0.000010
0.000010 0.000010 0.000020 0.999910 0.000010 0.000010 0.000010 0.000010 0.000010
0.000017 0.000010 0.000010 0.422039 0.000010 0.558187 0.019708 0.000010 0.000010
0.000010 0.000010 0.000010 0.430901 0.000010 0.558816 0.010224 0.000010 0.000010
0.000010 0.871225 0.000010 0.000010 0.000010 0.000010 0.128705 0.000010 0.000010
0.000010 0.886059 0.000010 0.000010 0.000010 0.000010 0.113871 0.000010 0.000010
0.000010 0.865357 0.000010 0.000010 0.000010 0.000010 0.134573 0.000010 0.000010
0.025094 0.830277 0.000010 0.000010 0.054583 0.000010 0.089995 0.000010 0.000010
0.000010 0.899589 0.000010 0.000010 0.000010 0.000010 0.100341 0.000010 0.000010
0.158251 0.000010 0.000010 0.107723 0.000010 0.570058 0.163917 0.000010 0.000010
0.000014 0.564029 0.000010 0.000018 0.064683 0.108422 0.221713 0.000010 0.041101
0.000010 0.000010 0.000010 0.000010 0.000010 0.000010 0.999920 0.000010 0.000010
0.000010 0.000010 0.000010 0.000010 0.052028 0.137725 0.810187 0.000010 0.000010
0.000010 0.000010 0.000010 0.000010 0.000010 0.000010 0.999920 0.000010 0.000010
0.000010 0.732765 0.000010 0.000010 0.053810 0.000010 0.213365 0.000010 0.000010
0.000010 0.665764 0.000010 0.000010 0.000010 0.080326 0.207324 0.000010 0.046537
0.000013 0.420224 0.029538 0.000010 0.123729 0.202063 0.090929 0.000010 0.133482
0.000010 0.000010 0.000010 0.000010 0.000010 0.999920 0.000010 0.000010 0.000010
0.999918 0.000010 0.000010 0.000010 0.000010 0.000010 0.000010 0.000012 0.000010
0.000010 0.000010 0.000011 0.000013 0.000010 0.000010 0.000010 0.000010 0.999916
0.000010 0.000010 0.016183 0.000010 0.086008 0.897750 0.000010 0.000010 0.000010
0.000010 0.912719 0.000010 0.000010 0.083730 0.000010 0.000010 0.000010 0.003491
0.000010 0.000010 0.000010 0.000010 0.000010 0.999920 0.000010 0.000010 0.000010
0.000010 0.000010 0.000010 0.000010 0.000010 0.999920 0.000010 0.000010 0.000010
0.000010 0.000010 0.000010 0.000010 0.000010 0.999920 0.000010 0.000010 0.000010
0.000010 0.000010 0.999920 0.000010 0.000010 0.000010 0.000010 0.000010 0.000010
0.000010 0.101543 0.000010 0.000010 0.036994 0.679834 0.181578 0.000010 0.000010
0.000010 0.000010 0.000010 0.000010 0.000010 0.776841 0.223089 0.000010 0.000010
0.000010 0.000010 0.000010 0.000010 0.000010 0.833815 0.166115 0.000010 0.000010
0.000010 0.050940 0.000010 0.000010 0.000010 0.687946 0.261054 0.000010 0.000010
0.000010 0.000010 0.000010 0.000010 0.000010 0.694609 0.305321 0.000010 0.000010
0.000013 0.000010 0.000010 0.000010 0.006691 0.742567 0.250680 0.000010 0.000010
0.000010 0.575239 0.000010 0.000010 0.000010 0.275106 0.149595 0.000010 0.000010
0.000010 0.000010 0.000010 0.000010 0.000010 0.000010 0.999920 0.000010 0.000010
0.050669 0.124733 0.000010 0.007177 0.037049 0.561569 0.207853 0.000010 0.010930
0.111567 0.153376 0.045219 0.057150 0.057846 0.350519 0.164786 0.000010 0.059526
0.000010 0.521237 0.012543 0.025017 0.073654 0.070974 0.216020 0.000010 0.080537
0.133913 0.052015 0.011239 0.056447 0.053408 0.454089 0.222866 0.000010 0.016012
