0.000010 0.000010 0.999940 0.000010 0.000010 0.000010 0.000010
0.000010 0.045189 0.954761 0.000010 0.000010 0.000010 0.000010
0.074751 0.054860 0.701873 0.033111 0.000010 0.135384 0.000010
0.000010 0.019720 0.980230 0.000010 0.000010 0.000010 0.000010
0.000010 0.000010 0.000010 0.000010 0.000010 0.999940 0.000010
0.000010 0.000010 0.000010 0.000010 0.000010 0.999940 0.000010
0.000010 0.000010 0.000010 0.000010 0.000010 0.999940 0.000010
0.000010 0.000010 0.000010 0.000010 0.000010 0.999940 0.000010
0.000010 0.061229 0.354389 0.000248 0.584105 0.000010 0.000010
0.000010 0.039255 0.236351 0.000010 0.724354 0.000010 0.000010
0.000010 0.048808 0.338138 0.032479 0.580544 0.000010 0.000010
0.000010 0.084410 0.288441 0.004427 0.550706 0.000010 0.071997
0.138174 0.079386 0.026778 0.145229 0.000010 0.610413 0.000010
0.177483 0.073800 0.039976 0.156169 0.000010 0.552552 0.000010
0.140251 0.081182 0.011096 0.111869 0.000010 0.655582 0.000010
0.141303 0.060318 0.000010 0.135246 0.000010 0.663103 0.000010
0.000010 0.000010 0.000010 0.000010 0.999940 0.000010 0.000010
0.000019 0.000010 0.000010 0.000011 0.999931 0.000010 0.000010
0.000010 0.000010 0.000010 0.000010 0.999940 0.000010 0.000010
0.000010 0.000010 0.000010 0.000010 0.999940 0.000010 0.000010
0.000010 0.000010 0.000010 0.000010 0.000010 0.999940 0.000010
0.000010 0.000010 0.000010 0.000010 0.000010 0.999940 0.000010
0.000010 0.000010 0.000010 0.000010 0.000010 0.999940 0.000010
0.000010 0.000010 0.000010 0.000010 0.000010 0.999940 0.000010
0.000010 0.083637 0.067425 0.394550 0.000010 0.183417 0.270951
0.000010 0.000010 0.999937 0.000013 0.000010 0.000010 0.000010
0.000010 0.000010 0.999940 0.000010 0.000010 0.000010 0.000010
0.570986 0.155305 0.000010 0.051045 0.000010 0.222634 0.000010
0.610904 0.105280 0.000010 0.074496 0.000010 0.209289 0.000010
0.078681 0.086680 0.000010 0.254473 0.000010 0.580137 0.000010
0.000010 0.000010 0.000014 0.999936 0.000010 0.000010 0.000010
0.000010 0.000010 0.000010 0.999940 0.000010 0.000010 0.000010
0.000010 0.000012 0.000010 0.999938 0.000010 0.000010 0.000010
0.000010 0.000010 0.000010 0.999940 0.000010 0.000010 0.000010
0.000010 0.000010 0.000010 0.999940 0.000010 0.000010 0.000010
0.000010 0.000010 0.000010 0.999940 0.000010 0.000010 0.000010
0.000010 0.000010 0.000010 0.999939 0.000010 0.000011 0.000010
0.000010 0.000010 0.999940 0.000010 0.000010 0.000010 0.000010
0.000010 0.000010 0.999940 0.000010 0.000010 0.000010 0.000010
0.015372 0.079480 0.896095 0.009023 0.000010 0.000010 0.000010
0.000010 0.000010 0.999940 0.000010 0.000010 0.000010 0.000010
0.000010 0.000010 0.999940 0.000010 0.000010 0.000010 0.000010
0.000010 0.075718 0.900637 0.023605 0.000010 0.000010 0.000010
0.000010 0.999940 0.000010 0.000010 0.000010 0.000010 0.000010
0.000010 0.999936 0.000010 0.000014 0.000010 0.000010 0.000010
0.000010 0.999938 0.000010 0.000012 0.000010 0.000010 0.000010
0.683211 0.053864 0.000010 0.048270 0.000010 0.214625 0.000010
0.699956 0.071234 0.000010 0.031930 0.000010 0.196850 0.000010
0.525593 0.070851 0.000010 0.076864 0.000010 0.326662 0.000010
0.576245 0.082024 0.000010 0.039236 0.000010 0.302464 0.000010
0.999940 0.000010 0.000010 0.000010 0.000010 0.000010 0.000010
0.999934 0.000010 0.000013 0.000014 0.000010 0.000010 0.000010
0.999937 0.000010 0.000010 0.000013 0.000010 0.000010 0.000010
0.999933 0.000015 0.000010 0.000010 0.000010 0.000012 0.000010
0.562057 0.072846 0.000010 0.109197 0.000010 0.255870 0.000010
0.000010 0.068520 0.071717 0.537964 0.000010 0.000010 0.321769
0.000010 0.000010 0.999940 0.000010 0.000010 0.000010 0.000010
0.000010 0.000010 0.999940 0.000010 0.000010 0.000010 0.000010
0.037475 0.034348 0.834903 0.056186 0.000010 0.037068 0.000010
0.495063 0.009186 0.000010 0.058647 0.000010 0.000010 0.437074
0.311591 0.000010 0.000010 0.000010 0.000010 0.000010 0.688359
0.000010 0.000010 0.000010 0.000010 0.000010 0.000010 0.999940
0.000011 0.000010 0.000011 0.000020 0.000010 0.000010 0.999928
0.000011 0.000011 0.000011 0.000012 0.000010 0.000010 0.999935
0.221349 0.000010 0.000010 0.000010 0.000010 0.000010 0.778601
0.210792 0.000010 0.000010 0.000019 0.000010 0.000010 0.789149
0.763306 0.143009 0.000010 0.093645 0.000010 0.000010 0.000010
0.771277 0.140658 0.000010 0.088024 0.000010 0.000010 0.000010
0.744679 0.126378 0.000010 0.128903 0.000010 0.000010 0.000010
0.498806 0.136152 0.040511 0.168298 0.000010 0.156212 0.000010
0.740693 0.119626 0.000010 0.104374 0.000010 0.035277 0.000010
0.380557 0.029884 0.000161 0.060348 0.000010 0.000010 0.529030
0.621789 0.094131 0.000010 0.075747 0.000010 0.208303 0.000010
0.999940 0.000010 0.000010 0.000010 0.000010 0.000010 0.000010
0.992546 0.000010 0.000010 0.007404 0.000010 0.000010 0.000010
0.999940 0.000010 0.000010 0.000010 0.000010 0.000010 0.000010
0.582045 0.141709 0.009298 0.130308 0.000010 0.136620 0.000010
0.589447 0.160187 0.000010 0.089850 0.000010 0.150206 0.010290
0.363387 0.065402 0.032273 0.112003 0.000010 0.376917 0.050007
0.000010 0.000010 0.000010 0.000010 0.000010 0.000010 0.999940
0.000010 0.000010 0.128716 0.582821 0.000010 0.000010 0.288423
0.000010 0.999940 0.000010 0.000010 0.000010 0.000010 0.000010
0.275315 0.032040 0.060409 0.109618 0.000010 0.169167 0.353441
0.241459 0.151373 0.081691 0.130485 0.000010 0.394972 0.000010
0.539802 0.029668 0.000010 0.004960 0.050113 0.000010 0.375437
0.600129 0.028985 0.000010 0.000010 0.000010 0.000010 0.370846
0.576486 0.037619 0.000010 0.000010 0.035234 0.000010 0.350631
0.000010 0.000015 0.999930 0.000014 0.000010 0.000010 0.000010
0.564051 0.004464 0.000010 0.052889 0.000010 0.096344 0.282231
0.693953 0.000010 0.000010 0.000010 0.000010 0.000010 0.305997
0.657538 0.000203 0.000010 0.000010 0.000010 0.000010 0.342219
0.682139 0.024141 0.008701 0.026980 0.000010 0.000010 0.258019
0.730134 0.031348 0.000010 0.000010 0.000010 0.000010 0.238477
0.694008 0.015576 0.000010 0.026417 0.000010 0.000010 0.263970
0.745053 0.096472 0.000010 0.000010 0.000010 0.158435 0.000010
0.999940 0.000010 0.000010 0.000010 0.000010 0.000010 0.000010
0.518196 0.046001 0.012942 0.074778 0.000010 0.058546 0.289526
0.376114 0.081135 0.069916 0.104936 0.000010 0.074247 0.293642
0.492923 0.081076 0.023668 0.060404 0.000010 0.327082 0.014837
0.454280 0.040759 0.039236 0.107376 0.000010 0.000010 0.358329
