0.00000000099999999882 0.00000000099999999882 0.00000000099999999882 0.00000000099999999882 0.00000000099999999882 0.99999999399999983662 0.00000000099999999882 
0.00000000099999999875 0.00000000099999999875 0.00000000099999999875 0.00000000099999999875 0.00000000099999999875 0.99999999399999994765 0.00000000099999999875 
0.00000000099999999875 0.00000000099999999875 0.00000000099999999875 0.00000000099999999875 0.00000000099999999875 0.99999999399999994765 0.00000000099999999875 
0.09056197750862361728 0.62096377334553021221 0.09235572344627070163 0.11906971574294837601 0.00000019188951725479 0.00000003417366530446 0.07704858389344444725 
0.06980310869989583833 0.63092863158484968622 0.09758237377305976901 0.12301579019205358123 0.00000164817737676464 0.00000001213167755820 0.07866843544108673147 
0.00000000099999999965 0.00000000099999999965 0.00000000099999999965 0.00000000099999999965 0.00000000099999999965 0.00000000099999999965 0.99999999400000005867 
0.00000000099999999983 0.00000000099999999983 0.00000000099999999983 0.00000000099999999983 0.00000000099999999983 0.00000000099999999983 0.99999999399999994765 
0.00000000099999999999 0.10510437784455134436 0.01082368634222083403 0.00000000099999999999 0.00625437963997983130 0.00000000099999999999 0.87781755317324794419 
0.00000000099999999974 0.00000000099999999974 0.00000000099999999974 0.00000000099999999974 0.00000000099999999974 0.00000000099999999974 0.99999999399999994765 
0.00000000099999999975 0.00000000099999999975 0.00000000099999999975 0.00000000099999999975 0.00000000099999999975 0.00000000099999999975 0.99999999400000005867 
0.00000000099999999984 0.00000000099999999984 0.00000000099999999984 0.00000000099999999984 0.00000000099999999984 0.00000000099999999984 0.99999999399999994765 
0.02070094056958232329 0.09721459607072856224 0.00044862046351183958 0.00000000100000000000 0.00631287655668919846 0.00000000100000000000 0.87532296433948808545 
0.00000000099999999970 0.00000000099999999970 0.00000000099999999970 0.00000000099999999970 0.00000000099999999970 0.00000000099999999970 0.99999999400000005867 
0.00000000099999999984 0.00000000099999999984 0.00000000099999999984 0.00000000099999999984 0.00000000099999999984 0.00000000099999999984 0.99999999399999994765 
0.00000000099999999998 0.07237446390491840409 0.00000000099999999998 0.00000000099999999998 0.02308667075549342487 0.00000000099999999998 0.90453886133958816274 
0.00664277561958955768 0.39058310273588481287 0.01324975727462101432 0.58952436136990460369 0.00000000099999999992 0.00000000099999999992 0.00000000099999999992 
0.00000000100000000000 0.13818198809081849721 0.00055333085295360324 0.67125088693193379896 0.08948660045224891835 0.02592711425668287745 0.07460007841536238360 
0.00000000099999999999 0.20595375048426314835 0.00000005071642308774 0.75032332319844952107 0.00193850263360898552 0.00000000099999999999 0.04178437096725531874 
0.00000000099999999998 0.21097942530553925877 0.00000000099999999998 0.76249060964180670474 0.00000000099999999998 0.00000000099999999998 0.02652996105265414267 
0.00000000099999999999 0.22645611117583527849 0.00000000099999999999 0.72887826704165026293 0.00281415129736907899 0.00000000099999999999 0.04185146748514539938 
0.00000000100000000000 0.14974697339078679725 0.00215192851057500545 0.75030551666165978819 0.04370416025418560890 0.00372029479077873402 0.05037112539201414607 
0.00000000099999999999 0.06154745028626625730 0.00000000099999999999 0.83369039172236791835 0.05829847668885376061 0.01190054852983930996 0.03456313077267270800 
0.00000000100000000000 0.21425624700212048124 0.00502132154441176700 0.72632000413247699289 0.02422779376736640053 0.00739142827766824714 0.02278320427595614470 
0.00000000099999999998 0.11219433953325816389 0.00000000099999999998 0.88349659129719171347 0.00430906516955003281 0.00000000099999999998 0.00000000099999999998 
0.00000000099999999998 0.14926298161575421442 0.00000000099999999998 0.84482178219106474071 0.00491808117837427925 0.00000000099999999998 0.00099715201480664577 
0.00000000100000000000 0.19314522635778483273 0.00000294618286510729 0.76952387746881689701 0.01628926785002841882 0.00000000100000000000 0.02103868014050455995 
0.00000000099999999999 0.15779363510013411087 0.00000000099999999999 0.83811454817286834551 0.00218363951526652890 0.00000000099999999999 0.00190817421173105533 
0.00157803477172930402 0.18473867559733336829 0.00146575895777066373 0.80358285067242274380 0.00318600634223838858 0.00000000100000000000 0.00544867265850560410 
0.04649242158090820948 0.53144179465355567693 0.03719381275743319920 0.23021031059450658418 0.00000000099999999999 0.00000000099999999999 0.15466165841359649780 
0.00000000099999999987 0.99999999400000016969 0.00000000099999999987 0.00000000099999999987 0.00000000099999999987 0.00000000099999999987 0.00000000099999999987 
0.00000000099999999988 0.99999999400000005867 0.00000000099999999988 0.00000000099999999988 0.00000000099999999988 0.00000000099999999988 0.00000000099999999988 
0.00000000099999999990 0.99999999400000005867 0.00000000099999999990 0.00000000099999999990 0.00000000099999999990 0.00000000099999999990 0.00000000099999999990 
0.00000000099999999989 0.99999999400000005867 0.00000000099999999989 0.00000000099999999989 0.00000000099999999989 0.00000000099999999989 0.00000000099999999989 
0.00000000099999999989 0.99999999400000016969 0.00000000099999999989 0.00000000099999999989 0.00000000099999999989 0.00000000099999999989 0.00000000099999999989 
0.00000000099999999979 0.99999999400000016969 0.00000000099999999979 0.00000000099999999979 0.00000000099999999979 0.00000000099999999979 0.00000000099999999979 
0.00000000099999999980 0.99999999400000016969 0.00000000099999999980 0.00000000099999999980 0.00000000099999999980 0.00000000099999999980 0.00000000099999999980 
0.00000000099999999998 0.20469249071780268312 0.00000000099999999998 0.07850282398192133526 0.42526274678148129338 0.11808967106994039398 0.17345226544885428144 
0.01543625327988495423 0.27915135509232624766 0.00092025791611187165 0.19219335230359399502 0.29037597366284195743 0.08196825246559832912 0.13995455527964256737 
0.00400372977016705527 0.27363733146117852346 0.00000000099999999999 0.07276252500193718109 0.40187848487243760243 0.09228518215221326315 0.15543274574206636385 
0.01524127373049163035 0.38716980570787473681 0.00993088693887899700 0.57146939200471258413 0.00000000099999999997 0.00000000099999999997 0.01618863961804214990 
0.02178405328508689620 0.35895150866882141738 0.01163002388582095974 0.60379082039851883490 0.00000000099999999998 0.00000000099999999998 0.00384359176175190151 
0.01589369301579268354 0.38689201486996344093 0.02351018800783435947 0.49722506560618356941 0.00393519815661495364 0.00486443521946385536 0.06767940512414724608 
0.03008608588445667309 0.34927104795279823035 0.00873382875626399491 0.55666920065662062189 0.00000000100000000000 0.00000000100000000000 0.05523983474986047387 
0.00000000099999999997 0.00114032510438342571 0.00000000099999999997 0.99885966989561658647 0.00000000099999999997 0.00000000099999999997 0.00000000099999999997 
0.00000000099999999980 0.00000000099999999980 0.00000000099999999980 0.99999999400000005867 0.00000000099999999980 0.00000000099999999980 0.00000000099999999980 
0.00000000099999999982 0.00000000099999999982 0.00000000099999999982 0.99999999399999994765 0.00000000099999999982 0.00000000099999999982 0.00000000099999999982 
0.00000000099999999982 0.00000000099999999982 0.00000000099999999982 0.99999999400000005867 0.00000000099999999982 0.00000000099999999982 0.00000000099999999982 
0.01568408177744394852 0.36400099276961966899 0.02479135676364371821 0.53656717576596002495 0.00336911348987390009 0.00855956871890661136 0.04702771071455209839 
0.00000000099999999998 0.04926755899086985441 0.00000000099999999998 0.70313997212044176965 0.11701158981614789845 0.04140782478842516823 0.08917305228411522011 
0.02261381234597328177 0.40579485723296904176 0.01783201119802892490 0.55350313427585595694 0.00000000099999999996 0.00000000099999999996 0.00025618294717290774 
0.00000000099999999994 0.00000000099999999994 0.00000000099999999994 0.99999999400000005867 0.00000000099999999994 0.00000000099999999994 0.00000000099999999994 
0.00120127800854840034 0.16152451530239614330 0.00356030845795354866 0.66732103325919600589 0.08568317030159619541 0.02933962539720899251 0.05137006927310083099 
0.01265461848760355591 0.21292938566169866688 0.00839226037089253925 0.55120925951114829733 0.09408693709300657015 0.03535170511008421668 0.08537583376556603931 
0.01742735759756942199 0.36436896574352983791 0.03074663633803446927 0.51176608868864403856 0.00200021152791725115 0.00347944099972555222 0.07021129910457936385 
0.00540436267958294050 0.09840052029122525745 0.00001833588465001006 0.89617677814454177465 0.00000000099999999998 0.00000000099999999998 0.00000000099999999998 
0.00000000099999999996 0.00000237759935236919 0.00000000099999999996 0.99999761740064774251 0.00000000099999999996 0.00000000099999999996 0.00000000099999999996 
0.00000000099999999991 0.00000000099999999991 0.00000000099999999991 0.99999999399999994765 0.00000000099999999991 0.00000000099999999991 0.00000000099999999991 
0.01006389633229271864 0.40379784205217511550 0.01412001112757621697 0.49622640169326936999 0.02969316613162872528 0.02224005698731681621 0.02385862567574108251 
0.01942100069381001715 0.40323290398414990410 0.02257348508749492527 0.49223806159767780066 0.04301288076806815408 0.00980389340537601330 0.00971777446342326004 
0.02551841653993281930 0.41646853375948700293 0.02866252484310102822 0.42377761272419944838 0.01445270093534549612 0.00528927519599576255 0.08583093600193833494 
0.00000000099999999998 0.17112567809627529658 0.00000000099999999998 0.58673589772355105865 0.15875335279243696363 0.02549732564890613146 0.05788774373883062013 
0.01756980338826029386 0.46083387038559886495 0.02066864517928250489 0.47862880190873363651 0.00000000099999999995 0.00000000099999999995 0.02229887713812482922 
0.01873141200874741188 0.41908276410805261891 0.02001912361145060867 0.53100702821591561076 0.00000000099999999998 0.00000000099999999998 0.01115967005583359990 
0.00000000099999999977 0.00000000099999999977 0.00000000099999999977 0.00000000099999999977 0.00000000099999999977 0.00000000099999999977 0.99999999400000005867 
0.00000000099999999976 0.00000000099999999976 0.00000000099999999976 0.00000000099999999976 0.00000000099999999976 0.00000000099999999976 0.99999999400000005867 
0.00000000099999999991 0.99999999400000005867 0.00000000099999999991 0.00000000099999999991 0.00000000099999999991 0.00000000099999999991 0.00000000099999999991 
0.00000000099999999995 0.00000000099999999995 0.00000000099999999995 0.90093996019818634036 0.08128977018887732775 0.01777026561293637563 0.00000000099999999995 
0.00000000099999999993 0.00000000099999999993 0.00000000099999999993 0.89945261000917697825 0.08359506988890232082 0.01695231610192067181 0.00000000099999999993 
0.00000000099999999996 0.00000000099999999996 0.00000000099999999996 0.86154803483973452227 0.10502708615210137877 0.02151722469902182452 0.01190765130914217887 
0.00000000099999999999 0.01781774304895642966 0.00000000099999999999 0.84078572250943983679 0.06501650082175228218 0.01805987074922820596 0.05832016087062320830 
0.00000000100000000000 0.01389369344093694704 0.00000000100000000000 0.84617259248555731777 0.06680434274777591330 0.01424496136457300242 0.05888440796115695930 
0.02432037141185004747 0.52878831368227940946 0.01875623354203400164 0.20369950132581557400 0.06778354368185085521 0.03001091002158593618 0.12664112633458424195 
0.00000000099999999934 0.00000000099999999934 0.00000000099999999934 0.00000000099999999934 0.99999999400000005867 0.00000000099999999934 0.00000000099999999934 
0.00000000099999999936 0.00000000099999999936 0.00000000099999999936 0.00000000099999999936 0.99999999399999994765 0.00000000099999999936 0.00000000099999999936 
0.00000000099999999938 0.00000000099999999938 0.00000000099999999938 0.00000000099999999938 0.99999999400000005867 0.00000000099999999938 0.00000000099999999938 
0.00000000099999999929 0.00000000099999999929 0.00000000099999999929 0.00000000099999999929 0.99999999400000005867 0.00000000099999999929 0.00000000099999999929 
0.00000000099999999933 0.00000000099999999933 0.00000000099999999933 0.00000000099999999933 0.99999999399999994765 0.00000000099999999933 0.00000000099999999933 
0.00000000099999999931 0.00000000099999999931 0.00000000099999999931 0.00000000099999999931 0.99999999400000005867 0.00000000099999999931 0.00000000099999999931 
0.99999999399999994765 0.00000000099999999896 0.00000000099999999896 0.00000000099999999896 0.00000000099999999896 0.00000000099999999896 0.00000000099999999896 
0.99999999399999994765 0.00000000099999999888 0.00000000099999999888 0.00000000099999999888 0.00000000099999999888 0.00000000099999999888 0.00000000099999999888 
0.00000000099999999895 0.00000000099999999895 0.99999999399999983662 0.00000000099999999895 0.00000000099999999895 0.00000000099999999895 0.00000000099999999895 
0.00000000099999999894 0.00000000099999999894 0.99999999399999994765 0.00000000099999999894 0.00000000099999999894 0.00000000099999999894 0.00000000099999999894 
0.00000000099999999987 0.16915318895032668833 0.83084680604967342532 0.00000000099999999987 0.00000000099999999987 0.00000000099999999987 0.00000000099999999987 
0.99999999399999994765 0.00000000099999999894 0.00000000099999999894 0.00000000099999999894 0.00000000099999999894 0.00000000099999999894 0.00000000099999999894 
0.00000000099999999904 0.00000000099999999904 0.99999999399999994765 0.00000000099999999904 0.00000000099999999904 0.00000000099999999904 0.00000000099999999904 
0.49201874681231388964 0.00000000099999999928 0.50798124818768630728 0.00000000099999999928 0.00000000099999999928 0.00000000099999999928 0.00000000099999999928 
0.50084633231036645995 0.00000000099999999927 0.49915366268963373697 0.00000000099999999927 0.00000000099999999927 0.00000000099999999927 0.00000000099999999927 
0.52475067802733665889 0.00000000099999999923 0.47524931697266348252 0.00000000099999999923 0.00000000099999999923 0.00000000099999999923 0.00000000099999999923 
0.50358592786246203499 0.00000000099999999925 0.49641406713753821744 0.00000000099999999925 0.00000000099999999925 0.00000000099999999925 0.00000000099999999925 
0.50741312619413658780 0.00000000099999999925 0.49258686880586349810 0.00000000099999999925 0.00000000099999999925 0.00000000099999999925 0.00000000099999999925 
0.48979983108193764219 0.00000000099999999930 0.51020016391806244371 0.00000000099999999930 0.00000000099999999930 0.00000000099999999930 0.00000000099999999930 
0.44282810647946824201 0.00000000099999999928 0.55717188852053178838 0.00000000099999999928 0.00000000099999999928 0.00000000099999999928 0.00000000099999999928 
0.00077976093626266787 0.28380583862535174733 0.00059179430750142773 0.51640443354387954855 0.07855427828805748580 0.02007860821751065658 0.09978528608143640011 
0.00000000099999999992 0.99999999400000005867 0.00000000099999999992 0.00000000099999999992 0.00000000099999999992 0.00000000099999999992 0.00000000099999999992 
0.00000000099999999993 0.99999999400000005867 0.00000000099999999993 0.00000000099999999993 0.00000000099999999993 0.00000000099999999993 0.00000000099999999993 
0.00000000099999999993 0.99999999400000016969 0.00000000099999999993 0.00000000099999999993 0.00000000099999999993 0.00000000099999999993 0.00000000099999999993 
0.00397073345190319255 0.45262875657199902468 0.01711750365736088714 0.52628300331873700824 0.00000000099999999995 0.00000000099999999995 0.00000000099999999995 
0.00492306762076655594 0.44942922216301128824 0.01915875317027593977 0.52648895404594620029 0.00000000099999999995 0.00000000099999999995 0.00000000099999999995 
0.02984968336681430301 0.43009865029865834707 0.01424126189173734007 0.39936067020656501603 0.06200120920061340940 0.01835786715855157805 0.04609065787705984157 
0.00312649977756600554 0.45437600472467942758 0.01481781222455231389 0.52767968027320233393 0.00000000099999999997 0.00000000099999999997 0.00000000099999999997 
0.01312231399568572661 0.45316808370363548253 0.01189111239757060720 0.52181848690310816963 0.00000000099999999996 0.00000000099999999996 0.00000000099999999996 
