0.99999999800000005656 0.00000000099999999987 0.00000000099999999987 
0.99999999799999994554 0.00000000099999999993 0.00000000099999999993 
0.93771503353941454417 0.00000000100000000000 0.06228496546058550493 
0.99999999799999994554 0.00000000099999999990 0.00000000099999999990 
0.99999999800000005656 0.00000000099999999990 0.00000000099999999990 
0.99999999799999994554 0.00000000099999999992 0.00000000099999999992 
0.93028564289660786724 0.01312719136654768963 0.05658716573684450385 
0.99999999800000005656 0.00000000099999999988 0.00000000099999999988 
0.99999999800000005656 0.00000000099999999993 0.00000000099999999993 
0.98369328829603208675 0.00000000099999999999 0.01630671070396794153 
0.00418997757353849112 0.81370614690171449990 0.18210387552474707751 
0.05245023602353798831 0.80289521533261098973 0.14465454864385110523 
0.03307400977558338367 0.83608426686012748963 0.13084172336428914751 
0.15972778488642255801 0.67568409286057362628 0.16458812225300376020 
0.13150305808481871361 0.71862472554509559952 0.14987221637008568687 
0.00000000099999999989 0.99999999799999994554 0.00000000099999999989 
0.00000000099999999989 0.99999999800000005656 0.00000000099999999989 
0.00000000099999999989 0.99999999800000005656 0.00000000099999999989 
0.13689649763631089874 0.70283199470393742381 0.16027150765975159419 
0.06137174176705311596 0.76870400594751753243 0.16992425228542934468 
0.15409289056950306596 0.69041068195230836935 0.15549642747818848143 
0.00000000099999999994 0.99999999799999994554 0.00000000099999999994 
0.05697943254005786995 0.78942382099371344317 0.15359674646622875627 
0.99999999800000005656 0.00000000099999999991 0.00000000099999999991 
0.00000000099999999980 0.00000000099999999980 0.99999999799999994554 
0.24990464949148102902 0.56405317134269628010 0.18604217916582252434 
0.00000000099999999980 0.00000000099999999980 0.99999999800000005656 
0.00000000099999999985 0.00000000099999999985 0.99999999799999994554 
0.00000000099999999984 0.00000000099999999984 0.99999999800000005656 
0.00000000099999999999 0.87805776675676239229 0.12194223224323753885 
0.00000000099999999999 0.87389851159638687328 0.12610148740361318276 
0.12860008148299503783 0.71829024470376579004 0.15310967381323917214 
0.00000000099999999999 0.88348961969289696583 0.11651037930710311796 
0.00000000099999999999 0.87502599693300286976 0.12497400206699708913 
