0.99999999800000005656 0.00000000099999999988 0.00000000099999999988 
0.99999999800000005656 0.00000000099999999994 0.00000000099999999994 
0.84977149907224791558 0.05601344960896417063 0.09421505131878792072 
0.99999999799999994554 0.00000000099999999990 0.00000000099999999990 
0.99999999799999994554 0.00000000099999999991 0.00000000099999999991 
0.99999999799999994554 0.00000000099999999994 0.00000000099999999994 
0.84428211853617640692 0.07684077614406117918 0.07887710531976234452 
0.99999999800000005656 0.00000000099999999988 0.00000000099999999988 
0.99999999800000005656 0.00000000099999999996 0.00000000099999999996 
0.90151872919036146747 0.02402006297825147810 0.07446120783138696075 
0.00433412571353725302 0.79438621920886931527 0.20127965507759326691 
0.06712062380447177123 0.76748179265310545460 0.16539758354242276028 
0.04049843211024297535 0.80781958271628417911 0.15168198517347275533 
0.17690516308208731333 0.63832836151353677945 0.18476647540437582395 
0.15011487133035142372 0.67931381200764640038 0.17057131666200217590 
0.00000000099999999988 0.99999999799999994554 0.00000000099999999988 
0.00000000099999999988 0.99999999800000005656 0.00000000099999999988 
0.00000000099999999987 0.99999999799999994554 0.00000000099999999987 
0.15956703128575988604 0.66115561255378929584 0.17927735616045073486 
0.08623142162002120359 0.72418582420869948013 0.18958275417127934404 
0.17507297929643542145 0.64842644580520047981 0.17650057489836395996 
0.00000000099999999994 0.99999999800000005656 0.00000000099999999994 
0.08121412804131759866 0.74668708984216125568 0.17209878211652124280 
0.99999999799999994554 0.00000000099999999992 0.00000000099999999992 
0.00000000099999999981 0.00000000099999999981 0.99999999800000005656 
0.25922914348478454105 0.54309461957292004541 0.19767623694229544129 
0.00000000099999999981 0.00000000099999999981 0.99999999800000005656 
0.00000000099999999985 0.00000000099999999985 0.99999999799999994554 
0.00000000099999999985 0.00000000099999999985 0.99999999800000005656 
0.00000000100000000000 0.83619452998405563449 0.16380546901594433828 
0.00000000100000000000 0.82853986443861049604 0.17146013456138950448 
0.16532879901646935217 0.65197293161109404203 0.18269826937243660581 
0.00253880249431791142 0.83635541931204437915 0.16110577819363774976 
0.00000000100000000000 0.82842088716607931165 0.17157911183392074439 
