0.00000000099999999982 0.00000000099999999982 0.00000000099999999982 0.99999999700000008485 
0.00000000099999999991 0.00000000099999999991 0.00000000099999999991 0.99999999700000008485 
0.04789206390283259895 0.00000000099999999999 0.15227915471584679841 0.79982878038132054765 
0.00000000099999999985 0.00000000099999999985 0.00000000099999999985 0.99999999700000008485 
0.00000000099999999987 0.00000000099999999987 0.00000000099999999987 0.99999999699999997382 
0.00000000099999999991 0.00000000099999999991 0.00000000099999999991 0.99999999699999997382 
0.03704305104638497270 0.00000000099999999999 0.16061276257359172193 0.80234418538002327814 
0.00000000099999999982 0.00000000099999999982 0.00000000099999999982 0.99999999700000008485 
0.00000000099999999993 0.00000000099999999993 0.00000000099999999993 0.99999999700000008485 
0.02975179844048747926 0.00000000099999999999 0.12662423385076201909 0.84362396670875050564 
0.00000000099999999997 0.00000000118659024315 0.99999999681340967506 0.00000000099999999997 
0.00000000099999999999 0.09667413100759965350 0.90332586699240025041 0.00000000099999999999 
0.00000000099999999998 0.11757525709943948689 0.88242474090056055580 0.00000000099999999998 
0.07347224252396158950 0.11028883503520986453 0.69255690242971190695 0.12368202001111673616 
0.06565110454143821550 0.15439214200199691263 0.67556457544634707091 0.10439217801021775933 
0.00000000099999999970 0.99999999700000008485 0.00000000099999999970 0.00000000099999999970 
0.00000000099999999970 0.99999999699999997382 0.00000000099999999970 0.00000000099999999970 
0.00000000099999999969 0.99999999700000008485 0.00000000099999999969 0.00000000099999999969 
0.07488992482598794131 0.14607108093741508204 0.66476186915700663516 0.11427712507959034149 
0.05141157457097971645 0.09498733626838656852 0.85360108816063362536 0.00000000100000000000 
0.07121088546655039708 0.13020246320955750075 0.66994004055751865678 0.12864661076637354253 
0.00000000099999999991 0.99999999699999997382 0.00000000099999999991 0.00000000099999999991 
0.00000000099999999999 0.06761620472078183619 0.93238379327921816486 0.00000000099999999999 
0.00000000099999999988 0.00000000099999999988 0.00000000099999999988 0.99999999699999997382 
0.99999999700000008485 0.00000000099999999973 0.00000000099999999973 0.00000000099999999973 
0.09843618426212745465 0.07155052314101835453 0.62585824595802919124 0.20415504663882505509 
0.99999999699999997382 0.00000000099999999972 0.00000000099999999972 0.00000000099999999972 
0.99999999699999997382 0.00000000099999999979 0.00000000099999999979 0.00000000099999999979 
0.99999999700000008485 0.00000000099999999978 0.00000000099999999978 0.00000000099999999978 
0.00000000099999999991 0.00000000099999999991 0.99999999699999986280 0.00000000099999999991 
0.00000000099999999992 0.00000000099999999992 0.99999999699999997382 0.00000000099999999992 
0.00445509118660061213 0.00000000099999999998 0.92424837650110147624 0.07129653131229786445 
0.00000000099999999990 0.00000000099999999990 0.99999999699999986280 0.00000000099999999990 
0.00000000099999999991 0.00000000099999999991 0.99999999699999986280 0.00000000099999999991 
