0.999920 0.000010 0.000010 0.000010 0.000010 0.000010 0.000010 0.000010 0.000010
0.913595 0.000010 0.000010 0.033963 0.052382 0.000010 0.000010 0.000010 0.000010
0.684568 0.200075 0.000010 0.028453 0.086855 0.000010 0.000010 0.000010 0.000010
0.983808 0.000010 0.000010 0.016122 0.000010 0.000010 0.000010 0.000010 0.000010
0.000010 0.000010 0.999920 0.000010 0.000010 0.000010 0.000010 0.000010 0.000010
0.000010 0.000010 0.999920 0.000010 0.000010 0.000010 0.000010 0.000010 0.000010
0.000010 0.000010 0.999920 0.000010 0.000010 0.000010 0.000010 0.000010 0.000010
0.000010 0.000010 0.999920 0.000010 0.000010 0.000010 0.000010 0.000010 0.000010
0.019807 0.831489 0.000010 0.000091 0.148563 0.000010 0.000010 0.000010 0.000010
0.060469 0.719981 0.000010 0.035051 0.150552 0.000010 0.000010 0.033906 0.000010
0.000010 0.816315 0.000010 0.008248 0.115552 0.000010 0.000010 0.059835 0.000010
0.010814 0.751451 0.000010 0.012081 0.156359 0.000010 0.000010 0.069255 0.000010
0.000010 0.000010 0.000010 0.000010 0.000010 0.999918 0.000012 0.000010 0.000010
0.000019 0.000011 0.000010 0.000010 0.000010 0.999910 0.000010 0.000010 0.000010
0.000010 0.000010 0.000010 0.000011 0.000010 0.999919 0.000010 0.000010 0.000010
0.000010 0.000010 0.000010 0.000010 0.000010 0.999920 0.000010 0.000010 0.000010
0.000010 0.000010 0.000010 0.000010 0.000010 0.000010 0.000010 0.999920 0.000010
0.000010 0.000010 0.000010 0.000010 0.000010 0.000010 0.000010 0.999920 0.000010
0.000010 0.000010 0.000010 0.000010 0.000010 0.000010 0.000010 0.999920 0.000010
0.000010 0.000010 0.000010 0.000010 0.000010 0.000010 0.000010 0.999920 0.000010
0.000010 0.000010 0.000010 0.000010 0.999920 0.000010 0.000010 0.000010 0.000010
0.999913 0.000010 0.000010 0.000017 0.000010 0.000010 0.000010 0.000010 0.000010
0.999920 0.000010 0.000010 0.000010 0.000010 0.000010 0.000010 0.000010 0.000010
0.000010 0.872891 0.000010 0.030421 0.000010 0.000010 0.000010 0.000010 0.096628
0.000010 0.791592 0.000011 0.028350 0.000011 0.000010 0.000011 0.000010 0.179995
0.999920 0.000010 0.000010 0.000010 0.000010 0.000010 0.000010 0.000010 0.000010
0.999919 0.000010 0.000010 0.000010 0.000010 0.000010 0.000011 0.000010 0.000010
0.849754 0.097973 0.000010 0.044080 0.008143 0.000010 0.000010 0.000010 0.000010
0.999920 0.000010 0.000010 0.000010 0.000010 0.000010 0.000010 0.000010 0.000010
0.999916 0.000010 0.000010 0.000010 0.000010 0.000010 0.000014 0.000010 0.000010
0.871084 0.080025 0.000010 0.048831 0.000010 0.000010 0.000010 0.000010 0.000010
0.000010 0.000010 0.000010 0.999920 0.000010 0.000010 0.000010 0.000010 0.000010
0.000010 0.000010 0.000010 0.999920 0.000010 0.000010 0.000010 0.000010 0.000010
0.000010 0.000010 0.000010 0.999920 0.000010 0.000010 0.000010 0.000010 0.000010
0.000010 0.778159 0.000010 0.000010 0.000011 0.000010 0.000011 0.000010 0.221768
0.000010 0.786119 0.000010 0.000010 0.000010 0.000010 0.000010 0.000010 0.213811
0.000010 0.704497 0.000010 0.000010 0.090893 0.000010 0.000010 0.000010 0.204550
0.000010 0.713590 0.000010 0.016704 0.045504 0.000010 0.000010 0.000010 0.224151
0.000010 0.000010 0.000010 0.000010 0.000010 0.000010 0.000010 0.000010 0.999920
0.000011 0.000010 0.000010 0.000014 0.000010 0.000010 0.000010 0.000010 0.999915
0.000010 0.000010 0.000010 0.000010 0.000010 0.000010 0.000010 0.000010 0.999920
0.000010 0.000010 0.000010 0.000010 0.000010 0.000010 0.000010 0.000010 0.999920
0.000010 0.707352 0.000010 0.000010 0.061675 0.000010 0.000010 0.000010 0.230913
0.000010 0.000010 0.000010 0.000010 0.999920 0.000010 0.000010 0.000010 0.000010
0.999920 0.000010 0.000010 0.000010 0.000010 0.000010 0.000010 0.000010 0.000010
0.999920 0.000010 0.000010 0.000010 0.000010 0.000010 0.000010 0.000010 0.000010
0.783054 0.144073 0.000010 0.000010 0.072813 0.000010 0.000010 0.000010 0.000010
0.000010 0.263052 0.000010 0.000010 0.027030 0.000010 0.440309 0.000010 0.269559
0.000010 0.000010 0.000010 0.000010 0.000010 0.000010 0.764595 0.000010 0.235335
0.000011 0.000011 0.000010 0.000010 0.000010 0.000010 0.999919 0.000010 0.000010
0.000010 0.000010 0.000010 0.000010 0.000010 0.000010 0.999920 0.000010 0.000010
0.000010 0.000010 0.000010 0.000010 0.000010 0.000010 0.999920 0.000010 0.000010
0.000010 0.000010 0.000010 0.000010 0.000010 0.000010 0.829092 0.000010 0.170838
0.000010 0.000010 0.000010 0.000010 0.000010 0.000010 0.831495 0.000010 0.168435
0.000010 0.999920 0.000010 0.000010 0.000010 0.000010 0.000010 0.000010 0.000010
0.000010 0.999920 0.000010 0.000010 0.000010 0.000010 0.000010 0.000010 0.000010
0.000010 0.999920 0.000010 0.000010 0.000010 0.000010 0.000010 0.000010 0.000010
0.000010 0.845946 0.000010 0.007229 0.146765 0.000010 0.000010 0.000010 0.000010
0.000010 0.999920 0.000010 0.000010 0.000010 0.000010 0.000010 0.000010 0.000010
0.000010 0.000010 0.000010 0.000010 0.265276 0.000010 0.405753 0.000010 0.328910
0.000010 0.822403 0.000010 0.005619 0.000010 0.000010 0.000010 0.000010 0.171918
0.000010 0.000010 0.000010 0.000010 0.000010 0.000010 0.000010 0.000010 0.999920
0.000010 0.168823 0.000010 0.000010 0.000010 0.000010 0.000010 0.000010 0.831107
0.000010 0.000010 0.000010 0.000010 0.000010 0.000010 0.000010 0.000010 0.999920
0.000010 0.776772 0.000010 0.019034 0.103180 0.000010 0.000010 0.000010 0.100964
0.000010 0.775432 0.000010 0.028163 0.081574 0.000010 0.000010 0.000010 0.114782
0.032992 0.691779 0.000010 0.018588 0.103384 0.000010 0.045520 0.015502 0.092216
0.000010 0.000010 0.999911 0.000019 0.000010 0.000010 0.000010 0.000010 0.000010
0.000010 0.000010 0.000010 0.000010 0.999920 0.000010 0.000010 0.000010 0.000010
0.000010 0.000010 0.000010 0.999920 0.000010 0.000010 0.000010 0.000010 0.000010
0.012639 0.274338 0.000010 0.000010 0.236033 0.000010 0.281047 0.070098 0.125814
0.000010 0.873628 0.000010 0.014259 0.112053 0.000010 0.000010 0.000010 0.000010
0.000010 0.346358 0.000111 0.000010 0.000010 0.048334 0.385807 0.000010 0.219350
0.000010 0.345823 0.000010 0.000010 0.000010 0.003149 0.390128 0.000010 0.260850
0.000010 0.362016 0.000010 0.000010 0.000010 0.038910 0.372923 0.000010 0.226101
0.999920 0.000010 0.000010 0.000010 0.000010 0.000010 0.000010 0.000010 0.000010
0.000010 0.350476 0.000010 0.000010 0.066101 0.000010 0.287940 0.000010 0.295433
0.000010 0.232744 0.000010 0.000010 0.000010 0.000010 0.352622 0.000010 0.414575
0.000010 0.261957 0.000010 0.000010 0.000010 0.000010 0.357906 0.000010 0.380077
0.000010 0.315998 0.000010 0.000010 0.000010 0.000010 0.288062 0.022050 0.373841
0.000010 0.285351 0.000010 0.010834 0.000010 0.000010 0.266922 0.000010 0.436842
0.000010 0.354640 0.000010 0.000010 0.000010 0.000010 0.297443 0.000010 0.347857
0.000010 0.881245 0.000010 0.000010 0.000010 0.000010 0.053603 0.000010 0.065092
0.000010 0.000010 0.000010 0.000010 0.000010 0.000010 0.000010 0.000010 0.999920
0.000010 0.305229 0.000010 0.008748 0.151919 0.000010 0.235550 0.001623 0.296901
0.036081 0.277551 0.000010 0.040266 0.209261 0.000010 0.210721 0.000010 0.226090
0.017351 0.703901 0.000010 0.004139 0.048603 0.000010 0.050060 0.008248 0.167678
0.000018 0.201857 0.000010 0.012137 0.214992 0.000010 0.260751 0.000010 0.310215
