0.000010 0.000010 0.000010 0.999970
0.031121 0.000010 0.000010 0.968859
0.230187 0.000010 0.064844 0.704960
0.000010 0.000010 0.000010 0.999970
0.133351 0.540478 0.000010 0.326161
0.063057 0.725064 0.000010 0.211869
0.109507 0.568079 0.000010 0.322404
0.177361 0.576522 0.000010 0.246107
0.779253 0.000010 0.177763 0.042974
0.698852 0.000010 0.224043 0.077095
0.868746 0.000010 0.131234 0.000010
0.784668 0.000010 0.186974 0.028347
0.000010 0.999970 0.000010 0.000010
0.000010 0.999970 0.000010 0.000010
0.000011 0.999969 0.000010 0.000010
0.000010 0.999970 0.000010 0.000010
0.999970 0.000010 0.000010 0.000010
0.999970 0.000010 0.000010 0.000010
0.999970 0.000010 0.000010 0.000010
0.999970 0.000010 0.000010 0.000010
0.630494 0.312000 0.000010 0.057497
0.000010 0.000010 0.000010 0.999970
0.000010 0.000010 0.000010 0.999970
0.488829 0.000010 0.511151 0.000010
0.421075 0.000010 0.578905 0.000010
0.000010 0.000010 0.000010 0.999970
0.000010 0.000010 0.000010 0.999970
0.120800 0.000010 0.000010 0.879180
0.000010 0.000010 0.000010 0.999970
0.000010 0.000010 0.000010 0.999970
0.111727 0.000010 0.000010 0.888253
0.999970 0.000010 0.000010 0.000010
0.999960 0.000020 0.000010 0.000010
0.999970 0.000010 0.000010 0.000010
0.357199 0.000010 0.642781 0.000010
0.353968 0.000010 0.646012 0.000010
0.466633 0.000010 0.533347 0.000010
0.432211 0.000010 0.567769 0.000010
0.000010 0.000010 0.999970 0.000010
0.000010 0.000010 0.999970 0.000010
0.000010 0.000010 0.999970 0.000010
0.000010 0.000010 0.999970 0.000010
0.453492 0.000010 0.546488 0.000010
0.615203 0.366028 0.000010 0.018759
0.000010 0.000010 0.000010 0.999970
0.000010 0.000010 0.000010 0.999970
0.172963 0.000010 0.000010 0.827017
0.037164 0.334275 0.628551 0.000010
0.000010 0.469606 0.530374 0.000010
0.000010 0.999970 0.000010 0.000010
0.000010 0.999970 0.000010 0.000010
0.000010 0.999970 0.000010 0.000010
0.000010 0.548240 0.451740 0.000010
0.000010 0.583510 0.416470 0.000010
0.423255 0.000010 0.576725 0.000010
0.420164 0.000010 0.579816 0.000010
0.417540 0.000010 0.582440 0.000010
0.585975 0.000010 0.414005 0.000010
0.434035 0.000010 0.565945 0.000010
0.056981 0.438135 0.493702 0.011182
0.395507 0.000010 0.604473 0.000010
0.000010 0.000015 0.999965 0.000010
0.000014 0.000010 0.999966 0.000010
0.000010 0.000010 0.999970 0.000010
0.510714 0.000010 0.489266 0.000010
0.477716 0.000010 0.522264 0.000010
0.497296 0.000010 0.437692 0.065001
0.000010 0.999969 0.000011 0.000010
0.475434 0.413481 0.000010 0.111075
0.999970 0.000010 0.000010 0.000010
0.293324 0.293782 0.349954 0.062941
0.817686 0.000010 0.170885 0.011419
0.048751 0.319559 0.631681 0.000010
0.036395 0.269355 0.694240 0.000010
0.063845 0.275613 0.660533 0.000010
0.000010 0.000010 0.000010 0.999970
0.157713 0.172346 0.669931 0.000010
0.000010 0.145998 0.853982 0.000010
0.000010 0.187901 0.812079 0.000010
0.104443 0.162534 0.728891 0.004132
0.000010 0.097458 0.902522 0.000010
0.066009 0.119845 0.814135 0.000010
0.298265 0.000012 0.701713 0.000010
0.000010 0.000010 0.999970 0.000010
0.208505 0.171790 0.608761 0.010944
0.267091 0.228909 0.433162 0.070839
0.469142 0.000010 0.503744 0.027104
0.158404 0.290201 0.514382 0.037013
