0.000010 0.000010 0.000010 0.000010 0.000010 0.000010 0.000010 0.000010 0.999900 0.000010 0.000010
0.000010 0.000010 0.000010 0.000010 0.287292 0.000010 0.000010 0.000010 0.712618 0.000010 0.000010
0.004831 0.000010 0.202677 0.000010 0.063869 0.000010 0.041058 0.000010 0.664368 0.000010 0.023147
0.000010 0.000010 0.000010 0.000010 0.000010 0.000010 0.000010 0.000010 0.978659 0.000010 0.021251
0.000010 0.000011 0.000010 0.000010 0.000010 0.000010 0.000010 0.000010 0.000010 0.999899 0.000010
0.000010 0.000010 0.000016 0.000010 0.000010 0.000010 0.000014 0.000010 0.000010 0.999891 0.000010
0.000010 0.000013 0.000010 0.000010 0.000010 0.000010 0.000010 0.000010 0.000010 0.999897 0.000010
0.000010 0.000010 0.000010 0.000010 0.000010 0.000010 0.000010 0.000010 0.000010 0.999900 0.000010
0.000010 0.000010 0.999900 0.000010 0.000010 0.000010 0.000010 0.000010 0.000010 0.000010 0.000010
0.000010 0.000010 0.999900 0.000010 0.000010 0.000010 0.000010 0.000010 0.000010 0.000010 0.000010
0.000010 0.000010 0.999900 0.000010 0.000010 0.000010 0.000010 0.000010 0.000010 0.000010 0.000010
0.000010 0.000010 0.999900 0.000010 0.000010 0.000010 0.000010 0.000010 0.000010 0.000010 0.000010
0.000010 0.000010 0.000010 0.000010 0.000010 0.999900 0.000010 0.000010 0.000010 0.000010 0.000010
0.000010 0.000010 0.000010 0.000010 0.000010 0.999900 0.000010 0.000010 0.000010 0.000010 0.000010
0.000010 0.000010 0.000018 0.000010 0.000010 0.999892 0.000010 0.000010 0.000010 0.000010 0.000010
0.000010 0.000010 0.000010 0.000010 0.000013 0.999897 0.000010 0.000010 0.000010 0.000010 0.000010
0.000010 0.000010 0.000010 0.000010 0.000010 0.000010 0.000010 0.999900 0.000010 0.000010 0.000010
0.000010 0.000010 0.000010 0.000010 0.000010 0.000010 0.000010 0.999900 0.000010 0.000010 0.000010
0.000010 0.000010 0.000010 0.000010 0.000010 0.000010 0.000010 0.999900 0.000010 0.000010 0.000010
0.000010 0.000010 0.000010 0.000010 0.000010 0.000010 0.000010 0.999900 0.000010 0.000010 0.000010
0.000010 0.000010 0.000010 0.000010 0.999900 0.000010 0.000010 0.000010 0.000010 0.000010 0.000010
0.000010 0.000010 0.000010 0.000010 0.000010 0.000011 0.000010 0.000010 0.999899 0.000010 0.000010
0.000010 0.000010 0.000010 0.000010 0.000010 0.000010 0.000010 0.000010 0.999900 0.000010 0.000010
0.000010 0.000010 0.000010 0.000010 0.000010 0.000010 0.983670 0.000010 0.000010 0.000010 0.016240
0.000010 0.146930 0.146533 0.000010 0.000010 0.000010 0.689904 0.000010 0.000010 0.000010 0.016563
0.000010 0.000010 0.000010 0.000010 0.000010 0.000010 0.000010 0.000010 0.999900 0.000010 0.000010
0.000010 0.000010 0.000010 0.000010 0.000010 0.000010 0.000010 0.000010 0.999900 0.000010 0.000010
0.000010 0.000010 0.140164 0.000010 0.000010 0.000010 0.000010 0.000010 0.827189 0.000010 0.032566
0.000010 0.000010 0.000010 0.000010 0.000010 0.000010 0.000010 0.000010 0.999900 0.000010 0.000010
0.000010 0.000010 0.000010 0.000010 0.000010 0.000010 0.000010 0.000010 0.999900 0.000010 0.000010
0.000010 0.000010 0.104545 0.000010 0.000010 0.000010 0.000010 0.000010 0.850252 0.000010 0.045123
0.000010 0.000010 0.000010 0.000010 0.000015 0.000010 0.000010 0.000010 0.000010 0.000010 0.999895
0.000010 0.000010 0.000010 0.000014 0.000010 0.000010 0.000010 0.000010 0.000010 0.000010 0.999896
0.000010 0.000010 0.000010 0.000010 0.000010 0.000010 0.000010 0.000010 0.000010 0.000010 0.999900
0.000010 0.193083 0.000010 0.000010 0.000010 0.000010 0.806827 0.000010 0.000010 0.000010 0.000010
0.000010 0.174261 0.087250 0.000010 0.000010 0.000010 0.738409 0.000010 0.000010 0.000010 0.000010
0.112451 0.172383 0.500644 0.000010 0.000010 0.000010 0.214451 0.000010 0.000010 0.000010 0.000010
0.076739 0.197179 0.426915 0.000010 0.000010 0.000010 0.299097 0.000010 0.000010 0.000010 0.000010
0.000010 0.999900 0.000010 0.000010 0.000010 0.000010 0.000010 0.000010 0.000010 0.000010 0.000010
0.000010 0.999900 0.000010 0.000010 0.000010 0.000010 0.000010 0.000010 0.000010 0.000010 0.000010
0.000010 0.999900 0.000010 0.000010 0.000010 0.000010 0.000010 0.000010 0.000010 0.000010 0.000010
0.000010 0.999899 0.000010 0.000010 0.000010 0.000010 0.000010 0.000011 0.000010 0.000010 0.000010
0.085767 0.190855 0.401083 0.000010 0.000010 0.000010 0.322225 0.000010 0.000010 0.000010 0.000010
0.000010 0.000010 0.000011 0.000010 0.999895 0.000015 0.000010 0.000010 0.000010 0.000010 0.000010
0.000010 0.000010 0.000010 0.000010 0.000020 0.000010 0.000010 0.000010 0.999890 0.000010 0.000010
0.000010 0.000010 0.000010 0.000010 0.000010 0.000010 0.000010 0.000010 0.999900 0.000010 0.000010
0.000010 0.000010 0.194001 0.000010 0.041597 0.000010 0.000010 0.000010 0.764322 0.000010 0.000010
0.999900 0.000010 0.000010 0.000010 0.000010 0.000010 0.000010 0.000010 0.000010 0.000010 0.000010
0.659530 0.000010 0.000010 0.340380 0.000010 0.000010 0.000010 0.000010 0.000010 0.000010 0.000010
0.000010 0.000010 0.000010 0.999900 0.000010 0.000010 0.000010 0.000010 0.000010 0.000010 0.000010
0.000010 0.000010 0.000010 0.999900 0.000010 0.000010 0.000010 0.000010 0.000010 0.000010 0.000010
0.000013 0.000010 0.000010 0.999897 0.000010 0.000010 0.000010 0.000010 0.000010 0.000010 0.000010
0.583174 0.000010 0.000010 0.416736 0.000010 0.000010 0.000010 0.000010 0.000010 0.000010 0.000010
0.570967 0.000010 0.000010 0.428943 0.000010 0.000010 0.000010 0.000010 0.000010 0.000010 0.000010
0.000010 0.000010 0.000010 0.000010 0.000010 0.000010 0.999896 0.000010 0.000014 0.000010 0.000010
0.000010 0.000010 0.000010 0.000010 0.000010 0.000010 0.999900 0.000010 0.000010 0.000010 0.000010
0.000010 0.000010 0.000010 0.000010 0.000010 0.000010 0.999900 0.000010 0.000010 0.000010 0.000010
0.000010 0.000010 0.000010 0.000010 0.147908 0.000010 0.852002 0.000010 0.000010 0.000010 0.000010
0.000010 0.000010 0.000010 0.000010 0.000014 0.000010 0.999896 0.000010 0.000010 0.000010 0.000010
0.614931 0.104633 0.000010 0.098274 0.182092 0.000010 0.000010 0.000010 0.000010 0.000010 0.000010
0.034658 0.129080 0.093994 0.000010 0.000010 0.000010 0.736296 0.000010 0.000010 0.000010 0.005911
0.000010 0.999900 0.000010 0.000010 0.000010 0.000010 0.000010 0.000010 0.000010 0.000010 0.000010
0.163076 0.735041 0.000010 0.000010 0.000010 0.000010 0.101803 0.000010 0.000010 0.000010 0.000010
0.000010 0.999895 0.000015 0.000010 0.000010 0.000010 0.000010 0.000010 0.000010 0.000010 0.000010
0.000010 0.000010 0.000010 0.000010 0.104834 0.000010 0.895076 0.000010 0.000010 0.000010 0.000010
0.000010 0.011658 0.000010 0.000010 0.081618 0.000010 0.905257 0.000010 0.000010 0.000010 0.001397
0.209208 0.027001 0.364163 0.000010 0.050537 0.000010 0.317162 0.000010 0.018565 0.000010 0.013324
0.000010 0.000016 0.000010 0.000011 0.000010 0.000010 0.000010 0.999892 0.000011 0.000010 0.000010
0.000010 0.000013 0.000010 0.000010 0.999897 0.000010 0.000010 0.000010 0.000010 0.000010 0.000010
0.000010 0.000010 0.000010 0.000010 0.000015 0.000010 0.000010 0.000010 0.000010 0.000010 0.999895
0.838508 0.000010 0.000010 0.000010 0.161402 0.000010 0.000010 0.000010 0.000010 0.000010 0.000010
0.000010 0.000010 0.999900 0.000010 0.000010 0.000010 0.000010 0.000010 0.000010 0.000010 0.000010
0.999900 0.000010 0.000010 0.000010 0.000010 0.000010 0.000010 0.000010 0.000010 0.000010 0.000010
0.999900 0.000010 0.000010 0.000010 0.000010 0.000010 0.000010 0.000010 0.000010 0.000010 0.000010
0.999900 0.000010 0.000010 0.000010 0.000010 0.000010 0.000010 0.000010 0.000010 0.000010 0.000010
0.000010 0.000010 0.000010 0.000010 0.000010 0.000010 0.000010 0.000015 0.999895 0.000010 0.000010
0.765772 0.100957 0.127965 0.000010 0.005236 0.000010 0.000010 0.000010 0.000010 0.000010 0.000010
0.904133 0.095777 0.000010 0.000010 0.000010 0.000010 0.000010 0.000010 0.000010 0.000010 0.000010
0.982264 0.017646 0.000010 0.000010 0.000010 0.000010 0.000010 0.000010 0.000010 0.000010 0.000010
0.757270 0.181733 0.000010 0.000010 0.000010 0.000010 0.060917 0.000010 0.000010 0.000010 0.000010
0.780964 0.218946 0.000010 0.000010 0.000010 0.000010 0.000010 0.000010 0.000010 0.000010 0.000010
0.740496 0.157684 0.000010 0.000010 0.000010 0.000010 0.101740 0.000010 0.000010 0.000010 0.000010
0.173663 0.000010 0.000010 0.000010 0.000010 0.000010 0.826247 0.000010 0.000010 0.000010 0.000010
0.000010 0.999900 0.000010 0.000010 0.000010 0.000010 0.000010 0.000010 0.000010 0.000010 0.000010
0.613118 0.132687 0.000010 0.000010 0.108607 0.000010 0.131764 0.000010 0.000010 0.000010 0.013764
0.331689 0.126251 0.043509 0.058378 0.178090 0.000010 0.159944 0.013895 0.045945 0.000010 0.042278
0.071500 0.147149 0.463231 0.018157 0.000010 0.000010 0.299903 0.000010 0.000010 0.000010 0.000010
0.453584 0.179625 0.000010 0.055384 0.192491 0.000010 0.098981 0.000010 0.006980 0.000010 0.012914
