0.000010 0.999940 0.000010 0.000010 0.000010 0.000010 0.000010
0.000010 0.954355 0.000010 0.000010 0.045595 0.000010 0.000010
0.000010 0.532339 0.000010 0.064973 0.255019 0.147639 0.000010
0.000010 0.988921 0.000010 0.000010 0.011023 0.000016 0.000010
0.000010 0.000010 0.000010 0.999940 0.000010 0.000010 0.000010
0.000010 0.000010 0.000014 0.999936 0.000010 0.000010 0.000010
0.000010 0.000010 0.000010 0.999940 0.000010 0.000010 0.000010
0.000010 0.000010 0.000010 0.999934 0.000016 0.000010 0.000010
0.000010 0.000010 0.000010 0.000010 0.000010 0.999940 0.000010
0.000010 0.071629 0.033744 0.000010 0.051495 0.843103 0.000010
0.000010 0.000010 0.000010 0.000010 0.000010 0.999940 0.000010
0.000010 0.000010 0.000010 0.000010 0.000010 0.999940 0.000010
0.999930 0.000010 0.000019 0.000010 0.000011 0.000010 0.000010
0.999926 0.000010 0.000016 0.000010 0.000018 0.000010 0.000010
0.999940 0.000010 0.000010 0.000010 0.000010 0.000010 0.000010
0.999938 0.000010 0.000012 0.000010 0.000010 0.000010 0.000010
0.000010 0.000010 0.000010 0.000010 0.000010 0.999940 0.000010
0.000010 0.000010 0.000010 0.000010 0.000010 0.999940 0.000010
0.000010 0.000010 0.000010 0.000010 0.000010 0.999940 0.000010
0.000010 0.000010 0.000010 0.000010 0.000010 0.999940 0.000010
0.000010 0.000010 0.000010 0.682091 0.050339 0.267531 0.000010
0.000010 0.999940 0.000010 0.000010 0.000010 0.000010 0.000010
0.000010 0.999940 0.000010 0.000010 0.000010 0.000010 0.000010
0.000010 0.000010 0.261478 0.000010 0.055171 0.683311 0.000010
0.000010 0.000010 0.331645 0.000010 0.038800 0.629516 0.000010
0.000010 0.999940 0.000010 0.000010 0.000010 0.000010 0.000010
0.000010 0.999940 0.000010 0.000010 0.000010 0.000010 0.000010
0.000010 0.875881 0.000010 0.000010 0.052189 0.071890 0.000010
0.000010 0.999940 0.000010 0.000010 0.000010 0.000010 0.000010
0.000010 0.999940 0.000010 0.000010 0.000010 0.000010 0.000010
0.000010 0.889194 0.000012 0.000010 0.056106 0.054658 0.000010
0.000010 0.000010 0.000010 0.000010 0.999940 0.000010 0.000010
0.000010 0.000010 0.000010 0.000010 0.999940 0.000010 0.000010
0.000010 0.000010 0.000010 0.000011 0.999939 0.000010 0.000010
0.000010 0.000010 0.383532 0.000010 0.000010 0.616418 0.000010
0.000010 0.000010 0.380654 0.000010 0.000010 0.619296 0.000010
0.000010 0.000010 0.321795 0.000010 0.002252 0.675912 0.000010
0.000010 0.000010 0.349857 0.000010 0.024636 0.625467 0.000010
0.000010 0.000010 0.999940 0.000010 0.000010 0.000010 0.000010
0.000013 0.000010 0.999937 0.000010 0.000010 0.000010 0.000010
0.000010 0.000010 0.999931 0.000013 0.000016 0.000010 0.000010
0.000010 0.000010 0.999938 0.000012 0.000010 0.000010 0.000010
0.000010 0.000010 0.346130 0.000010 0.003786 0.650044 0.000010
0.000010 0.000010 0.000010 0.999940 0.000010 0.000010 0.000010
0.000010 0.999940 0.000010 0.000010 0.000010 0.000010 0.000010
0.000010 0.999940 0.000010 0.000010 0.000010 0.000010 0.000010
0.000010 0.804305 0.000010 0.015604 0.000667 0.179395 0.000010
0.006500 0.000010 0.350790 0.000010 0.000010 0.191383 0.451297
0.000010 0.000010 0.256789 0.000010 0.000010 0.000010 0.743161
0.000010 0.000010 0.000010 0.000010 0.000010 0.000010 0.999940
0.000010 0.000010 0.000010 0.000010 0.000010 0.000010 0.999940
0.000015 0.000010 0.000010 0.000010 0.000010 0.000010 0.999935
0.000010 0.000011 0.195304 0.000010 0.000010 0.000010 0.804645
0.000010 0.000010 0.184207 0.000010 0.000010 0.000010 0.815743
0.000010 0.000010 0.199348 0.000010 0.000010 0.800602 0.000010
0.000010 0.000010 0.193794 0.000010 0.000010 0.806156 0.000010
0.000010 0.000010 0.201648 0.000010 0.000010 0.798302 0.000010
0.000010 0.000010 0.133825 0.025882 0.028960 0.811303 0.000010
0.000010 0.000010 0.175885 0.000010 0.000010 0.824065 0.000010
0.000010 0.000010 0.352179 0.196007 0.008881 0.000010 0.442903
0.000010 0.000010 0.320165 0.000010 0.013585 0.666210 0.000010
0.000010 0.000010 0.999940 0.000010 0.000010 0.000010 0.000010
0.000010 0.000010 0.999940 0.000010 0.000010 0.000010 0.000010
0.000010 0.000010 0.999940 0.000010 0.000010 0.000010 0.000010
0.000010 0.000010 0.255387 0.000010 0.041114 0.703459 0.000010
0.000010 0.000010 0.288393 0.000010 0.050556 0.661010 0.000010
0.000010 0.044830 0.190255 0.010193 0.028861 0.655007 0.070843
0.000010 0.000010 0.000010 0.000010 0.000010 0.000010 0.999940
0.000010 0.000010 0.000010 0.999940 0.000010 0.000010 0.000010
0.000010 0.000010 0.000013 0.000010 0.999930 0.000017 0.000010
0.000010 0.023451 0.159881 0.151259 0.000010 0.349461 0.315928
0.000010 0.000010 0.000010 0.000010 0.025021 0.974929 0.000010
0.047481 0.000010 0.317013 0.000010 0.000010 0.242428 0.393049
0.004336 0.000010 0.361203 0.000010 0.000010 0.246050 0.388380
0.041452 0.000010 0.338591 0.000010 0.000010 0.262516 0.357411
0.000010 0.999940 0.000010 0.000010 0.000010 0.000010 0.000010
0.000010 0.000010 0.398917 0.000010 0.000010 0.313587 0.287456
0.000010 0.000010 0.582896 0.000010 0.000010 0.096097 0.320967
0.000010 0.000010 0.506388 0.000010 0.000010 0.128968 0.364604
0.000010 0.000010 0.491897 0.000010 0.000010 0.243284 0.264779
0.000010 0.000010 0.582925 0.000010 0.018031 0.140421 0.258593
0.000010 0.000010 0.475877 0.000010 0.000010 0.227071 0.297012
0.000010 0.000010 0.298447 0.000010 0.000010 0.655752 0.045761
0.000010 0.000010 0.999940 0.000010 0.000010 0.000010 0.000010
0.000010 0.000010 0.383756 0.072666 0.013777 0.268753 0.261028
0.000010 0.049068 0.274008 0.122883 0.048874 0.257849 0.247308
0.000010 0.003978 0.287666 0.000010 0.010059 0.665494 0.032783
0.000010 0.011030 0.362277 0.149757 0.021053 0.162118 0.293755
