0.000010 0.000010 0.000010 0.000010 0.999910 0.000010 0.000010 0.000010 0.000010 0.000010
0.000010 0.000010 0.000010 0.000015 0.953633 0.000010 0.000010 0.000010 0.000010 0.046283
0.000010 0.000011 0.508146 0.000010 0.491773 0.000010 0.000010 0.000010 0.000010 0.000010
0.000010 0.000010 0.000010 0.000010 0.984980 0.000011 0.000010 0.000010 0.000010 0.014939
0.000840 0.000010 0.148830 0.064779 0.307816 0.000010 0.469158 0.000010 0.000010 0.008537
0.000010 0.000010 0.000010 0.107997 0.237654 0.000010 0.642186 0.000010 0.000010 0.012103
0.005725 0.000010 0.095208 0.115804 0.311620 0.000011 0.469715 0.000010 0.000010 0.001887
0.036639 0.000010 0.113448 0.131021 0.236045 0.000010 0.456271 0.000010 0.000010 0.026537
0.000010 0.000010 0.999910 0.000010 0.000010 0.000010 0.000010 0.000010 0.000010 0.000010
0.000010 0.000010 0.999910 0.000010 0.000010 0.000010 0.000010 0.000010 0.000010 0.000010
0.000010 0.000010 0.999910 0.000010 0.000010 0.000010 0.000010 0.000010 0.000010 0.000010
0.000010 0.000010 0.999910 0.000010 0.000010 0.000010 0.000010 0.000010 0.000010 0.000010
0.000010 0.000010 0.000010 0.000010 0.000010 0.000010 0.999910 0.000010 0.000010 0.000010
0.000010 0.000010 0.000010 0.000010 0.000010 0.000010 0.999910 0.000010 0.000010 0.000010
0.000010 0.000010 0.000010 0.000010 0.000010 0.000010 0.999910 0.000010 0.000010 0.000010
0.000010 0.000010 0.000010 0.000010 0.000010 0.000010 0.999910 0.000010 0.000010 0.000010
0.000019 0.000010 0.000010 0.000012 0.000010 0.999900 0.000010 0.000010 0.000010 0.000010
0.000010 0.000010 0.000010 0.000010 0.000010 0.999910 0.000010 0.000010 0.000010 0.000010
0.000010 0.000010 0.000010 0.000010 0.000010 0.999910 0.000010 0.000010 0.000010 0.000010
0.000010 0.000010 0.000019 0.000010 0.000010 0.999901 0.000010 0.000010 0.000010 0.000010
0.000010 0.000010 0.000010 0.999910 0.000010 0.000010 0.000010 0.000010 0.000010 0.000010
0.000010 0.000010 0.000010 0.000010 0.999910 0.000010 0.000010 0.000010 0.000010 0.000010
0.000010 0.000010 0.000010 0.000010 0.999910 0.000010 0.000010 0.000010 0.000010 0.000010
0.000010 0.000010 0.000010 0.000010 0.000010 0.000010 0.000010 0.000010 0.987746 0.012174
0.000010 0.000010 0.113376 0.000010 0.000010 0.000010 0.000010 0.142499 0.726968 0.017096
0.000010 0.000010 0.000010 0.000010 0.999910 0.000010 0.000010 0.000010 0.000010 0.000010
0.000010 0.000010 0.000010 0.000010 0.999910 0.000010 0.000010 0.000010 0.000010 0.000010
0.000010 0.000010 0.125480 0.000010 0.840345 0.000010 0.000010 0.000010 0.000010 0.034105
0.000010 0.000010 0.000010 0.000010 0.999910 0.000010 0.000010 0.000010 0.000010 0.000010
0.000010 0.000010 0.000010 0.000010 0.999906 0.000010 0.000010 0.000010 0.000014 0.000010
0.000010 0.000010 0.088483 0.000010 0.858458 0.000010 0.000010 0.000010 0.005542 0.047457
0.000010 0.000013 0.000010 0.000010 0.000013 0.000011 0.000010 0.000012 0.000010 0.999901
0.000010 0.000010 0.000010 0.000018 0.000013 0.000010 0.000010 0.000010 0.000010 0.999899
0.000015 0.000010 0.000010 0.000016 0.000010 0.000011 0.000010 0.000010 0.000010 0.999899
0.000010 0.000010 0.000010 0.000010 0.000010 0.000010 0.000010 0.181689 0.818231 0.000010
0.000010 0.000010 0.000010 0.000010 0.000010 0.000010 0.000010 0.169119 0.830801 0.000010
0.000010 0.112715 0.478199 0.000010 0.000010 0.000010 0.000010 0.170978 0.238048 0.000010
0.000010 0.078392 0.394732 0.000010 0.000010 0.000010 0.000010 0.195555 0.331262 0.000010
0.000010 0.000010 0.000010 0.000011 0.000010 0.000010 0.000010 0.999909 0.000010 0.000010
0.000010 0.000010 0.000010 0.000010 0.000016 0.000010 0.000010 0.999904 0.000010 0.000010
0.000010 0.000010 0.000010 0.000010 0.000010 0.000016 0.000010 0.999894 0.000020 0.000010
0.000010 0.000010 0.000010 0.000010 0.000010 0.000010 0.000014 0.999906 0.000010 0.000010
0.000010 0.081549 0.386335 0.000010 0.000010 0.000010 0.000010 0.190886 0.341170 0.000010
0.000010 0.000010 0.000010 0.999910 0.000010 0.000010 0.000010 0.000010 0.000010 0.000010
0.000010 0.000010 0.000010 0.000010 0.999910 0.000010 0.000010 0.000010 0.000010 0.000010
0.000010 0.000010 0.000010 0.000010 0.999910 0.000010 0.000010 0.000010 0.000010 0.000010
0.000010 0.000010 0.208345 0.006411 0.785174 0.000010 0.000010 0.000010 0.000010 0.000010
0.000010 0.999910 0.000010 0.000010 0.000010 0.000010 0.000010 0.000010 0.000010 0.000010
0.338372 0.661548 0.000010 0.000010 0.000010 0.000010 0.000010 0.000010 0.000010 0.000010
0.999910 0.000010 0.000010 0.000010 0.000010 0.000010 0.000010 0.000010 0.000010 0.000010
0.999903 0.000010 0.000010 0.000010 0.000017 0.000010 0.000010 0.000010 0.000010 0.000010
0.999901 0.000010 0.000010 0.000010 0.000019 0.000010 0.000010 0.000010 0.000010 0.000010
0.414754 0.585166 0.000010 0.000010 0.000010 0.000010 0.000010 0.000010 0.000010 0.000010
0.428029 0.571891 0.000010 0.000010 0.000010 0.000010 0.000010 0.000010 0.000010 0.000010
0.000010 0.000010 0.000010 0.000010 0.000010 0.000010 0.000010 0.000010 0.999910 0.000010
0.000010 0.000010 0.000010 0.000010 0.000010 0.000010 0.000010 0.000010 0.999910 0.000010
0.000010 0.000010 0.000010 0.000010 0.000010 0.000010 0.000010 0.000010 0.999910 0.000010
0.000010 0.000010 0.000012 0.140276 0.000010 0.000010 0.000010 0.000010 0.853571 0.006081
0.000010 0.000010 0.000010 0.000010 0.000010 0.000010 0.000010 0.000010 0.999910 0.000010
0.095533 0.645159 0.000010 0.167735 0.000010 0.000010 0.000010 0.091513 0.000010 0.000010
0.000010 0.000010 0.000010 0.000010 0.000010 0.000010 0.000010 0.132998 0.863118 0.003813
0.000010 0.000010 0.000010 0.000010 0.000010 0.000010 0.000010 0.999910 0.000010 0.000010
0.000010 0.162768 0.000010 0.000010 0.000010 0.000010 0.000010 0.733351 0.103812 0.000010
0.000010 0.000010 0.000010 0.000011 0.000010 0.000010 0.000010 0.999909 0.000010 0.000010
0.000010 0.000010 0.000010 0.103352 0.000010 0.000010 0.000010 0.000010 0.896568 0.000010
0.000010 0.000010 0.000010 0.068815 0.000010 0.000010 0.000010 0.008204 0.915136 0.007785
0.000010 0.193834 0.350271 0.067409 0.014866 0.000010 0.000010 0.028264 0.336184 0.009142
0.000010 0.000010 0.000010 0.999910 0.000010 0.000010 0.000010 0.000010 0.000010 0.000010
0.000013 0.000017 0.000018 0.999892 0.000011 0.000010 0.000010 0.000010 0.000010 0.000010
0.000010 0.000010 0.000010 0.000010 0.000010 0.000010 0.000010 0.000010 0.000010 0.999910
0.000010 0.791395 0.000010 0.160577 0.000010 0.047958 0.000010 0.000010 0.000010 0.000010
0.000010 0.000010 0.999910 0.000010 0.000010 0.000010 0.000010 0.000010 0.000010 0.000010
0.000010 0.999910 0.000010 0.000010 0.000010 0.000010 0.000010 0.000010 0.000010 0.000010
0.000010 0.999910 0.000010 0.000010 0.000010 0.000010 0.000010 0.000010 0.000010 0.000010
0.000010 0.999910 0.000010 0.000010 0.000010 0.000010 0.000010 0.000010 0.000010 0.000010
0.000010 0.000010 0.000010 0.000010 0.999910 0.000010 0.000010 0.000010 0.000010 0.000010
0.000010 0.777238 0.121968 0.000124 0.000010 0.000010 0.000010 0.100610 0.000010 0.000010
0.000010 0.909215 0.000010 0.000010 0.000010 0.000010 0.000010 0.090705 0.000010 0.000010
0.000010 0.984919 0.000010 0.000010 0.000010 0.000010 0.000010 0.015001 0.000010 0.000010
0.000010 0.758598 0.000010 0.000010 0.000010 0.000010 0.000010 0.179532 0.061799 0.000010
0.000010 0.783240 0.000010 0.000010 0.000010 0.000010 0.000010 0.216680 0.000010 0.000010
0.000010 0.738508 0.000010 0.000010 0.000010 0.000010 0.000010 0.156746 0.104676 0.000010
0.000010 0.162536 0.000010 0.000010 0.000010 0.000010 0.000010 0.000010 0.837384 0.000010
0.000010 0.000010 0.000010 0.000015 0.000016 0.000010 0.000010 0.999899 0.000010 0.000010
0.000010 0.603809 0.000010 0.115120 0.000010 0.000010 0.000010 0.129808 0.136471 0.014743
0.055017 0.327754 0.041971 0.192265 0.054145 0.000010 0.000010 0.119490 0.166625 0.042713
0.018667 0.074659 0.433733 0.000010 0.000010 0.000010 0.000010 0.144927 0.327965 0.000010
0.051708 0.472702 0.000010 0.169093 0.024743 0.000010 0.000010 0.167898 0.095452 0.018375
