0.00000000099999999946 0.56868620424265292623 0.00000000099999999946 0.00000000099999999946 0.43131378775734724451 0.00000000099999999946 0.00000000099999999946 0.00000000099999999946 0.00000000099999999946 0.00000000099999999946 
0.00000000099999999895 0.48080747765649306524 0.51919251434350710550 0.00000000099999999895 0.00000000099999999895 0.00000000099999999895 0.00000000099999999895 0.00000000099999999895 0.00000000099999999895 0.00000000099999999895 
0.00000000099999999894 0.48080281670357821744 0.51919717529642195331 0.00000000099999999894 0.00000000099999999894 0.00000000099999999894 0.00000000099999999894 0.00000000099999999894 0.00000000099999999894 0.00000000099999999894 
0.00000000099999999892 0.00000000099999999892 0.00000000099999999892 0.00000000099999999892 0.00000000099999999892 0.00000000099999999892 0.00000000099999999892 0.00000000099999999892 0.00000000099999999892 0.99999999099999992147 
0.00122467994169196443 0.16034086553900425698 0.09062582846023459204 0.00000000099999999987 0.00000000099999999987 0.00000000099999999987 0.40572453003393949000 0.14389049007858720208 0.19819360194654228602 0.00000000099999999987 
0.00000000099999999981 0.00000000099999999981 0.33379568215913679730 0.00000000099999999981 0.00000000099999999981 0.00000000099999999981 0.32511262716658473337 0.34109106232597746766 0.00000062234830114610 0.00000000099999999981 
0.00000000099999999892 0.00000000099999999892 0.00000000099999999892 0.00000000099999999892 0.00000000099999999892 0.00000000099999999892 0.00000000099999999892 0.00000000099999999892 0.00000000099999999892 0.99999999100000003249 
0.00000000099999999895 0.48240727769122215829 0.51759271430877795694 0.00000000099999999895 0.00000000099999999895 0.00000000099999999895 0.00000000099999999895 0.00000000099999999895 0.00000000099999999895 0.00000000099999999895 
0.00000000099999999892 0.00000000099999999892 0.00000000099999999892 0.00000000099999999892 0.00000000099999999892 0.00000000099999999892 0.00000000099999999892 0.00000000099999999892 0.00000000099999999892 0.99999999099999992147 
0.00000000099999999981 0.03287915787668880402 0.00000000099999999981 0.00000000099999999981 0.00000000099999999981 0.00000000099999999981 0.44920977976470177762 0.45818975124108218822 0.00000000099999999981 0.05972130511752719167 
0.00000000099999999965 0.40323140160697745760 0.00000000099999999965 0.00000000099999999965 0.00000000099999999965 0.00000000099999999965 0.59676859039302243559 0.00000000099999999965 0.00000000099999999965 0.00000000099999999965 
0.00000000099999999981 0.00000000099999999981 0.00000000099999999981 0.00000000099999999981 0.57807734137114785700 0.00000000099999999981 0.00000000099999999981 0.27863981061346287937 0.00000000099999999981 0.14328284101538940609 
0.00000000099999999978 0.00000000099999999978 0.00000000099999999978 0.00000000099999999978 0.00000000099999999978 0.28018674221231854027 0.15131085620838383154 0.00000000099999999978 0.44893142218664783272 0.11957097339264972924 
0.62117192916212538023 0.00000000099999999976 0.00000000099999999976 0.00000000099999999976 0.00000000099999999976 0.37882806283787479051 0.00000000099999999976 0.00000000099999999976 0.00000000099999999976 0.00000000099999999976 
0.00000000099999999891 0.41416461075081867360 0.00000000099999999891 0.00000000099999999891 0.00000000099999999891 0.00000000099999999891 0.00000000099999999891 0.58583538124918099754 0.00000000099999999891 0.00000000099999999891 
0.00000000099999999968 0.32197863322762765304 0.00000000099999999968 0.00000000099999999968 0.00000000099999999968 0.67802135877237224015 0.00000000099999999968 0.00000000099999999968 0.00000000099999999968 0.00000000099999999968 
0.60799738978101458553 0.00000000099999999947 0.00000000099999999947 0.00000000099999999947 0.00000000099999999947 0.39200260221898569624 0.00000000099999999947 0.00000000099999999947 0.00000000099999999947 0.00000000099999999947 
0.86931467775475668169 0.13068531424524360007 0.00000000099999999915 0.00000000099999999915 0.00000000099999999915 0.00000000099999999915 0.00000000099999999915 0.00000000099999999915 0.00000000099999999915 0.00000000099999999915 
0.00000000099999999954 0.29960481671284105998 0.00000000099999999954 0.00000000099999999954 0.70039517528715888872 0.00000000099999999954 0.00000000099999999954 0.00000000099999999954 0.00000000099999999954 0.00000000099999999954 
0.00000000099999999980 0.00000000099999999980 0.00000000099999999980 0.43788877240245244193 0.00000000099999999980 0.18755669194181248671 0.00000000099999999980 0.00000000099999999980 0.37455452865573490850 0.00000000099999999980 
0.00000000099999999892 0.41233936654210795458 0.00000000099999999892 0.00000000099999999892 0.00000000099999999892 0.00000000099999999892 0.00000000099999999892 0.58766062545789166105 0.00000000099999999892 0.00000000099999999892 
0.45306413566319969632 0.05319846667395656398 0.00000000099999999965 0.00000000099999999965 0.00000000099999999965 0.49373739066284400012 0.00000000099999999965 0.00000000099999999965 0.00000000099999999965 0.00000000099999999965 
0.41863823048229675816 0.00000000099999999969 0.00000000099999999969 0.00000000099999999969 0.40915242259046769036 0.00000000099999999969 0.00000000099999999969 0.00000000099999999969 0.17220933992723555517 0.00000000099999999969 
0.00000000099999999895 0.48115710931136557171 0.51884288268863443250 0.00000000099999999895 0.00000000099999999895 0.00000000099999999895 0.00000000099999999895 0.00000000099999999895 0.00000000099999999895 0.00000000099999999895 
0.00000000099999999920 0.00000000099999999920 0.00000000099999999920 0.99999999100000003249 0.00000000099999999920 0.00000000099999999920 0.00000000099999999920 0.00000000099999999920 0.00000000099999999920 0.00000000099999999920 
0.00000000099999999922 0.52903479181839518919 0.00000000099999999922 0.00000000099999999922 0.00000000099999999922 0.00000000099999999922 0.47096520018160492604 0.00000000099999999922 0.00000000099999999922 0.00000000099999999922 
0.00000000099999999910 0.16591410131132558470 0.00000000099999999910 0.83408589068867444727 0.00000000099999999910 0.00000000099999999910 0.00000000099999999910 0.00000000099999999910 0.00000000099999999910 0.00000000099999999910 
0.00000000099999999922 0.00000000099999999922 0.00000000099999999922 0.99999999100000014352 0.00000000099999999922 0.00000000099999999922 0.00000000099999999922 0.00000000099999999922 0.00000000099999999922 0.00000000099999999922 
0.00000000099999999919 0.00000000099999999919 0.00000000099999999919 0.99999999100000014352 0.00000000099999999919 0.00000000099999999919 0.00000000099999999919 0.00000000099999999919 0.00000000099999999919 0.00000000099999999919 
0.00000000099999999962 0.01658483375106869009 0.00000000099999999962 0.00000000099999999962 0.00000000099999999962 0.00000000099999999962 0.34356648957940338907 0.00000000099999999962 0.63984866966952780309 0.00000000099999999962 
0.00000000099999999914 0.00000000099999999914 0.00000000099999999914 0.00000000099999999914 0.00000000099999999914 0.00000000099999999914 0.00000000099999999914 0.00000000099999999914 0.99999999100000003249 0.00000000099999999914 
0.46197362519496393274 0.00000000229719811774 0.00000000099999999947 0.00000000099999999947 0.00000000099999999947 0.00000000099999999947 0.00000000099999999947 0.00000000099999999947 0.53802636550783777825 0.00000000099999999947 
0.00000000099999999912 0.00000000099999999912 0.00000000099999999912 0.00000000099999999912 0.00000000099999999912 0.00000000099999999912 0.00000000099999999912 0.00000000099999999912 0.99999999099999992147 0.00000000099999999912 
0.00000000099999999912 0.12038220828056385436 0.00000000099999999912 0.00000000099999999912 0.00000000099999999912 0.00000000099999999912 0.00000000099999999912 0.00000000099999999912 0.87961778371943610821 0.00000000099999999912 
