0.27413881598833711450 0.10412055902414373010 0.62174062498751925254 
0.00000000099999999980 0.00000000099999999980 0.99999999799999994554 
0.00000000099999999980 0.00000000099999999980 0.99999999800000005656 
0.00000000099999999991 0.00000000099999999991 0.99999999799999994554 
0.65436859390290169625 0.05156093201151599331 0.29407047408558217860 
0.35475661342900083328 0.00000000099999999996 0.64524338557099925051 
0.00000000099999999991 0.00000000099999999991 0.99999999799999994554 
0.00000000099999999980 0.00000000099999999980 0.99999999800000005656 
0.00000000099999999991 0.00000000099999999991 0.99999999800000005656 
0.51776448208568515152 0.05390744363773933290 0.42832807427657554333 
0.76371851876592444786 0.18150223883846744455 0.05477924239560817005 
0.50956011989764193881 0.04035545825017703564 0.45008442185218100473 
0.91536047386031260675 0.08463396382228335901 0.00000556231740401630 
0.69662529693953922916 0.11708797743480424403 0.18628672562565659621 
0.00000000099999999991 0.00000000099999999991 0.99999999799999994554 
0.56815104041026154302 0.12429520368116174500 0.30755375590857669810 
0.82937054425421796733 0.00000000099999999996 0.17062945474578197769 
0.71536579645690601126 0.00000000099999999996 0.28463420254309401702 
0.53382371382035709306 0.00000510067099648971 0.46617118550864644622 
0.57196051310721940375 0.42803948589278068004 0.00000000099999999998 
0.00000000099999999992 0.00000000099999999992 0.99999999799999994554 
0.78618241341854122606 0.00000000099999999998 0.21381758558145880222 
0.86973052116423843483 0.13026947783576142692 0.00000000099999999999 
0.00000000099999999980 0.00000000099999999980 0.99999999799999994554 
0.00000000099999999982 0.99999999800000005656 0.00000000099999999982 
0.83161076381120091483 0.08016857229581503264 0.08822066389298409417 
0.00000000099999999987 0.99999999800000005656 0.00000000099999999987 
0.00000000099999999983 0.99999999799999994554 0.00000000099999999983 
0.00000000099999999982 0.99999999800000005656 0.00000000099999999982 
0.99999999799999994554 0.00000000099999999991 0.00000000099999999991 
0.99999999800000005656 0.00000000099999999986 0.00000000099999999986 
0.99999999799999994554 0.00000000099999999992 0.00000000099999999992 
0.99999999800000005656 0.00000000099999999986 0.00000000099999999986 
0.99999999800000005656 0.00000000099999999992 0.00000000099999999992 
