0.21233970196898713234 0.22714422535433226313 0.10267052906173033955 0.45784554361495022334 
0.99999999700000008485 0.00000000099999999967 0.00000000099999999967 0.00000000099999999967 
0.99999999700000008485 0.00000000099999999967 0.00000000099999999967 0.00000000099999999967 
0.00000000099999999981 0.00000000099999999981 0.00000000099999999981 0.99999999700000008485 
0.15289498604910781165 0.61259981744345815002 0.05329770261628661437 0.18120749389114748640 
0.36861487561373262878 0.30164630074669479542 0.00000000099999999996 0.32973882263957254857 
0.00000000099999999981 0.00000000099999999981 0.00000000099999999981 0.99999999700000008485 
0.99999999700000008485 0.00000000099999999968 0.00000000099999999968 0.00000000099999999968 
0.00000000099999999981 0.00000000099999999981 0.00000000099999999981 0.99999999700000008485 
0.00000000099999999998 0.42836107507292103813 0.03093000724087474965 0.54070891668620402193 
0.00000000099999999998 0.71303660956558723161 0.17693224056729620064 0.11003114886711662379 
0.00000001641289404164 0.40404942497155044157 0.02613748401562900059 0.56981307459992647235 
0.00000000099999999993 0.60333029318088404747 0.10117831754455935966 0.29549138827455678769 
0.03134993288741136364 0.42102887729031684971 0.12856152526455441598 0.41905966455771737067 
0.00000000099999999984 0.00000000099999999984 0.00000000099999999984 0.99999999700000008485 
0.06400016824108334390 0.26587514035355169773 0.14685692446731729577 0.52326776693804766261 
0.00000000099999999988 0.43266239981385951063 0.00000000099999999988 0.56733759818614060144 
0.00000000099999999993 0.61606596520491596625 0.00000000099999999993 0.38393403279508403481 
0.22135492133110251656 0.47339873179866204245 0.00000455402618693018 0.30524179284404850954 
0.00000000099999999993 0.39714532711167360723 0.41658544232174526956 0.18626922956658101271 
0.00000000099999999985 0.00000000099999999985 0.00000000099999999985 0.99999999699999997382 
0.00000000099999999992 0.39873515413094839932 0.00000000099999999992 0.60126484386905143520 
0.00000000099999999998 0.74198811339216053096 0.13086543109986292777 0.12714645450797662507 
0.99999999700000008485 0.00000000099999999967 0.00000000099999999967 0.00000000099999999967 
0.00000000099999999974 0.00000000099999999974 0.99999999699999986280 0.00000000099999999974 
0.00000000099999999999 0.81729322465185472169 0.07512060744067092233 0.10758616690747438427 
0.00000000099999999983 0.00000000099999999983 0.99999999699999997382 0.00000000099999999983 
0.00000000099999999974 0.00000000099999999974 0.99999999699999986280 0.00000000099999999974 
0.00000000099999999974 0.00000000099999999974 0.99999999699999997382 0.00000000099999999974 
0.00000000099999999986 0.99999999700000008485 0.00000000099999999986 0.00000000099999999986 
0.00000000099999999978 0.99999999700000008485 0.00000000099999999978 0.00000000099999999978 
0.00000000099999999987 0.99999999700000008485 0.00000000099999999987 0.00000000099999999987 
0.00000000099999999977 0.99999999699999997382 0.00000000099999999977 0.00000000099999999977 
0.00000000099999999986 0.99999999699999997382 0.00000000099999999986 0.00000000099999999986 
