0.00000000099999999999 0.22943893600206005656 0.16034290345776727738 0.09946229103449916176 0.51075586850567356034 
0.00000000099999999956 0.00000000099999999956 0.99999999600000000211 0.00000000099999999956 0.00000000099999999956 
0.00000000099999999956 0.00000000099999999956 0.99999999599999989108 0.00000000099999999956 0.00000000099999999956 
0.00000000099999999968 0.00000000099999999968 0.00000000099999999968 0.00000000099999999968 0.99999999600000000211 
0.00000000099999999997 0.66281763059953180406 0.14211316740273391424 0.00002111224833192625 0.19504808874940249286 
0.00000000099999999994 0.32001916027055909986 0.35555078577583221211 0.00000000099999999994 0.32443005195360880011 
0.00000000099999999968 0.00000000099999999968 0.00000000099999999968 0.00000000099999999968 0.99999999600000000211 
0.00000000099999999957 0.00000000099999999957 0.99999999599999989108 0.00000000099999999957 0.00000000099999999957 
0.00000000099999999968 0.00000000099999999968 0.00000000099999999968 0.00000000099999999968 0.99999999600000000211 
0.00000000099999999995 0.45557299119265665110 0.00000000099999999995 0.00000055591492846400 0.54442645089241481493 
0.00000000099999999995 0.72257320641819489104 0.00000000099999999995 0.14941400876266502928 0.12801278281914030277 
0.14512803188876507998 0.36575189705483424074 0.00000000099999999999 0.00045130091795941418 0.48866876913844131680 
0.51459200799536830573 0.48535973348929223325 0.00000000099999999992 0.00000000099999999992 0.00004825651533948634 
0.99999999600000011313 0.00000000099999999991 0.00000000099999999991 0.00000000099999999991 0.00000000099999999991 
0.00000000099999999973 0.00000000099999999973 0.00000000099999999973 0.00000000099999999973 0.99999999600000000211 
0.93908476854723743621 0.00000000099999999997 0.06091358445051113513 0.00000164500225151444 0.00000000099999999997 
0.99999999600000011313 0.00000000099999999977 0.00000000099999999977 0.00000000099999999977 0.00000000099999999977 
0.56030365433917062035 0.24889857397001410866 0.00000000099999999994 0.00000000099999999994 0.19079776969081524429 
0.12289238161895400803 0.42252212067188549272 0.21308537928226747860 0.00000000099999999999 0.24150011742689314609 
0.25221032261074544101 0.34207051580771119514 0.00000000099999999992 0.40571915958154347592 0.00000000099999999992 
0.00000000099999999974 0.00000000099999999974 0.00000000099999999974 0.00000000099999999974 0.99999999600000000211 
0.99999999600000000211 0.00000000099999999982 0.00000000099999999982 0.00000000099999999982 0.00000000099999999982 
0.30043080443600139740 0.60879115091507518542 0.00000000099999999997 0.09077804264892334885 0.00000000099999999997 
0.00000000099999999956 0.00000000099999999956 0.99999999599999989108 0.00000000099999999956 0.00000000099999999956 
0.00000000099999999965 0.00000000099999999965 0.00000000099999999965 0.99999999599999989108 0.00000000099999999965 
0.00000000099999999991 0.88394531313813551332 0.00000000099999999991 0.00000000099999999991 0.11605468386186454377 
0.00000000099999999974 0.00000000099999999974 0.00000000099999999974 0.99999999600000000211 0.00000000099999999974 
0.00000000099999999965 0.00000000099999999965 0.00000000099999999965 0.99999999599999989108 0.00000000099999999965 
0.00000000099999999964 0.00000000099999999964 0.00000000099999999964 0.99999999599999989108 0.00000000099999999964 
0.00000000099999999979 0.99999999600000011313 0.00000000099999999979 0.00000000099999999979 0.00000000099999999979 
0.00000000099999999972 0.99999999600000011313 0.00000000099999999972 0.00000000099999999972 0.00000000099999999972 
0.00000000099999999985 0.99999999600000011313 0.00000000099999999985 0.00000000099999999985 0.00000000099999999985 
0.00000000099999999971 0.99999999600000011313 0.00000000099999999971 0.00000000099999999971 0.00000000099999999971 
0.00000000099999999977 0.99999999600000011313 0.00000000099999999977 0.00000000099999999977 0.00000000099999999977 
