0.28261615081070368127 0.16392017172328912644 0.13747217180408746739 0.09634536576599675439 0.00000000099999999999 0.31964613889592313756 
0.00000000099999999947 0.99999999500000003039 0.00000000099999999947 0.00000000099999999947 0.00000000099999999947 0.00000000099999999947 
0.00000000099999999947 0.99999999500000003039 0.00000000099999999947 0.00000000099999999947 0.00000000099999999947 0.00000000099999999947 
0.99999999500000003039 0.00000000099999999944 0.00000000099999999944 0.00000000099999999944 0.00000000099999999944 0.00000000099999999944 
0.00000000099999999992 0.11134669268186805913 0.38931992806172555088 0.00000000099999999992 0.00000000099999999992 0.49933337625640639157 
0.00000000099999999987 0.36096522724882240674 0.14996773317606676423 0.00000000099999999987 0.00000000099999999987 0.48906703657511091388 
0.99999999500000014141 0.00000000099999999944 0.00000000099999999944 0.00000000099999999944 0.00000000099999999944 0.00000000099999999944 
0.00000000099999999947 0.99999999500000014141 0.00000000099999999947 0.00000000099999999947 0.00000000099999999947 0.00000000099999999947 
0.99999999500000003039 0.00000000099999999944 0.00000000099999999944 0.00000000099999999944 0.00000000099999999944 0.00000000099999999944 
0.00000000099999999986 0.00000000099999999986 0.00000000099999999986 0.00000000099999999986 0.00000000099999999986 0.99999999500000003039 
0.00000000099999999993 0.00000000099999999993 0.29936170340358414510 0.13361026199867598319 0.00000000099999999993 0.56702803159773973452 
0.11974007664866007095 0.00000000099999999996 0.14744377077161671674 0.00000000099999999996 0.18491175220943559254 0.54790439837028770409 
0.00067258581275360385 0.00000000099999999992 0.34421387089682431437 0.00000000099999999992 0.45394546069638774810 0.20116808059403434861 
0.00000000099999999991 0.00000000099999999991 0.01495885164746215724 0.00000000099999999991 0.98504114435253775639 0.00000000099999999991 
0.00000000190717116205 0.00000000099999999979 0.00000000099999999979 0.00000000099999999979 0.00000000099999999979 0.99999999409282891438 
0.00000000099999999991 0.01505656422487192461 0.00000000099999999991 0.00000000099999999991 0.98494343177512799770 0.00000000099999999991 
0.00000000099999999979 0.00000000099999999979 0.00000000099999999979 0.00000000099999999979 0.99999999499999991937 0.00000000099999999979 
0.40346292724191440415 0.00000000099999999989 0.59650521884748541890 0.00000000099999999989 0.00003185091060018017 0.00000000099999999989 
0.08015938099829716945 0.21535008093773780335 0.30846220712536409625 0.00000000099999999999 0.15124958505066299352 0.24477874488793802121 
0.00000000099999999992 0.00000000099999999992 0.31108587005347027032 0.43592973816774127638 0.25298438877878848263 0.00000000099999999992 
0.00000000188915011890 0.00000000099999999979 0.00000000099999999979 0.00000000099999999979 0.00000000099999999979 0.99999999411084994350 
0.00000000099999999981 0.00000000099999999981 0.00000000099999999981 0.00000000099999999981 0.99999999500000003039 0.00000000099999999981 
0.00001087262675908964 0.00000000099999999997 0.58511133873419929330 0.12773387252034165695 0.28714391411869999438 0.00000000099999999997 
0.00000000099999999947 0.99999999500000014141 0.00000000099999999947 0.00000000099999999947 0.00000000099999999947 0.00000000099999999947 
0.00000000099999999957 0.00000000099999999957 0.00000000099999999957 0.99999999500000003039 0.00000000099999999957 0.00000000099999999957 
0.00000000099999999985 0.00000000099999999985 0.22998289358183307551 0.00000000099999999985 0.00000000099999999985 0.77001710241816689884 
0.00000000099999999969 0.00000000099999999969 0.00000000099999999969 0.99999999500000003039 0.00000000099999999969 0.00000000099999999969 
0.00000000099999999958 0.00000000099999999958 0.00000000099999999958 0.99999999500000003039 0.00000000099999999958 0.00000000099999999958 
0.00000000099999999956 0.00000000099999999956 0.00000000099999999956 0.99999999499999991937 0.00000000099999999956 0.00000000099999999956 
0.00000000099999999980 0.00000000099999999980 0.66940259684761793668 0.00000000099999999980 0.00000000099999999980 0.33059739915238212093 
0.00000000099999999955 0.00000000099999999955 0.99999999499999991937 0.00000000099999999955 0.00000000099999999955 0.00000000099999999955 
0.00000000099999999976 0.00000000099999999976 0.99999999499999991937 0.00000000099999999976 0.00000000099999999976 0.00000000099999999976 
0.00000000099999999954 0.00000000099999999954 0.99999999499999991937 0.00000000099999999954 0.00000000099999999954 0.00000000099999999954 
0.00000000099999999967 0.00000000099999999967 0.99999999500000003039 0.00000000099999999967 0.00000000099999999967 0.00000000099999999967 
