0.28611129964177928198 0.00000000099999999999 0.09398911777235328946 0.15176450596706894669 0.16045278194439430153 0.08480999774347017239 0.22287229593093405011 
0.00000000099999999935 0.00000000099999999935 0.00000000099999999935 0.99999999400000005867 0.00000000099999999935 0.00000000099999999935 0.00000000099999999935 
0.00000000099999999935 0.00000000099999999935 0.00000000099999999935 0.99999999400000005867 0.00000000099999999935 0.00000000099999999935 0.00000000099999999935 
0.00000000099999999934 0.00000000099999999934 0.00000000099999999934 0.00000000099999999934 0.00000000099999999934 0.00000000099999999934 0.99999999400000005867 
0.00742681162873153489 0.00000000099999999991 0.00000000099999999991 0.17457439739804386791 0.53388377618406868130 0.28411501178915582466 0.00000000099999999991 
0.00000000099999999979 0.00000000099999999979 0.00000000099999999979 0.44519320844157111994 0.55480678655842896596 0.00000000099999999979 0.00000000099999999979 
0.00000000099999999933 0.00000000099999999933 0.00000000099999999933 0.00000000099999999933 0.00000000099999999933 0.00000000099999999933 0.99999999400000005867 
0.00000000099999999935 0.00000000099999999935 0.00000000099999999935 0.99999999400000005867 0.00000000099999999935 0.00000000099999999935 0.00000000099999999935 
0.00000000099999999933 0.00000000099999999933 0.00000000099999999933 0.00000000099999999933 0.00000000099999999933 0.00000000099999999933 0.99999999399999994765 
0.25066670035984650600 0.00000000099999999984 0.00000000099999999984 0.00000000099999999984 0.72518371936187475679 0.00000000099999999984 0.02414957627827865605 
0.12089751200850387680 0.00000000099999999994 0.12193040219568489213 0.00000000099999999994 0.49027854630720374418 0.26689353648860753010 0.00000000099999999994 
0.14393564356304222596 0.00000000099999999994 0.00000000099999999994 0.00000000099999999994 0.63784374265710408469 0.00000000099999999994 0.21822060977985371921 
0.00000000099999999988 0.43267137260309340707 0.00000000099999999988 0.00000000099999999988 0.20778854609473798587 0.32369175509166026039 0.03584832321050824416 
0.00000000099999999987 0.99999396381287419810 0.00000000099999999987 0.00000000099999999987 0.00000000099999999987 0.00000603118712585689 0.00000000099999999987 
0.99999999400000005867 0.00000000099999999920 0.00000000099999999920 0.00000000099999999920 0.00000000099999999920 0.00000000099999999920 0.00000000099999999920 
0.00000171729213229529 0.96200633364989107665 0.00000000099999999993 0.03799194505797660187 0.00000000099999999993 0.00000000099999999993 0.00000000099999999993 
0.00000000099999999970 0.99999999400000005867 0.00000000099999999970 0.00000000099999999970 0.00000000099999999970 0.00000000099999999970 0.00000000099999999970 
0.03378121746722933388 0.26071709930685560419 0.00000000099999999982 0.00000000099999999982 0.00000000099999999982 0.48249898439134125683 0.22300269583457377198 
0.13931180031108023054 0.10590032075904431963 0.00000000099999999999 0.21595983209487054633 0.20300743684920144472 0.25474494129004493503 0.08107566769575853816 
0.00000000099999999991 0.21936232119257007001 0.40675835842404456377 0.00000000099999999991 0.09306973970583803935 0.28080957767754738397 0.00000000099999999991 
0.99999999400000016969 0.00000000099999999920 0.00000000099999999920 0.00000000099999999920 0.00000000099999999920 0.00000000099999999920 0.00000000099999999920 
0.00000000099999999977 0.99999999400000016969 0.00000000099999999977 0.00000000099999999977 0.00000000099999999977 0.00000000099999999977 0.00000000099999999977 
0.00000000099999999996 0.20424630688716954863 0.09552192352532908048 0.00000000099999999996 0.18229634044935494330 0.51793542367026013107 0.00000000346788627719 
0.00000000099999999935 0.00000000099999999935 0.00000000099999999935 0.99999999400000005867 0.00000000099999999935 0.00000000099999999935 0.00000000099999999935 
0.00000000099999999948 0.00000000099999999948 0.99999999400000005867 0.00000000099999999948 0.00000000099999999948 0.00000000099999999948 0.00000000099999999948 
0.29266746548869077005 0.00000000099999999989 0.00000000099999999989 0.00000000099999999989 0.55946311489192523947 0.14786941561938388157 0.00000000099999999989 
0.00000000099999999962 0.00000000099999999962 0.99999999399999994765 0.00000000099999999962 0.00000000099999999962 0.00000000099999999962 0.00000000099999999962 
0.00000000099999999948 0.00000000099999999948 0.99999999400000005867 0.00000000099999999948 0.00000000099999999948 0.00000000099999999948 0.00000000099999999948 
0.00000000099999999947 0.00000000099999999947 0.99999999399999994765 0.00000000099999999947 0.00000000099999999947 0.00000000099999999947 0.00000000099999999947 
0.00000000099999999976 0.00000000099999999976 0.00000000099999999976 0.00000000099999999976 0.34458652572463133179 0.65541346927536869860 0.00000000099999999976 
0.00000000099999999940 0.00000000099999999940 0.00000000099999999940 0.00000000099999999940 0.00000000099999999940 0.99999999400000005867 0.00000000099999999940 
0.00000000099999999967 0.00000000099999999967 0.00000000099999999967 0.00000000099999999967 0.00000000099999999967 0.99999999399999994765 0.00000000099999999967 
0.00000000099999999939 0.00000000099999999939 0.00000000099999999939 0.00000000099999999939 0.00000000099999999939 0.99999999399999994765 0.00000000099999999939 
0.00000000099999999954 0.00000000099999999954 0.00000000099999999954 0.00000000099999999954 0.00000000099999999954 0.99999999400000005867 0.00000000099999999954 
