0.30734225562779882157 0.15757125252155804174 0.16595238802981887583 0.05343439605266192549 0.00000000099999999998 0.24662635628782181296 0.06907333245747022954 0.00000001802287032192 
0.00000000099999999919 0.00000000099999999919 0.99999999299999997593 0.00000000099999999919 0.00000000099999999919 0.00000000099999999919 0.00000000099999999919 0.00000000099999999919 
0.00000000099999999919 0.00000000099999999919 0.99999999299999997593 0.00000000099999999919 0.00000000099999999919 0.00000000099999999919 0.00000000099999999919 0.00000000099999999919 
0.00000000099999999919 0.00000000099999999919 0.00000000099999999919 0.00000000099999999919 0.00000000099999999919 0.99999999299999997593 0.00000000099999999919 0.00000000099999999919 
0.00000000099999999991 0.40732591614299512583 0.11048314240980358636 0.00000000099999999991 0.00000000099999999991 0.00000000099999999991 0.30624581288655877698 0.17594512456064248518 
0.00000000099999999965 0.53743035982408948747 0.46256963417591051568 0.00000000099999999965 0.00000000099999999965 0.00000000099999999965 0.00000000099999999965 0.00000000099999999965 
0.00000000099999999918 0.00000000099999999918 0.00000000099999999918 0.00000000099999999918 0.00000000099999999918 0.99999999299999997593 0.00000000099999999918 0.00000000099999999918 
0.00000000099999999920 0.00000000099999999920 0.99999999299999997593 0.00000000099999999920 0.00000000099999999920 0.00000000099999999920 0.00000000099999999920 0.00000000099999999920 
0.00000000099999999918 0.00000000099999999918 0.00000000099999999918 0.00000000099999999918 0.00000000099999999918 0.99999999300000008695 0.00000000099999999918 0.00000000099999999918 
0.15952426121016097249 0.44461266450570996467 0.00000000099999999984 0.00000000099999999984 0.00000000099999999984 0.02279844647832829016 0.00000000099999999984 0.37306462380580091009 
0.00000000099999999957 0.00000000099999999957 0.00000000099999999957 0.00000000099999999957 0.00000000099999999957 0.00000000099999999957 0.00000000099999999957 0.99999999300000008695 
0.10615133788110535373 0.55213568061055218195 0.00000000099999999993 0.00000000099999999993 0.00000000099999999993 0.23761897999891465338 0.10029171528773640765 0.00380228322169141701 
0.00000000099999999985 0.00000000099999999985 0.00000000099999999985 0.00000000099999999985 0.44558473064335080149 0.06476491721228246068 0.25253627869849581966 0.23711406944587101742 
0.00000000099999999984 0.00000000099999999984 0.00000000099999999984 0.00000000099999999984 0.99941007621888899859 0.00000000099999999984 0.00058991778111102994 0.00000000099999999984 
0.99999999300000008695 0.00000000099999999909 0.00000000099999999909 0.00000000099999999909 0.00000000099999999909 0.00000000099999999909 0.00000000099999999909 0.00000000099999999909 
0.00000218729056594478 0.00000000099999999992 0.03808659690771155903 0.00000000099999999992 0.96191121080172248270 0.00000000099999999992 0.00000000099999999992 0.00000000099999999992 
0.00000000099999999963 0.00000000099999999963 0.00000000099999999963 0.00000000099999999963 0.99999999299999997593 0.00000000099999999963 0.00000000099999999963 0.00000000099999999963 
0.02827554891865164538 0.00000000099999999976 0.00000000099999999976 0.00000000099999999976 0.25534227935545250610 0.23723013408416843140 0.47915203364172742617 0.00000000099999999976 
0.12616044975574278175 0.17482869526754832301 0.22102839984829592002 0.00000000099999999998 0.08920353001368909462 0.09161847716288699928 0.26199106979574032783 0.03516937715609650544 
0.00000000099999999988 0.09310818760376247949 0.00000000099999999988 0.41653629379604772964 0.19874200572144731791 0.00000000099999999988 0.29161350887874243343 0.00000000099999999988 
0.99999999300000008695 0.00000000099999999909 0.00000000099999999909 0.00000000099999999909 0.00000000099999999909 0.00000000099999999909 0.00000000099999999909 0.00000000099999999909 
0.00000000099999999971 0.00000000099999999971 0.00000000099999999971 0.00000000099999999971 0.99999999300000008695 0.00000000099999999971 0.00000000099999999971 0.00000000099999999971 
0.00000000099999999994 0.19535752922084698158 0.00000000099999999994 0.10910060346642556917 0.11069970996859634926 0.00000000099999999994 0.58484215334413103271 0.00000000099999999994 
0.00000000099999999919 0.00000000099999999919 0.99999999299999997593 0.00000000099999999919 0.00000000099999999919 0.00000000099999999919 0.00000000099999999919 0.00000000099999999919 
0.00000000099999999938 0.00000000099999999938 0.00000000099999999938 0.99999999299999997593 0.00000000099999999938 0.00000000099999999938 0.00000000099999999938 0.00000000099999999938 
0.00000000099999999958 0.00000000099999999958 0.00000000099999999958 0.00000000099999999958 0.00000000099999999958 0.00000000099999999958 0.00000000099999999958 0.99999999300000008695 
0.00000000099999999953 0.00000000099999999953 0.00000000099999999953 0.99999999299999997593 0.00000000099999999953 0.00000000099999999953 0.00000000099999999953 0.00000000099999999953 
0.00000000099999999938 0.00000000099999999938 0.00000000099999999938 0.99999999300000008695 0.00000000099999999938 0.00000000099999999938 0.00000000099999999938 0.00000000099999999938 
0.00000000099999999936 0.00000000099999999936 0.00000000099999999936 0.99999999300000008695 0.00000000099999999936 0.00000000099999999936 0.00000000099999999936 0.00000000099999999936 
0.00000000099999999959 0.00000000099999999959 0.00000000099999999959 0.00000000099999999959 0.00000000099999999959 0.00000000099999999959 0.56466550807083160102 0.43533448592916840214 
0.00000000099999999930 0.00000000099999999930 0.00000000099999999930 0.00000000099999999930 0.00000000099999999930 0.00000000099999999930 0.99999999299999997593 0.00000000099999999930 
0.00000000099999999962 0.00000000099999999962 0.00000000099999999962 0.00000000099999999962 0.00000000099999999962 0.00000000099999999962 0.99999999299999997593 0.00000000099999999962 
0.00000000099999999929 0.00000000099999999929 0.00000000099999999929 0.00000000099999999929 0.00000000099999999929 0.00000000099999999929 0.99999999299999997593 0.00000000099999999929 
0.00000000099999999948 0.00000000099999999948 0.00000000099999999948 0.00000000099999999948 0.00000000099999999948 0.00000000099999999948 0.99999999299999997593 0.00000000099999999948 
