0.00000000099999999946 0.00000000099999999946 0.00000000099999999946 0.00000000099999999946 0.00000000099999999946 0.00000000099999999946 0.00000000099999999946 0.00000000099999999946 0.99999999200000000421 
0.00000000099999999912 0.00000000099999999912 0.00000000099999999912 0.00000000099999999912 0.00000000099999999912 0.00000000099999999912 0.99999999200000000421 0.00000000099999999912 0.00000000099999999912 
0.00000000099999999912 0.00000000099999999912 0.00000000099999999912 0.00000000099999999912 0.00000000099999999912 0.00000000099999999912 0.99999999200000000421 0.00000000099999999912 0.00000000099999999912 
0.00000000099999999913 0.99999999200000011523 0.00000000099999999913 0.00000000099999999913 0.00000000099999999913 0.00000000099999999913 0.00000000099999999913 0.00000000099999999913 0.00000000099999999913 
0.18310241409490743414 0.00000000099999999985 0.02566095931426554816 0.00000000099999999985 0.40462070474619032945 0.00000000099999999985 0.08895040202165113707 0.00000000099999999985 0.29766551582298556022 
0.00000000099999999972 0.00000000099999999972 0.00000000099999999972 0.00000000099999999972 0.50274839349449929049 0.00000000099999999972 0.49725159950550079646 0.00000000099999999972 0.00000000099999999972 
0.00000000099999999912 0.99999999200000022626 0.00000000099999999912 0.00000000099999999912 0.00000000099999999912 0.00000000099999999912 0.00000000099999999912 0.00000000099999999912 0.00000000099999999912 
0.00000000099999999912 0.00000000099999999912 0.00000000099999999912 0.00000000099999999912 0.00000000099999999912 0.00000000099999999912 0.99999999200000000421 0.00000000099999999912 0.00000000099999999912 
0.00000000099999999913 0.99999999200000011523 0.00000000099999999913 0.00000000099999999913 0.00000000099999999913 0.00000000099999999913 0.00000000099999999913 0.00000000099999999913 0.00000000099999999913 
0.00000000099999999982 0.05672666217539568123 0.00000000099999999982 0.00000000099999999982 0.65994524445871716178 0.00000000099999999982 0.00000000099999999982 0.28332808736588710463 0.00000000099999999982 
0.15872741804221340844 0.00000000099999999988 0.00000000099999999988 0.10197967820502856773 0.33931486226456220034 0.00000000099999999988 0.00000000099999999988 0.00000000099999999988 0.39997803648819596489 
0.00000001549050653224 0.13225979253776770639 0.00000000099999999989 0.00000000099999999989 0.32998555341079854886 0.13023402726664884410 0.00000000099999999989 0.05417353369013407083 0.35334707460414432889 
0.47971347758148985552 0.05848095756808258799 0.00000000099999999984 0.00000000099999999984 0.14877378116358005999 0.31303177868684756158 0.00000000099999999984 0.00000000099999999984 0.00000000099999999984 
0.00000000099999999978 0.00000000099999999978 0.59370499039401014585 0.00000000099999999978 0.00000000099999999978 0.40629500260598983008 0.00000000099999999978 0.00000000099999999978 0.00000000099999999978 
0.00000000099999999900 0.00000000099999999900 0.00000000099999999900 0.00000000099999999900 0.00000000099999999900 0.00000000099999999900 0.00000000099999999900 0.99999999199999989319 0.00000000099999999900 
0.00000000099999999987 0.00000000099999999987 0.00000000099999999987 0.00000000099999999987 0.00000000099999999987 0.66268746564692915246 0.00000716425773616634 0.01622022081173861083 0.32108514428359619108 
0.00000000099999999954 0.00000000099999999954 0.59092670515118006502 0.00000000099999999954 0.00000000099999999954 0.40907328784881996642 0.00000000099999999954 0.00000000099999999954 0.00000000099999999954 
0.00000000099999999942 0.00000000099999999942 0.99999999200000000421 0.00000000099999999942 0.00000000099999999942 0.00000000099999999942 0.00000000099999999942 0.00000000099999999942 0.00000000099999999942 
0.00000000099999999948 0.00000000099999999948 0.00000000099999999948 0.00000000099999999948 0.00000000099999999948 0.00000000099999999948 0.00000000099999999948 0.00000000099999999948 0.99999999200000000421 
0.36152934126350960709 0.00000000099999999982 0.00000000099999999982 0.43688095747594701823 0.00000000099999999982 0.20158969526054332233 0.00000000099999999982 0.00000000099999999982 0.00000000099999999982 
0.00000000099999999900 0.00000000099999999900 0.00000000099999999900 0.00000000099999999900 0.00000000099999999900 0.00000000099999999900 0.00000000099999999900 0.99999999200000000421 0.00000000099999999900 
0.00000000099999999973 0.00000000099999999973 0.46634395297952591086 0.00000000099999999973 0.00000000099999999973 0.53365604002047395404 0.00000000099999999973 0.00000000099999999973 0.00000000099999999973 
0.26385529696221987628 0.00000000099999999985 0.30437091349422951136 0.07456568794734205752 0.00000000099999999985 0.08271967681270461781 0.00000000099999999985 0.00000000099999999985 0.27448842078350399465 
0.00000000099999999912 0.00000000099999999912 0.00000000099999999912 0.00000000099999999912 0.00000000099999999912 0.00000000099999999912 0.99999999199999989319 0.00000000099999999912 0.00000000099999999912 
0.00000000099999999930 0.00000000099999999930 0.00000000099999999930 0.99999999200000011523 0.00000000099999999930 0.00000000099999999930 0.00000000099999999930 0.00000000099999999930 0.00000000099999999930 
0.00000000099999999975 0.00000000099999999975 0.00000000099999999975 0.00000000099999999975 0.35975134678409581568 0.00000000099999999975 0.00000000099999999975 0.00000000099999999975 0.64024864621590416025 
0.00000000099999999946 0.00000000099999999946 0.00000000099999999946 0.99999999200000011523 0.00000000099999999946 0.00000000099999999946 0.00000000099999999946 0.00000000099999999946 0.00000000099999999946 
0.00000000099999999931 0.00000000099999999931 0.00000000099999999931 0.99999999200000000421 0.00000000099999999931 0.00000000099999999931 0.00000000099999999931 0.00000000099999999931 0.00000000099999999931 
0.00000000099999999928 0.00000000099999999928 0.00000000099999999928 0.99999999200000011523 0.00000000099999999928 0.00000000099999999928 0.00000000099999999928 0.00000000099999999928 0.00000000099999999928 
0.69876598924406441160 0.00000000099999999974 0.00000000099999999974 0.00000000099999999974 0.30123400375593567535 0.00000000099999999974 0.00000000099999999974 0.00000000099999999974 0.00000000099999999974 
0.99999999200000011523 0.00000000099999999928 0.00000000099999999928 0.00000000099999999928 0.00000000099999999928 0.00000000099999999928 0.00000000099999999928 0.00000000099999999928 0.00000000099999999928 
0.54791141557593014966 0.00000000099999999952 0.45208857742407004832 0.00000000099999999952 0.00000000099999999952 0.00000000099999999952 0.00000000099999999952 0.00000000099999999952 0.00000000099999999952 
0.99999999200000022626 0.00000000099999999927 0.00000000099999999927 0.00000000099999999927 0.00000000099999999927 0.00000000099999999927 0.00000000099999999927 0.00000000099999999927 0.00000000099999999927 
0.99999999200000022626 0.00000000099999999941 0.00000000099999999941 0.00000000099999999941 0.00000000099999999941 0.00000000099999999941 0.00000000099999999941 0.00000000099999999941 0.00000000099999999941 
