1.355042457580566406e+00 5.273457169532775879e-01 5.642146468162536621e-01 1.329272985458374023e+00 7.833296060562133789e-01 5.325272083282470703e-01 9.314706921577453613e-01 5.576400160789489746e-01 9.431267976760864258e-01 9.464570879936218262e-01 -4.440447986125946045e-01 -3.716821074485778809e-01 -3.702335059642791748e-01 -3.687725067138671875e-01 -4.187901318073272705e-01 -3.622238337993621826e-01 -4.258514046669006348e-01 -4.147311747074127197e-01 -3.767858147621154785e-01 -3.728753626346588135e-01 -3.964437842369079590e-01 -2.994845509529113770e-01 -3.764036297798156738e-01 9.072927832603454590e-01 -4.625875651836395264e-01 -2.683957219123840332e-01 -4.686567187309265137e-01 -4.840624332427978516e-01 -4.586241543292999268e-01 -4.677766561508178711e-01 -4.385639131069183350e-01 -3.702758848667144775e-01 -4.411953389644622803e-01 -4.800615310668945312e-01
5.273457169532775879e-01 1.056545734405517578e+00 9.703857898712158203e-01 5.259044766426086426e-01 5.948480963706970215e-01 4.568360149860382080e-01 5.468919277191162109e-01 9.658803939819335938e-01 7.485786676406860352e-01 7.488038539886474609e-01 -3.866201937198638916e-01 -3.469796180725097656e-01 -2.907425165176391602e-01 -3.410898447036743164e-01 -3.384788036346435547e-01 -2.608671188354492188e-01 -2.738504111766815186e-01 -2.384593039751052856e-01 -3.301237821578979492e-01 -3.323983252048492432e-01 -3.433739542961120605e-01 -2.458834499120712280e-01 -3.543281257152557373e-01 7.576946616172790527e-01 -4.338806271553039551e-01 -2.653494775295257568e-01 -4.351602792739868164e-01 -4.498284459114074707e-01 -4.314558804035186768e-01 -3.448846638202667236e-01 -3.644839227199554443e-01 -3.150576949119567871e-01 -3.637334704399108887e-01 -3.876581788063049316e-01
5.642146468162536621e-01 9.703857898712158203e-01 1.366344571113586426e+00 5.593860745429992676e-01 7.837085723876953125e-01 6.545695066452026367e-01 6.643908023834228516e-01 1.330594420433044434e+00 9.450232386589050293e-01 9.487730860710144043e-01 -4.566616415977478027e-01 -3.880567252635955811e-01 -4.050853252410888672e-01 -4.003537893295288086e-01 -4.244132339954376221e-01 -3.722198307514190674e-01 -4.314749836921691895e-01 -4.316297471523284912e-01 -3.927829861640930176e-01 -4.141944050788879395e-01 -4.091044366359710693e-01 -3.153199553489685059e-01 -4.143799245357513428e-01 9.748917818069458008e-01 -4.834561049938201904e-01 -3.076912164688110352e-01 -4.828560054302215576e-01 -5.079317092895507812e-01 -4.767237603664398193e-01 -4.643443524837493896e-01 -4.410132765769958496e-01 -3.780765831470489502e-01 -4.401491284370422363e-01 -4.834078848361968994e-01
1.329272985458374023e+00 5.259044766426086426e-01 5.593860745429992676e-01 1.353211760520935059e+00 7.840261459350585938e-01 5.351014733314514160e-01 9.276407361030578613e-01 5.561109185218811035e-01 9.385185241699218750e-01 9.426702857017517090e-01 -4.450349807739257812e-01 -3.703269362449645996e-01 -3.685383796691894531e-01 -3.692231774330139160e-01 -4.195525646209716797e-01 -3.616721630096435547e-01 -4.239248633384704590e-01 -4.148633182048797607e-01 -3.769883513450622559e-01 -3.713476359844207764e-01 -3.955375850200653076e-01 -2.979455590248107910e-01 -3.766568303108215332e-01 9.028437733650207520e-01 -4.629995822906494141e-01 -2.683199942111968994e-01 -4.657440483570098877e-01 -4.841206669807434082e-01 -4.584961533546447754e-01 -4.654185473918914795e-01 -4.371024966239929199e-01 -3.676494657993316650e-01 -4.392695724964141846e-01 -4.778909981250762939e-01
7.833296060562133789e-01 5.948480963706970215e-01 7.837085723876953125e-01 7.840261459350585938e-01 8.692912459373474121e-01 6.527828574180603027e-01 6.661302447319030762e-01 7.807697653770446777e-01 7.818717360496520996e-01 7.835653424263000488e-01 -4.007674157619476318e-01 -3.226616382598876953e-01 -3.151044547557830811e-01 -3.279646039009094238e-01 -3.685575425624847412e-01 -3.115440309047698975e-01 -3.766073584556579590e-01 -3.693767488002777100e-01 -3.013830184936523438e-01 -3.351047635078430176e-01 -3.543725013732910156e-01 -2.353812456130981445e-01 -3.412641286849975586e-01 7.810087203979492188e-01 -4.270666837692260742e-01 -2.341506779193878174e-01 -4.286544620990753174e-01 -4.583216905593872070e-01 -4.128406941890716553e-01 -4.112204611301422119e-01 -3.806222081184387207e-01 -3.243506848812103271e-01 -3.832356035709381104e-01 -4.192124009132385254e-01
5.325272083282470703e-01 4.568360149860382080e-01 6.545695066452026367e-01 5.351014733314514160e-01 6.527828574180603027e-01 8.063127398490905762e-01 4.880669713020324707e-01 6.533597707748413086e-01 5.953494310379028320e-01 5.923354625701904297e-01 -3.350505530834197998e-01 -2.532869875431060791e-01 -2.496577501296997070e-01 -2.649857401847839355e-01 -2.726760208606719971e-01 -2.472722083330154419e-01 -3.152789175510406494e-01 -3.149456679821014404e-01 -2.103787809610366821e-01 -2.635798752307891846e-01 -2.570349574089050293e-01 -1.497308462858200073e-01 -2.780563831329345703e-01 5.876439809799194336e-01 -3.635137677192687988e-01 -1.641718149185180664e-01 -3.676117360591888428e-01 -4.092142283916473389e-01 -3.473260700702667236e-01 -3.477207422256469727e-01 -2.914696037769317627e-01 -2.337315678596496582e-01 -2.928144633769989014e-01 -3.433197140693664551e-01
9.314706921577453613e-01 5.468919277191162109e-01 6.643908023834228516e-01 9.276407361030578613e-01 6.661302447319030762e-01 4.880669713020324707e-01 1.047772645950317383e+00 6.562446951866149902e-01 7.920312285423278809e-01 7.951872944831848145e-01 -3.699223399162292480e-01 -2.868483364582061768e-01 -2.636653780937194824e-01 -3.544179201126098633e-01 -4.116430282592773438e-01 -2.691142261028289795e-01 -3.321921825408935547e-01 -3.265649378299713135e-01 -3.234510421752929688e-01 -3.706836104393005371e-01 -3.976979553699493408e-01 -1.235187128186225891e-01 -3.168190717697143555e-01 7.884847521781921387e-01 -4.561078250408172607e-01 -1.869774609804153442e-01 -4.613036811351776123e-01 -4.758566319942474365e-01 -4.552968740463256836e-01 -4.168285727500915527e-01 -4.242703914642333984e-01 -3.504462838172912598e-01 -4.271794855594635010e-01 -4.650196135044097900e-01
5.576400160789489746e-01 9.658803939819335938e-01 1.330594420433044434e+00 5.561109185218811035e-01 7.807697653770446777e-01 6.533597707748413086e-01 6.562446951866149902e-01 1.351161479949951172e+00 9.416578412055969238e-01 9.412115812301635742e-01 -4.516671299934387207e-01 -3.863492012023925781e-01 -4.016573131084442139e-01 -3.975661993026733398e-01 -4.220556318759918213e-01 -3.718223273754119873e-01 -4.294237196445465088e-01 -4.296478927135467529e-01 -3.890242576599121094e-01 -4.111462831497192383e-01 -4.094743430614471436e-01 -3.132464289665222168e-01 -4.104820191860198975e-01 9.697054028511047363e-01 -4.827805757522583008e-01 -3.044793009757995605e-01 -4.847907423973083496e-01 -5.048207044601440430e-01 -4.784718751907348633e-01 -4.609714746475219727e-01 -4.373231828212738037e-01 -3.758395016193389893e-01 -4.378980100154876709e-01 -4.803997576236724854e-01
9.431267976760864258e-01 7.485786676406860352e-01 9.450232386589050293e-01 9.385185241699218750e-01 7.818717360496520996e-01 5.953494310379028320e-01 7.920312285423278809e-01 9.416578412055969238e-01 9.720280766487121582e-01 9.442121982574462891e-01 -4.490934610366821289e-01 -3.787199854850769043e-01 -3.870571255683898926e-01 -3.823647797107696533e-01 -4.207190573215484619e-01 -3.684079945087432861e-01 -4.291002750396728516e-01 -4.242812395095825195e-01 -3.835234045982360840e-01 -3.901782035827636719e-01 -4.029161632061004639e-01 -3.066374063491821289e-01 -3.940780758857727051e-01 9.378675818443298340e-01 -4.704712033271789551e-01 -2.862518429756164551e-01 -4.754115045070648193e-01 -4.929770231246948242e-01 -4.678938984870910645e-01 -4.669807255268096924e-01 -4.375813007354736328e-01 -3.732204735279083252e-01 -4.385605752468109131e-01 -4.820528328418731689e-01
9.464570879936218262e-01 7.488038539886474609e-01 9.487730860710144043e-01 9.426702857017517090e-01 7.835653424263000488e-01 5.923354625701904297e-01 7.951872944831848145e-01 9.412115812301635742e-01 9.442121982574462891e-01 9.725790619850158691e-01 -4.482674002647399902e-01 -3.781713247299194336e-01 -3.872720301151275635e-01 -3.849946260452270508e-01 -4.225383400917053223e-01 -3.662151098251342773e-01 -4.280128479003906250e-01 -4.244186878204345703e-01 -3.830547928810119629e-01 -3.929985165596008301e-01 -4.042077064514160156e-01 -3.090901672840118408e-01 -3.942754864692687988e-01 9.404532313346862793e-01 -4.726353585720062256e-01 -2.858364880084991455e-01 -4.763899743556976318e-01 -4.953233897686004639e-01 -4.688794314861297607e-01 -4.642312824726104736e-01 -4.371276795864105225e-01 -3.737248182296752930e-01 -4.363473951816558838e-01 -4.798367917537689209e-01
-4.440447986125946045e-01 -3.866201937198638916e-01 -4.566616415977478027e-01 -4.450349807739257812e-01 -4.007674157619476318e-01 -3.350505530834197998e-01 -3.699223399162292480e-01 -4.516671299934387207e-01 -4.490934610366821289e-01 -4.482674002647399902e-01 1.136295199394226074e+00 8.685244619846343994e-02 1.715094447135925293e-01 6.851340830326080322e-02 5.614811927080154419e-02 -1.315775699913501740e-02 -5.628923326730728149e-02 -1.015968322753906250e-01 6.890103220939636230e-02 5.197042599320411682e-02 -7.586167007684707642e-02 -2.322544902563095093e-02 9.175930172204971313e-02 -4.444318413734436035e-01 6.276126503944396973e-01 9.175041317939758301e-02 6.294679641723632812e-01 9.855213761329650879e-01 5.176904797554016113e-01 7.928862422704696655e-02 1.017021685838699341e-01 1.366479843854904175e-01 1.020057573914527893e-01 -1.947079040110111237e-02
-3.716821074485778809e-01 -3.469796180725097656e-01 -3.880567252635955811e-01 -3.703269362449645996e-01 -3.226616382598876953e-01 -2.532869875431060791e-01 -2.868483364582061768e-01 -3.863492012023925781e-01 -3.787199854850769043e-01 -3.781713247299194336e-01 8.685244619846343994e-02 1.103975772857666016e+00 3.169072270393371582e-01 2.433164417743682861e-01 -4.218718782067298889e-02 2.130284011363983154e-01 1.437692344188690186e-01 5.077166855335235596e-02 1.757156848907470703e-01 1.939761191606521606e-01 -5.616249144077301025e-02 2.303761243820190430e-01 5.561307668685913086e-01 -3.763886690139770508e-01 2.409608848392963409e-02 9.592170268297195435e-02 2.843053452670574188e-02 1.357632223516702652e-02 3.133758902549743652e-02 1.320578604936599731e-01 6.470154225826263428e-02 9.853447973728179932e-02 6.798887252807617188e-02 9.228598326444625854e-02
-3.702335059642791748e-01 -2.907425165176391602e-01 -4.050853252410888672e-01 -3.685383796691894531e-01 -3.151044547557830811e-01 -2.496577501296997070e-01 -2.636653780937194824e-01 -4.016573131084442139e-01 -3.870571255683898926e-01 -3.872720301151275635e-01 1.715094447135925293e-01 3.169072270393371582e-01 1.376134514808654785e+00 1.033618152141571045e-01 -7.912813872098922729e-02 3.454602658748626709e-01 2.638987302780151367e-01 1.698350310325622559e-01 2.919421195983886719e-01 1.191933304071426392e-01 -1.138541847467422485e-01 2.764597833156585693e-01 2.207633703947067261e-01 -3.822632133960723877e-01 5.958463251590728760e-02 9.292493015527725220e-02 5.901277437806129456e-02 3.939732536673545837e-02 3.727545961737632751e-02 1.645019054412841797e-01 -2.657441422343254089e-02 4.391268640756607056e-02 -2.583792246878147125e-02 -4.142946377396583557e-02
-3.687725067138671875e-01 -3.410898447036743164e-01 -4.003537893295288086e-01 -3.692231774330139160e-01 -3.279646039009094238e-01 -2.649857401847839355e-01 -3.544179201126098633e-01 -3.975661993026733398e-01 -3.823647797107696533e-01 -3.849946260452270508e-01 6.851340830326080322e-02 2.433164417743682861e-01 1.033618152141571045e-01 1.161574363708496094e+00 1.683763116598129272e-01 4.307739436626434326e-02 3.115018643438816071e-02 -1.000779867172241211e-01 1.522872596979141235e-01 4.350828528404235840e-01 2.091832756996154785e-01 4.265598580241203308e-02 3.329339921474456787e-01 -3.828711807727813721e-01 7.488659769296646118e-02 2.274954766035079956e-01 7.476070523262023926e-02 4.605364799499511719e-02 9.838808327913284302e-02 1.821105033159255981e-01 8.739995211362838745e-02 1.551057845354080200e-01 8.798450976610183716e-02 5.500556528568267822e-02
-4.187901318073272705e-01 -3.384788036346435547e-01 -4.244132339954376221e-01 -4.195525646209716797e-01 -3.685575425624847412e-01 -2.726760208606719971e-01 -4.116430282592773438e-01 -4.220556318759918213e-01 -4.207190573215484619e-01 -4.225383400917053223e-01 5.614811927080154419e-02 -4.218718782067298889e-02 -7.912813872098922729e-02 1.683763116598129272e-01 1.822825551033020020e+00 -6.074465438723564148e-02 -1.277826428413391113e-01 -1.631415188312530518e-01 1.001074835658073425e-01 2.142402976751327515e-01 1.796720147132873535e+00 -1.090373694896697998e-01 8.877867460250854492e-02 -4.196366071701049805e-01 1.221267580986022949e-01 1.919190585613250732e-02 1.195416525006294250e-01 8.676136843860149384e-03 1.331736296415328979e-01 1.238218545913696289e-01 5.772819370031356812e-02 9.906765073537826538e-02 5.603050813078880310e-02 -1.869284175336360931e-02
-3.622238337993621826e-01 -2.608671188354492188e-01 -3.722198307514190674e-01 -3.616721630096435547e-01 -3.115440309047698975e-01 -2.472722083330154419e-01 -2.691142261028289795e-01 -3.718223273754119873e-01 -3.684079945087432861e-01 -3.662151098251342773e-01 -1.315775699913501740e-02 2.130284011363983154e-01 3.454602658748626709e-01 4.307739436626434326e-02 -6.074465438723564148e-02 1.318956255912780762e+00 5.224738121032714844e-01 5.612069964408874512e-01 2.585455775260925293e-01 5.741779506206512451e-02 -7.015468925237655640e-02 4.130173623561859131e-01 1.978823691606521606e-01 -3.738663494586944580e-01 -6.644851714372634888e-02 7.342375069856643677e-02 -6.835178285837173462e-02 -1.310452520847320557e-01 -6.051466241478919983e-02 1.311744302511215210e-01 9.845251915976405144e-04 -2.908234298229217529e-02 -1.241254358319565654e-04 6.370402872562408447e-02
-4.258514046669006348e-01 -2.738504111766815186e-01 -4.314749836921691895e-01 -4.239248633384704590e-01 -3.766073584556579590e-01 -3.152789175510406494e-01 -3.321921825408935547e-01 -4.294237196445465088e-01 -4.291002750396728516e-01 -4.280128479003906250e-01 -5.628923326730728149e-02 1.437692344188690186e-01 2.638987302780151367e-01 3.115018643438816071e-02 -1.277826428413391113e-01 5.224738121032714844e-01 1.606486082077026367e+00 1.596514225006103516e+00 3.363379538059234619e-01 3.415011987090110779e-02 -1.274018287658691406e-01 8.787955641746520996e-01 3.266892209649085999e-02 -4.295384287834167480e-01 -1.684008240699768066e-01 1.134191900491714478e-01 -1.595489680767059326e-01 -2.065279185771942139e-01 -1.569674015045166016e-01 4.258615896105766296e-02 -6.841332465410232544e-02 -7.686056941747665405e-02 -6.498933583498001099e-02 -3.644961118698120117e-02
-4.147311747074127197e-01 -2.384593039751052856e-01 -4.316297471523284912e-01 -4.148633182048797607e-01 -3.693767488002777100e-01 -3.149456679821014404e-01 -3.265649378299713135e-01 -4.296478927135467529e-01 -4.242812395095825195e-01 -4.244186878204345703e-01 -1.015968322753906250e-01 5.077166855335235596e-02 1.698350310325622559e-01 -1.000779867172241211e-01 -1.631415188312530518e-01 5.612069964408874512e-01 1.596514225006103516e+00 2.633296012878417969e+00 3.459289968013763428e-01 -1.204401925206184387e-01 -2.033303081989288330e-01 3.908540904521942139e-01 -6.106421351432800293e-02 -4.291024208068847656e-01 -1.938473880290985107e-01 1.804678887128829956e-01 -1.925649493932723999e-01 -2.460092604160308838e-01 -1.927385181188583374e-01 1.704092882573604584e-02 -2.203586883842945099e-02 -4.910791292786598206e-02 -2.149214595556259155e-02 1.404409669339656830e-02
-3.767858147621154785e-01 -3.301237821578979492e-01 -3.927829861640930176e-01 -3.769883513450622559e-01 -3.013830184936523438e-01 -2.103787809610366821e-01 -3.234510421752929688e-01 -3.890242576599121094e-01 -3.835234045982360840e-01 -3.830547928810119629e-01 6.890103220939636230e-02 1.757156848907470703e-01 2.919421195983886719e-01 1.522872596979141235e-01 1.001074835658073425e-01 2.585455775260925293e-01 3.363379538059234619e-01 3.459289968013763428e-01 1.308953523635864258e+00 1.730146110057830811e-01 1.271539181470870972e-01 2.842479050159454346e-01 1.585500687360763550e-01 -3.859460651874542236e-01 -1.806947775185108185e-02 5.766157433390617371e-02 -2.132068574428558350e-02 -2.264943160116672516e-02 -4.821193218231201172e-02 8.235900104045867920e-02 -5.614112131297588348e-03 5.951500684022903442e-02 -7.012310437858104706e-03 -1.373993698507547379e-02
-3.728753626346588135e-01 -3.323983252048492432e-01 -4.141944050788879395e-01 -3.713476359844207764e-01 -3.351047635078430176e-01 -2.635798752307891846e-01 -3.706836104393005371e-01 -4.111462831497192383e-01 -3.901782035827636719e-01 -3.929985165596008301e-01 5.197042599320411682e-02 1.939761191606521606e-01 1.191933304071426392e-01 4.350828528404235840e-01 2.142402976751327515e-01 5.741779506206512451e-02 3.415011987090110779e-02 -1.204401925206184387e-01 1.730146110057830811e-01 1.211899995803833008e+00 2.486926168203353882e-01 1.045541465282440186e-01 1.353974938392639160e-01 -3.961774706840515137e-01 7.164471596479415894e-02 1.463430225849151611e-01 7.163189351558685303e-02 1.231175959110260010e-01 2.717422507703304291e-02 3.286534547805786133e-01 8.367271721363067627e-02 2.817432768642902374e-02 7.921960949897766113e-02 2.279937416315078735e-01
-3.964437842369079590e-01 -3.433739542961120605e-01 -4.091044366359710693e-01 -3.955375850200653076e-01 -3.543725013732910156e-01 -2.570349574089050293e-01 -3.976979553699493408e-01 -4.094743430614471436e-01 -4.029161632061004639e-01 -4.042077064514160156e-01 -7.586167007684707642e-02 -5.616249144077301025e-02 -1.138541847467422485e-01 2.091832756996154785e-01 1.796720147132873535e+00 -7.015468925237655640e-02 -1.274018287658691406e-01 -2.033303081989288330e-01 1.271539181470870972e-01 2.486926168203353882e-01 2.253519058227539062e+00 -9.153595566749572754e-02 7.130192220211029053e-02 -4.034105241298675537e-01 4.648904129862785339e-02 1.669997349381446838e-02 4.545737057924270630e-02 -8.197657763957977295e-02 5.866163596510887146e-02 1.547718793153762817e-01 -1.022436481434851885e-04 1.634359918534755707e-02 -5.671800463460385799e-04 -1.658288948237895966e-02
-2.994845509529113770e-01 -2.458834499120712280e-01 -3.153199553489685059e-01 -2.979455590248107910e-01 -2.353812456130981445e-01 -1.497308462858200073e-01 -1.235187128186225891e-01 -3.132464289665222168e-01 -3.066374063491821289e-01 -3.090901672840118408e-01 -2.322544902563095093e-02 2.303761243820190430e-01 2.764597833156585693e-01 4.265598580241203308e-02 -1.090373694896697998e-01 4.130173623561859131e-01 8.787955641746520996e-01 3.908540904521942139e-01 2.842479050159454346e-01 1.045541465282440186e-01 -9.153595566749572754e-02 1.402133464813232422e+00 8.037842065095901489e-02 -3.101036548614501953e-01 -1.491410285234451294e-01 1.342332810163497925e-01 -1.498692333698272705e-01 -1.803767532110214233e-01 -1.469247788190841675e-01 2.434047870337963104e-02 -1.234962791204452515e-01 -1.149914264678955078e-01 -1.248130053281784058e-01 -1.100017949938774109e-01
-3.764036297798156738e-01 -3.543281257152557373e-01 -4.143799245357513428e-01 -3.766568303108215332e-01 -3.412641286849975586e-01 -2.780563831329345703e-01 -3.168190717697143555e-01 -4.104820191860198975e-01 -3.940780758857727051e-01 -3.942754864692687988e-01 9.175930172204971313e-02 5.561307668685913086e-01 2.207633703947067261e-01 3.329339921474456787e-01 8.877867460250854492e-02 1.978823691606521606e-01 3.266892209649085999e-02 -6.106421351432800293e-02 1.585500687360763550e-01 1.353974938392639160e-01 7.130192220211029053e-02 8.037842065095901489e-02 1.209798455238342285e+00 -3.934672772884368896e-01 8.224805444478988647e-02 -2.710803644731640816e-03 8.204593509435653687e-02 8.401720970869064331e-02 8.356136083602905273e-02 9.970522671937942505e-02 6.711040437221527100e-02 3.190830051898956299e-01 6.607831269502639771e-02 4.414514452219009399e-02
9.072927832603454590e-01 7.576946616172790527e-01 9.748917818069458008e-01 9.028437733650207520e-01 7.810087203979492188e-01 5.876439809799194336e-01 7.884847521781921387e-01 9.697054028511047363e-01 9.378675818443298340e-01 9.404532313346862793e-01 -4.444318413734436035e-01 -3.763886690139770508e-01 -3.822632133960723877e-01 -3.828711807727813721e-01 -4.196366071701049805e-01 -3.738663494586944580e-01 -4.295384287834167480e-01 -4.291024208068847656e-01 -3.859460651874542236e-01 -3.961774706840515137e-01 -4.034105241298675537e-01 -3.101036548614501953e-01 -3.934672772884368896e-01 9.962210059165954590e-01 -4.666413962841033936e-01 -2.893880605697631836e-01 -4.702231287956237793e-01 -4.900828003883361816e-01 -4.632630348205566406e-01 -4.681042432785034180e-01 -4.376685619354248047e-01 -3.706962168216705322e-01 -4.379332959651947021e-01 -4.877275526523590088e-01
-4.625875651836395264e-01 -4.338806271553039551e-01 -4.834561049938201904e-01 -4.629995822906494141e-01 -4.270666837692260742e-01 -3.635137677192687988e-01 -4.561078250408172607e-01 -4.827805757522583008e-01 -4.704712033271789551e-01 -4.726353585720062256e-01 6.276126503944396973e-01 2.409608848392963409e-02 5.958463251590728760e-02 7.488659769296646118e-02 1.221267580986022949e-01 -6.644851714372634888e-02 -1.684008240699768066e-01 -1.938473880290985107e-01 -1.806947775185108185e-02 7.164471596479415894e-02 4.648904129862785339e-02 -1.491410285234451294e-01 8.224805444478988647e-02 -4.666413962841033936e-01 1.132724642753601074e+00 3.640677779912948608e-02 1.089018464088439941e+00 1.071738958358764648e+00 1.051647424697875977e+00 3.001558035612106323e-02 5.539603531360626221e-02 9.925451129674911499e-02 5.518519133329391479e-02 -4.854365438222885132e-02
-2.683957219123840332e-01 -2.653494775295257568e-01 -3.076912164688110352e-01 -2.683199942111968994e-01 -2.341506779193878174e-01 -1.641718149185180664e-01 -1.869774609804153442e-01 -3.044793009757995605e-01 -2.862518429756164551e-01 -2.858364880084991455e-01 9.175041317939758301e-02 9.592170268297195435e-02 9.292493015527725220e-02 2.274954766035079956e-01 1.919190585613250732e-02 7.342375069856643677e-02 1.134191900491714478e-01 1.804678887128829956e-01 5.766157433390617371e-02 1.463430225849151611e-01 1.669997349381446838e-02 1.342332810163497925e-01 -2.710803644731640816e-03 -2.893880605697631836e-01 3.640677779912948608e-02 1.115582346916198730e+00 3.563801571726799011e-02 7.014470547437667847e-02 5.631940066814422607e-02 8.379852026700973511e-02 5.381448566913604736e-02 8.171419799327850342e-02 5.376962199807167053e-02 4.917688295245170593e-02
-4.686567187309265137e-01 -4.351602792739868164e-01 -4.828560054302215576e-01 -4.657440483570098877e-01 -4.286544620990753174e-01 -3.676117360591888428e-01 -4.613036811351776123e-01 -4.847907423973083496e-01 -4.754115045070648193e-01 -4.763899743556976318e-01 6.294679641723632812e-01 2.843053452670574188e-02 5.901277437806129456e-02 7.476070523262023926e-02 1.195416525006294250e-01 -6.835178285837173462e-02 -1.595489680767059326e-01 -1.925649493932723999e-01 -2.132068574428558350e-02 7.163189351558685303e-02 4.545737057924270630e-02 -1.498692333698272705e-01 8.204593509435653687e-02 -4.702231287956237793e-01 1.089018464088439941e+00 3.563801571726799011e-02 1.156157135963439941e+00 1.079551815986633301e+00 1.068716883659362793e+00 2.767696417868137360e-02 5.342344194650650024e-02 9.733469784259796143e-02 5.356653407216072083e-02 -4.793452844023704529e-02
-4.840624332427978516e-01 -4.498284459114074707e-01 -5.079317092895507812e-01 -4.841206669807434082e-01 -4.583216905593872070e-01 -4.092142283916473389e-01 -4.758566319942474365e-01 -5.048207044601440430e-01 -4.929770231246948242e-01 -4.953233897686004639e-01 9.855213761329650879e-01 1.357632223516702652e-02 3.939732536673545837e-02 4.605364799499511719e-02 8.676136843860149384e-03 -1.310452520847320557e-01 -2.065279185771942139e-01 -2.460092604160308838e-01 -2.264943160116672516e-02 1.231175959110260010e-01 -8.197657763957977295e-02 -1.803767532110214233e-01 8.401720970869064331e-02 -4.900828003883361816e-01 1.071738958358764648e+00 7.014470547437667847e-02 1.079551815986633301e+00 1.804895758628845215e+00 8.753344416618347168e-01 2.104614675045013428e-02 2.047154493629932404e-02 6.842017173767089844e-02 1.631085388362407684e-02 -7.149332761764526367e-02
-4.586241543292999268e-01 -4.314558804035186768e-01 -4.767237603664398193e-01 -4.584961533546447754e-01 -4.128406941890716553e-01 -3.473260700702667236e-01 -4.552968740463256836e-01 -4.784718751907348633e-01 -4.678938984870910645e-01 -4.688794314861297607e-01 5.176904797554016113e-01 3.133758902549743652e-02 3.727545961737632751e-02 9.838808327913284302e-02 1.331736296415328979e-01 -6.051466241478919983e-02 -1.569674015045166016e-01 -1.927385181188583374e-01 -4.821193218231201172e-02 2.717422507703304291e-02 5.866163596510887146e-02 -1.469247788190841675e-01 8.356136083602905273e-02 -4.632630348205566406e-01 1.051647424697875977e+00 5.631940066814422607e-02 1.068716883659362793e+00 8.753344416618347168e-01 1.269211769104003906e+00 3.534066677093505859e-02 8.809047192335128784e-02 1.205145940184593201e-01 8.918307721614837646e-02 -3.863763529807329178e-03
-4.677766561508178711e-01 -3.448846638202667236e-01 -4.643443524837493896e-01 -4.654185473918914795e-01 -4.112204611301422119e-01 -3.477207422256469727e-01 -4.168285727500915527e-01 -4.609714746475219727e-01 -4.669807255268096924e-01 -4.642312824726104736e-01 7.928862422704696655e-02 1.320578604936599731e-01 1.645019054412841797e-01 1.821105033159255981e-01 1.238218545913696289e-01 1.311744302511215210e-01 4.258615896105766296e-02 1.704092882573604584e-02 8.235900104045867920e-02 3.286534547805786133e-01 1.547718793153762817e-01 2.434047870337963104e-02 9.970522671937942505e-02 -4.681042432785034180e-01 3.001558035612106323e-02 8.379852026700973511e-02 2.767696417868137360e-02 2.104614675045013428e-02 3.534066677093505859e-02 1.090291380882263184e+00 4.781264960765838623e-01 1.149803493171930313e-02 4.769451022148132324e-01 9.969903826713562012e-01
-4.385639131069183350e-01 -3.644839227199554443e-01 -4.410132765769958496e-01 -4.371024966239929199e-01 -3.806222081184387207e-01 -2.914696037769317627e-01 -4.242703914642333984e-01 -4.373231828212738037e-01 -4.375813007354736328e-01 -4.371276795864105225e-01 1.017021685838699341e-01 6.470154225826263428e-02 -2.657441422343254089e-02 8.739995211362838745e-02 5.772819370031356812e-02 9.845251915976405144e-04 -6.841332465410232544e-02 -2.203586883842945099e-02 -5.614112131297588348e-03 8.367271721363067627e-02 -1.022436481434851885e-04 -1.234962791204452515e-01 6.711040437221527100e-02 -4.376685619354248047e-01 5.539603531360626221e-02 5.381448566913604736e-02 5.342344194650650024e-02 2.047154493629932404e-02 8.809047192335128784e-02 4.781264960765838623e-01 9.984487891197204590e-01 6.823908090591430664e-01 9.730141162872314453e-01 9.393137097358703613e-01
-3.702758848667144775e-01 -3.150576949119567871e-01 -3.780765831470489502e-01 -3.676494657993316650e-01 -3.243506848812103271e-01 -2.337315678596496582e-01 -3.504462838172912598e-01 -3.758395016193389893e-01 -3.732204735279083252e-01 -3.737248182296752930e-01 1.366479843854904175e-01 9.853447973728179932e-02 4.391268640756607056e-02 1.551057845354080200e-01 9.906765073537826538e-02 -2.908234298229217529e-02 -7.686056941747665405e-02 -4.910791292786598206e-02 5.951500684022903442e-02 2.817432768642902374e-02 1.634359918534755707e-02 -1.149914264678955078e-01 3.190830051898956299e-01 -3.706962168216705322e-01 9.925451129674911499e-02 8.171419799327850342e-02 9.733469784259796143e-02 6.842017173767089844e-02 1.205145940184593201e-01 1.149803493171930313e-02 6.823908090591430664e-01 1.387053489685058594e+00 6.863393783569335938e-01 -3.748583793640136719e-02
-4.411953389644622803e-01 -3.637334704399108887e-01 -4.401491284370422363e-01 -4.392695724964141846e-01 -3.832356035709381104e-01 -2.928144633769989014e-01 -4.271794855594635010e-01 -4.378980100154876709e-01 -4.385605752468109131e-01 -4.363473951816558838e-01 1.020057573914527893e-01 6.798887252807617188e-02 -2.583792246878147125e-02 8.798450976610183716e-02 5.603050813078880310e-02 -1.241254358319565654e-04 -6.498933583498001099e-02 -2.149214595556259155e-02 -7.012310437858104706e-03 7.921960949897766113e-02 -5.671800463460385799e-04 -1.248130053281784058e-01 6.607831269502639771e-02 -4.379332959651947021e-01 5.518519133329391479e-02 5.376962199807167053e-02 5.356653407216072083e-02 1.631085388362407684e-02 8.918307721614837646e-02 4.769451022148132324e-01 9.730141162872314453e-01 6.863393783569335938e-01 1.008557915687561035e+00 9.410106539726257324e-01
-4.800615310668945312e-01 -3.876581788063049316e-01 -4.834078848361968994e-01 -4.778909981250762939e-01 -4.192124009132385254e-01 -3.433197140693664551e-01 -4.650196135044097900e-01 -4.803997576236724854e-01 -4.820528328418731689e-01 -4.798367917537689209e-01 -1.947079040110111237e-02 9.228598326444625854e-02 -4.142946377396583557e-02 5.500556528568267822e-02 -1.869284175336360931e-02 6.370402872562408447e-02 -3.644961118698120117e-02 1.404409669339656830e-02 -1.373993698507547379e-02 2.279937416315078735e-01 -1.658288948237895966e-02 -1.100017949938774109e-01 4.414514452219009399e-02 -4.877275526523590088e-01 -4.854365438222885132e-02 4.917688295245170593e-02 -4.793452844023704529e-02 -7.149332761764526367e-02 -3.863763529807329178e-03 9.969903826713562012e-01 9.393137097358703613e-01 -3.748583793640136719e-02 9.410106539726257324e-01 2.047024726867675781e+00
