0.99999999800000005656 0.00000000099999999979 0.00000000099999999979 
0.99999999800000005656 0.00000000099999999978 0.00000000099999999978 
0.99999999800000005656 0.00000000099999999977 0.00000000099999999977 
0.06627882409933000263 0.23373934883955985176 0.69998182706111011786 
0.07370974660037142578 0.21646527564959322509 0.70982497775003539076 
0.22109196547373696773 0.02060341545245560416 0.75830461907380741771 
0.22491355927737732845 0.03907057087112686400 0.73601586985149580755 
0.21113866936343561598 0.05237654606727935175 0.73648478456928501146 
0.21130833007564070458 0.03230297657058587429 0.75638869335377356684 
0.21460031068980514601 0.03422865943881577694 0.75117102987137907011 
0.21341773960798310350 0.04155688549389698755 0.74502537489811992977 
0.19841902757966370374 0.06104345400534920418 0.74053751841498716146 
0.22230426449169557457 0.02688039050612923975 0.75081534500217517181 
0.22304768345440437183 0.03153963802170251657 0.74541267852389314630 
0.22293007417271495929 0.04575653340399749719 0.73131339242328741168 
0.00000000099999999998 0.03862833684718274679 0.96137166215281733006 
0.14095197504686046708 0.00792526459456175010 0.85112276035857770129 
0.02512988148998415369 0.00775209462541292995 0.96711802388460299529 
0.01508169035490779242 0.00484050342306020093 0.98007780622203199972 
0.02755831198383450198 0.00961261846436858511 0.96282906955179681230 
0.06702523188978030955 0.00729106498643267934 0.92568370312378700504 
0.07592609543069694933 0.00000000100000000000 0.92407390356930296793 
0.05371724535131841560 0.01329039025363547982 0.93299236439504618090 
0.00590016451623576882 0.00000000099999999999 0.99409983448376437742 
0.01019217842939980183 0.00000000100000000000 0.98980782057060012757 
0.03331660825961740846 0.00672915796310910672 0.95995423377727351344 
0.01228755697838004000 0.00000000100000000000 0.98771244202162000736 
0.01625441381373515445 0.00996358130238224511 0.97378200488388255707 
0.09002907900548434705 0.12491174329392075448 0.78505917770059485683 
0.19725451345410174864 0.06618216139244779972 0.73656332515345046552 
0.18514190081580925162 0.06913208641299847801 0.74572601277119221486 
0.19260802982468455680 0.06441371901338399653 0.74297825116193150219 
0.18226049524078807851 0.06989018068141371332 0.74784932407779824981 
0.17934198454187058602 0.06655147670073492672 0.75410653875739452889 
0.19072599267213027896 0.06398209576211955074 0.74529191156575025357 
0.17927423349689369791 0.06793838407895419484 0.75278738242415210724 
0.63631054747591853094 0.00000402297371908103 0.36368542955036242681 
0.45531832436912200723 0.03728445846582828516 0.50739721716504981863 
0.58525384842267225149 0.02267731576303586016 0.39206883581429197161 
0.01761712909755162176 0.04589868632005515009 0.93648418458239324202 
0.01810161068193651829 0.05172690216403508928 0.93017148715402830916 
0.06465868709307158457 0.06199745390493388575 0.87334385900199451580 
0.04367752457454752990 0.05767359352148263701 0.89864888190396985390 
0.00000000099999999998 0.00000000099999999998 0.99999999800000005656 
0.00000000099999999995 0.00000000099999999995 0.99999999799999994554 
0.00000000099999999995 0.00000000099999999995 0.99999999800000005656 
0.00000000099999999995 0.00000000099999999995 0.99999999800000005656 
0.05942434672803535711 0.05980507086888363355 0.88077058240308103709 
0.17461535603447339571 0.00000000099999999999 0.82538464296552660482 
0.00000007938213455703 0.06292150079882857794 0.93707841981903672313 
0.00000000099999999997 0.00000000099999999997 0.99999999799999994554 
0.13712975444145222848 0.01206702083255722577 0.85080322472599057004 
0.16979891429511054235 0.03239946054761533301 0.79780162515727404138 
0.05828422247844734783 0.06965994192085775416 0.87205583560069477311 
0.00000000100000000000 0.00571558426346922398 0.99428441473653073057 
0.00000000099999999998 0.00000000099999999998 0.99999999799999994554 
0.00000000099999999997 0.00000000099999999997 0.99999999799999994554 
0.09747012580299464768 0.04519633882535940145 0.85733353537164602720 
0.09423241269667963216 0.06336475788770175310 0.84240282941561861474 
0.08307765169542093153 0.07991977322184574961 0.83700257508273345763 
0.21701475329501573874 0.00000000100000000000 0.78298524570498428954 
0.00021210171882524146 0.06664773672515852954 0.93314016155601631208 
0.02942512375894350968 0.06066793281399509435 0.90990694342706135433 
0.20050836285574585860 0.04001191157049520386 0.75947972557375886815 
0.22685264188412623820 0.03591770153895677831 0.73722965657691696961 
0.15330065779200163778 0.07242778586504343419 0.77427155634295496967 
0.09928960171022428727 0.00000000099999999999 0.90071039728977564387 
0.10244603251106382258 0.00000000099999999999 0.89755396648893626121 
0.12596322813209623326 0.00000000099999999999 0.87403677086790376727 
0.08738257710055510885 0.00000000100000000000 0.91261742189944494719 
0.08447476565523925895 0.00081247013694685536 0.91471276420781388872 
0.19953767934593272249 0.08082807793551974318 0.71963424271854758985 
0.99999999800000005656 0.00000000099999999981 0.00000000099999999981 
0.99999999800000005656 0.00000000099999999981 0.00000000099999999981 
0.99999999799999994554 0.00000000099999999983 0.00000000099999999983 
0.99999999800000005656 0.00000000099999999979 0.00000000099999999979 
0.99999999799999994554 0.00000000099999999981 0.00000000099999999981 
0.99999999799999994554 0.00000000099999999979 0.00000000099999999979 
0.00000000099999999975 0.99999999799999994554 0.00000000099999999975 
0.00000000099999999970 0.99999999800000005656 0.00000000099999999970 
0.00000000099999999971 0.99999999799999994554 0.00000000099999999971 
0.00000000099999999970 0.99999999799999994554 0.00000000099999999970 
0.02919726988100526666 0.84813251646631560021 0.12267021365267911925 
0.00000000099999999973 0.99999999800000005656 0.00000000099999999973 
0.00000000099999999974 0.99999999799999994554 0.00000000099999999974 
0.00000000099999999971 0.99999999800000005656 0.00000000099999999971 
0.00000000099999999970 0.99999999800000005656 0.00000000099999999970 
0.00000000099999999968 0.99999999800000005656 0.00000000099999999968 
0.00000000099999999969 0.99999999800000005656 0.00000000099999999969 
0.00000000099999999969 0.99999999799999994554 0.00000000099999999969 
0.00000000099999999971 0.99999999800000005656 0.00000000099999999971 
0.00000000099999999970 0.99999999799999994554 0.00000000099999999970 
0.15319512810399349423 0.01711270697710332023 0.82969216491890307452 
0.15366975287423706442 0.06915432319761276314 0.77717592392815015856 
0.14586514105239481442 0.06477015182278131333 0.78936470712482387224 
0.14623620632489872651 0.06482517957403947928 0.78893861410106180809 
0.00000000100000000000 0.04624713276520397293 0.95375286623479593739 
0.00018580977421419503 0.05057835792121806451 0.94923583230456776150 
0.13700457911835040026 0.06874722967438376409 0.79424819120726575239 
0.01532330933634226851 0.04222748313963498729 0.94244920752402272512 
0.01267055797414203336 0.05080096470604465730 0.93652847731981336832 
