0.00000000099999999850 0.00000000099999999850 0.00000000099999999850 0.00000000099999999850 0.00000000099999999850 0.00000000099999999850 0.00000000099999999850 0.00000000099999999850 0.99999999199999989319 
0.00000000099999999839 0.00000000099999999839 0.00000000099999999839 0.00000000099999999839 0.00000000099999999839 0.00000000099999999839 0.00000000099999999839 0.00000000099999999839 0.99999999200000000421 
0.00000000099999999840 0.00000000099999999840 0.00000000099999999840 0.00000000099999999840 0.00000000099999999840 0.00000000099999999840 0.00000000099999999840 0.00000000099999999840 0.99999999200000000421 
0.00000027787624791051 0.19361581367977967472 0.10186659560750684073 0.15543080769332043301 0.25066922437465016804 0.29841691472761577852 0.00000005262040657214 0.00000000100000000000 0.00000031242047269813 
0.00000008474091169326 0.17630378033988688968 0.10172489164598935707 0.16002448377719788453 0.25925412723592777819 0.30267090545736569096 0.00002164698207196266 0.00000000100000000000 0.00000007882064881985 
0.00000000099999999954 0.00000000099999999954 0.99999999200000000421 0.00000000099999999954 0.00000000099999999954 0.00000000099999999954 0.00000000099999999954 0.00000000099999999954 0.00000000099999999954 
0.00000000099999999978 0.00000000099999999978 0.99999999200000011523 0.00000000099999999978 0.00000000099999999978 0.00000000099999999978 0.00000000099999999978 0.00000000099999999978 0.00000000099999999978 
0.00972011088687821552 0.00797646353019410698 0.89128604877242634252 0.05627218098251881434 0.00000000099999999999 0.03474519182798256611 0.00000000099999999999 0.00000000099999999999 0.00000000099999999999 
0.00000000099999999965 0.00000000099999999965 0.99999999200000000421 0.00000000099999999965 0.00000000099999999965 0.00000000099999999965 0.00000000099999999965 0.00000000099999999965 0.00000000099999999965 
0.00000000099999999967 0.00000000099999999967 0.99999999200000000421 0.00000000099999999967 0.00000000099999999967 0.00000000099999999967 0.00000000099999999967 0.00000000099999999967 0.00000000099999999967 
0.00000000099999999979 0.00000000099999999979 0.99999999200000000421 0.00000000099999999979 0.00000000099999999979 0.00000000099999999979 0.00000000099999999979 0.00000000099999999979 0.00000000099999999979 
0.00448387907072946533 0.02279011344412886289 0.88196777882298094120 0.05070657896323172570 0.01519109602558344277 0.01929856235770159231 0.00556198931564392835 0.00000000099999999999 0.00000000099999999999 
0.00000000099999999960 0.00000000099999999960 0.99999999200000011523 0.00000000099999999960 0.00000000099999999960 0.00000000099999999960 0.00000000099999999960 0.00000000099999999960 0.00000000099999999960 
0.00000000099999999978 0.00000000099999999978 0.99999999200000011523 0.00000000099999999978 0.00000000099999999978 0.00000000099999999978 0.00000000099999999978 0.00000000099999999978 0.00000000099999999978 
0.00360013696046824474 0.00000000099999999998 0.91658928599830591377 0.03162921070121784556 0.00000000099999999998 0.02851800420241830392 0.01966335813758957399 0.00000000099999999998 0.00000000099999999998 
0.00000000099999999990 0.02301094319770647517 0.00000000099999999990 0.14499668386606409665 0.66280696526168214611 0.13883342559660283300 0.00000000099999999990 0.03035197807794439220 0.00000000099999999990 
0.03803871683189476161 0.00000000100000000000 0.06474500766955353093 0.03875782528428795004 0.48515264843158950603 0.06906128941268806221 0.02843838529477882293 0.25098442575202917215 0.02482170032317817729 
0.00000000099999999998 0.00000000099999999998 0.03024027205941769159 0.06034787929255822775 0.57253442829382283907 0.08749477135505845382 0.00000000099999999998 0.24938264499914269967 0.00000000099999999998 
0.00000000099999999996 0.00000000099999999996 0.01416794214690179736 0.06541194211858107621 0.58552072011142053398 0.08659817842987020675 0.00000000099999999996 0.24830121319322623341 0.00000000099999999996 
0.00000000099999999998 0.00001037942631373332 0.03136183298484408050 0.07587374488831398478 0.55650148732794413320 0.09168093885475843419 0.00000000099999999998 0.24457161351782558123 0.00000000099999999998 
0.01120828052478216319 0.00000002784688073065 0.03768366871656982087 0.05907008961700836031 0.50570347195045806110 0.05769845628546773492 0.00894948873654496414 0.31968649447426361609 0.00000002184802469030 
0.00228810582893522983 0.00000000099999999999 0.00000000099999999999 0.01084085950777422501 0.36319665396106454169 0.01863380519836160820 0.00000028092394013538 0.60504029157992411658 0.00000000099999999999 
0.01092628762283124298 0.00578859780340164071 0.01878409095492526021 0.05369498831094551838 0.58956903362564905269 0.10802437920252383474 0.00092635002216304109 0.20561666112392196215 0.00666961133363854798 
0.00000000099999999997 0.00000000099999999997 0.00000000099999999997 0.02682663186562868687 0.71639020760052607439 0.02729567825646193879 0.00000000099999999997 0.22948747727738333380 0.00000000099999999997 
0.00000000099999999997 0.00000000099999999997 0.00000000099999999997 0.04110924932989972608 0.67754354316046327966 0.04922139187152892864 0.00000000099999999997 0.23212581063810822091 0.00000000099999999997 
0.00598216703632696318 0.00000003647267958452 0.01888175650091561755 0.05982647955023859265 0.65073853766198008763 0.07988970208204101975 0.00058451581558554698 0.18409680388023264008 0.00000000100000000000 
0.00000000099999999998 0.00000000099999999998 0.00000000099999999998 0.05157884766937189530 0.69714525538994553955 0.04781956996846618152 0.00000000099999999998 0.20345632197221621973 0.00000000099999999998 
0.00000000099999999999 0.00359476733710740797 0.00025780881744671399 0.05426499829723215040 0.67045608126149336403 0.06991085567252365573 0.00000000099999999999 0.20151548561419677097 0.00000000099999999999 
0.00000000099999999998 0.08785949413752237869 0.16988305752473176202 0.17888868953522710226 0.31537130387537271048 0.24162024544825769223 0.00637720647888838452 0.00000000099999999998 0.00000000099999999998 
0.00000000099999999966 0.00000000099999999966 0.00000000099999999966 0.00000000099999999966 0.00000000099999999966 0.99999999200000011523 0.00000000099999999966 0.00000000099999999966 0.00000000099999999966 
0.00000000099999999969 0.00000000099999999969 0.00000000099999999969 0.00000000099999999969 0.00000000099999999969 0.99999999200000011523 0.00000000099999999969 0.00000000099999999969 0.00000000099999999969 
0.00000000099999999971 0.00000000099999999971 0.00000000099999999971 0.00000000099999999971 0.00000000099999999971 0.99999999200000000421 0.00000000099999999971 0.00000000099999999971 0.00000000099999999971 
0.00000000099999999971 0.00000000099999999971 0.00000000099999999971 0.00000000099999999971 0.00000000099999999971 0.99999999200000000421 0.00000000099999999971 0.00000000099999999971 0.00000000099999999971 
0.00000000099999999975 0.00000000099999999975 0.00000000099999999975 0.00000000099999999975 0.00000000099999999975 0.99999999200000000421 0.00000000099999999975 0.00000000099999999975 0.00000000099999999975 
0.00000000099999999948 0.00000000099999999948 0.00000000099999999948 0.00000000099999999948 0.00000000099999999948 0.99999999200000000421 0.00000000099999999948 0.00000000099999999948 0.00000000099999999948 
0.00000000099999999950 0.00000000099999999950 0.00000000099999999950 0.00000000099999999950 0.00000000099999999950 0.99999999200000011523 0.00000000099999999950 0.00000000099999999950 0.00000000099999999950 
0.24132613573684200126 0.00000000099999999996 0.13489835898429100580 0.00000000099999999996 0.00000000099999999996 0.18270865954783838125 0.12902460889398559285 0.18350996551186957162 0.12853226832517344880 
0.15966153320505704905 0.01976505599088584919 0.13834749236023261010 0.04578385046789339857 0.08770116524261788171 0.21126615914941937469 0.09530763406572674568 0.15451308343227276865 0.08765402608589434319 
0.23872028391178459761 0.00000000099999999999 0.14052934440793926618 0.05423705708880170034 0.00000000099999999999 0.19659759732426357326 0.11838249407298617744 0.14968086276644698707 0.10185235842777763671 
0.00000000099999999997 0.02546201964503071527 0.03064445730060008297 0.11806628830008236708 0.66678689651803857430 0.15904033423624827637 0.00000000099999999997 0.00000000099999999997 0.00000000099999999997 
0.00000000099999999998 0.03365812091157224795 0.01889904217343103474 0.10509569793963260964 0.69987570765785966920 0.14247142731750447875 0.00000000099999999998 0.00000000099999999998 0.00000000099999999998 
0.01034494577322273533 0.04094594842443299854 0.07666047702417798371 0.10641905094475087590 0.53489697304906713704 0.19089501467810177093 0.00000000100000000000 0.03430977607113059463 0.00552781303511578996 
0.00783592939089290674 0.04001819741480536208 0.06568924587767842327 0.10209459401349177399 0.60984842271346917375 0.15708664314847400889 0.00000000100000000000 0.01742696544118848070 0.00000000100000000000 
0.00000000099999999992 0.00000000099999999992 0.00000000099999999992 0.00000000099999999992 0.99999999200000000421 0.00000000099999999992 0.00000000099999999992 0.00000000099999999992 0.00000000099999999992 
0.00000000099999999964 0.00000000099999999964 0.00000000099999999964 0.00000000099999999964 0.99999999200000011523 0.00000000099999999964 0.00000000099999999964 0.00000000099999999964 0.00000000099999999964 
0.00000000099999999967 0.00000000099999999967 0.00000000099999999967 0.00000000099999999967 0.99999999200000000421 0.00000000099999999967 0.00000000099999999967 0.00000000099999999967 0.00000000099999999967 
0.00000000099999999966 0.00000000099999999966 0.00000000099999999966 0.00000000099999999966 0.99999999200000011523 0.00000000099999999966 0.00000000099999999966 0.00000000099999999966 0.00000000099999999966 
0.00701830436912820148 0.04146088509824914087 0.05728409117318147142 0.10550926174199853902 0.58268576682751938023 0.16871107652173003566 0.00186720962628405466 0.02527118808427022273 0.01019221655763888693 
0.05488919493852791737 0.00000000099999999999 0.07271420319438594293 0.00673808353533191916 0.44419340182944300199 0.02892573912962607269 0.03055640210238210960 0.32249510607261427930 0.03948786819768868028 
0.00000000099999999995 0.04157686939432324313 0.01600709874054994861 0.13448412112321694867 0.64406319015643287429 0.16386871658547697006 0.00000000099999999995 0.00000000099999999995 0.00000000099999999995 
0.00000000099999999989 0.00000000099999999989 0.00000000099999999989 0.00000000099999999989 0.99999999200000011523 0.00000000099999999989 0.00000000099999999989 0.00000000099999999989 0.00000000099999999989 
0.03165642472670578134 0.00520764204937554376 0.04816719653811202956 0.05206745342608073285 0.54679172629507011294 0.06615742383742820310 0.04028336304047486910 0.18060798764967067598 0.02906078243708204445 
0.04835920175676691052 0.02170570575978670799 0.08213954961280225953 0.06856618560891936109 0.44418415412484252291 0.10130244451662197280 0.03196989669286180724 0.16676944192017364998 0.03500342000722491548 
0.00771770057811764065 0.04924836718229067684 0.08178076923723043290 0.10599130935471408332 0.56323043662046790025 0.16732704250391017275 0.00033756477847067144 0.01886938804430869296 0.00549742170048955411 
0.00229070948090876565 0.00000000099999999999 0.00000000099999999999 0.00000000099999999999 0.94872601733410810709 0.03519675247922002953 0.00000000099999999999 0.01378651570576307217 0.00000000099999999999 
0.00000000099999999991 0.00000000099999999991 0.00000000099999999991 0.00000000099999999991 0.99598093583023894482 0.00000000099999999991 0.00000000099999999991 0.00401905716976121066 0.00000000099999999991 
0.00000000099999999981 0.00000000099999999981 0.00000000099999999981 0.00000000099999999981 0.99999999200000011523 0.00000000099999999981 0.00000000099999999981 0.00000000099999999981 0.00000000099999999981 
0.00667294338019948710 0.02545940962312918249 0.03606792533058109790 0.13789073726987724489 0.58377862551231585186 0.15364970543527653457 0.03118485189942731689 0.00000000100000000000 0.02529580054919344789 
0.01443107660478898033 0.04385125261745474734 0.02257821509049348294 0.13803763549034495095 0.57775901774033644465 0.15384140376830757191 0.03688458564413701901 0.00001055442436476237 0.01260625861977214719 
0.01036607332506645288 0.05677756227326390126 0.09432669639532861861 0.11488490207316970348 0.43830735537551579473 0.22004265280503762514 0.00405479510190833847 0.05472063122086634479 0.00651933142984337417 
0.06828241864693487817 0.00000000099999999999 0.01899733459797707177 0.00274531575117407554 0.25758370902006844094 0.16116181832618509118 0.04137930588330802212 0.42593888987215816622 0.02391120690219432354 
0.00000000099999999993 0.04081359600351021355 0.04105147676402210594 0.15552864635758459344 0.57868449518818587674 0.18392178168669723326 0.00000000099999999993 0.00000000099999999993 0.00000000099999999993 
0.00000000099999999998 0.04025760673023492248 0.02625177077814335250 0.12448081818541795185 0.62790067177501285300 0.18110912853119090493 0.00000000099999999998 0.00000000099999999998 0.00000000099999999998 
0.00000000099999999968 0.00000000099999999968 0.99999999200000011523 0.00000000099999999968 0.00000000099999999968 0.00000000099999999968 0.00000000099999999968 0.00000000099999999968 0.00000000099999999968 
0.00000000099999999968 0.00000000099999999968 0.99999999200000000421 0.00000000099999999968 0.00000000099999999968 0.00000000099999999968 0.00000000099999999968 0.00000000099999999968 0.00000000099999999968 
0.00000000099999999931 0.00000000099999999931 0.00000000099999999931 0.99999999200000011523 0.00000000099999999931 0.00000000099999999931 0.00000000099999999931 0.00000000099999999931 0.00000000099999999931 
0.00000000099999999938 0.00000000099999999938 0.00000000099999999938 0.00000000099999999938 0.00000000099999999938 0.00000000099999999938 0.00000000099999999938 0.99999999200000000421 0.00000000099999999938 
0.00000000099999999930 0.00000000099999999930 0.00000000099999999930 0.00000000099999999930 0.00000000099999999930 0.00000000099999999930 0.00000000099999999930 0.99999999199999989319 0.00000000099999999930 
0.00000000099999999944 0.00000000099999999944 0.00000000099999999944 0.00000000099999999944 0.00000000099999999944 0.00000000099999999944 0.00000000099999999944 0.99999999199999989319 0.00000000099999999944 
0.00076704761646672942 0.00000000099999999999 0.00000000099999999999 0.00000000099999999999 0.30800699220757837837 0.00000000099999999999 0.00000000099999999999 0.69022764612027542874 0.00099830905567944691 
0.00000000099999999998 0.00000000099999999998 0.00000000099999999998 0.00000000099999999998 0.30868564520214197833 0.00000000099999999998 0.00000000099999999998 0.69131434779785805311 0.00000000099999999998 
0.04689337507146346812 0.04644271412603116767 0.13701531040040063059 0.11331528704327893664 0.23734200439431299423 0.34655146592037527897 0.01871730747552569768 0.02223019616696733994 0.03149233940164439249 
0.99999999200000011523 0.00000000099999999869 0.00000000099999999869 0.00000000099999999869 0.00000000099999999869 0.00000000099999999869 0.00000000099999999869 0.00000000099999999869 0.00000000099999999869 
0.99999999200000000421 0.00000000099999999866 0.00000000099999999866 0.00000000099999999866 0.00000000099999999866 0.00000000099999999866 0.00000000099999999866 0.00000000099999999866 0.00000000099999999866 
0.99999999200000011523 0.00000000099999999884 0.00000000099999999884 0.00000000099999999884 0.00000000099999999884 0.00000000099999999884 0.00000000099999999884 0.00000000099999999884 0.00000000099999999884 
0.00000000099999999862 0.00000000099999999862 0.00000000099999999862 0.00000000099999999862 0.00000000099999999862 0.00000000099999999862 0.99999999199999978217 0.00000000099999999862 0.00000000099999999862 
0.00000000099999999863 0.00000000099999999863 0.00000000099999999863 0.00000000099999999863 0.00000000099999999863 0.00000000099999999863 0.99999999199999989319 0.00000000099999999863 0.00000000099999999863 
0.00000000099999999865 0.00000000099999999865 0.00000000099999999865 0.00000000099999999865 0.00000000099999999865 0.00000000099999999865 0.99999999199999978217 0.00000000099999999865 0.00000000099999999865 
0.00000000099999999901 0.99999999200000022626 0.00000000099999999901 0.00000000099999999901 0.00000000099999999901 0.00000000099999999901 0.00000000099999999901 0.00000000099999999901 0.00000000099999999901 
0.00000000099999999883 0.99999999200000000421 0.00000000099999999883 0.00000000099999999883 0.00000000099999999883 0.00000000099999999883 0.00000000099999999883 0.00000000099999999883 0.00000000099999999883 
0.00000000099999999886 0.99999999200000011523 0.00000000099999999886 0.00000000099999999886 0.00000000099999999886 0.00000000099999999886 0.00000000099999999886 0.00000000099999999886 0.00000000099999999886 
0.00000000099999999884 0.99999999200000000421 0.00000000099999999884 0.00000000099999999884 0.00000000099999999884 0.00000000099999999884 0.00000000099999999884 0.00000000099999999884 0.00000000099999999884 
0.00000000099999999973 0.81845038762589261694 0.00000000099999999973 0.00000000099999999973 0.00000000099999999973 0.18154960537410749777 0.00000000099999999973 0.00000000099999999973 0.00000000099999999973 
0.00000000099999999896 0.99999999200000011523 0.00000000099999999896 0.00000000099999999896 0.00000000099999999896 0.00000000099999999896 0.00000000099999999896 0.00000000099999999896 0.00000000099999999896 
0.00000000099999999898 0.99999999200000011523 0.00000000099999999898 0.00000000099999999898 0.00000000099999999898 0.00000000099999999898 0.00000000099999999898 0.00000000099999999898 0.00000000099999999898 
0.00000000099999999885 0.99999999200000000421 0.00000000099999999885 0.00000000099999999885 0.00000000099999999885 0.00000000099999999885 0.00000000099999999885 0.00000000099999999885 0.00000000099999999885 
0.00000000099999999883 0.99999999200000000421 0.00000000099999999883 0.00000000099999999883 0.00000000099999999883 0.00000000099999999883 0.00000000099999999883 0.00000000099999999883 0.00000000099999999883 
0.00000000099999999876 0.99999999200000011523 0.00000000099999999876 0.00000000099999999876 0.00000000099999999876 0.00000000099999999876 0.00000000099999999876 0.00000000099999999876 0.00000000099999999876 
0.00000000099999999879 0.99999999200000011523 0.00000000099999999879 0.00000000099999999879 0.00000000099999999879 0.00000000099999999879 0.00000000099999999879 0.00000000099999999879 0.00000000099999999879 
0.00000000099999999879 0.99999999200000011523 0.00000000099999999879 0.00000000099999999879 0.00000000099999999879 0.00000000099999999879 0.00000000099999999879 0.00000000099999999879 0.00000000099999999879 
0.00000000099999999886 0.99999999200000000421 0.00000000099999999886 0.00000000099999999886 0.00000000099999999886 0.00000000099999999886 0.00000000099999999886 0.00000000099999999886 0.00000000099999999886 
0.00000000099999999884 0.99999999200000000421 0.00000000099999999884 0.00000000099999999884 0.00000000099999999884 0.00000000099999999884 0.00000000099999999884 0.00000000099999999884 0.00000000099999999884 
0.03472804132112482234 0.00224645683159231278 0.09785458480105048429 0.08908259696413454998 0.37181123633364498993 0.15043529111187714520 0.02310593035720836727 0.21084233795120038701 0.01989352432816688179 
0.00000000099999999934 0.00000000099999999934 0.00000000099999999934 0.99999999200000000421 0.00000000099999999934 0.00000000099999999934 0.00000000099999999934 0.00000000099999999934 0.00000000099999999934 
0.00000000099999999946 0.00000000099999999946 0.00000000099999999946 0.99999999200000011523 0.00000000099999999946 0.00000000099999999946 0.00000000099999999946 0.00000000099999999946 0.00000000099999999946 
0.00000000099999999944 0.00000000099999999944 0.00000000099999999944 0.99999999200000011523 0.00000000099999999944 0.00000000099999999944 0.00000000099999999944 0.00000000099999999944 0.00000000099999999944 
0.00000000099999999994 0.02444970560195832560 0.00000000099999999994 0.15064983216115190867 0.67408685714102434261 0.15081360009586533555 0.00000000099999999994 0.00000000099999999994 0.00000000099999999994 
0.00000000099999999995 0.02853139609102922289 0.00000000099999999995 0.15482838545015914500 0.66918878429722317147 0.14745142916158843205 0.00000000099999999995 0.00000000099999999995 0.00000000099999999995 
0.02599707255801821451 0.04698751329093879547 0.05980415654027682049 0.13503735365726313167 0.50092431128440706445 0.16421421478146380757 0.04498603041616590359 0.00000000100000000000 0.02204934647146627319 
0.00000000099999999997 0.02118745569271881721 0.01413700146083832730 0.14925099061151148039 0.66503972513972076097 0.15038482309521067348 0.00000000099999999997 0.00000000099999999997 0.00000000099999999997 
0.00000000099999999996 0.02892183911005824504 0.00000000099999999996 0.16281153264119485602 0.66829846182556285061 0.13996816142318405096 0.00000000099999999996 0.00000000099999999996 0.00000000099999999996 
