0.00000000099999999960 0.00000000099999999960 0.99999999600000000211 0.00000000099999999960 0.00000000099999999960 
0.00000000099999999957 0.00000000099999999957 0.99999999599999989108 0.00000000099999999957 0.00000000099999999957 
0.00000000099999999955 0.00000000099999999955 0.99999999600000000211 0.00000000099999999955 0.00000000099999999955 
0.61882319379630701395 0.07735044706183868968 0.00000000100000000000 0.18513196793764596926 0.11869439020420841091 
0.62934845951935791675 0.07885611187382376985 0.00000000100000000000 0.16918392522645969711 0.12261150238035878335 
0.00000000099999999977 0.99999999600000011313 0.00000000099999999977 0.00000000099999999977 0.00000000099999999977 
0.00000000099999999989 0.99999999600000000211 0.00000000099999999989 0.00000000099999999989 0.00000000099999999989 
0.10876797339940051657 0.88028296792768701007 0.00459121853457020602 0.00635783913834235808 0.00000000100000000000 
0.00000000099999999983 0.99999999600000000211 0.00000000099999999983 0.00000000099999999983 0.00000000099999999983 
0.00000000099999999984 0.99999999600000011313 0.00000000099999999984 0.00000000099999999984 0.00000000099999999984 
0.00000000099999999989 0.99999999600000000211 0.00000000099999999989 0.00000000099999999989 0.00000000099999999989 
0.09752331257711502333 0.87572286775613339405 0.00567121001257251799 0.02108260865417900531 0.00000000100000000000 
0.00000000099999999980 0.99999999600000011313 0.00000000099999999980 0.00000000099999999980 0.00000000099999999980 
0.00000000099999999989 0.99999999600000011313 0.00000000099999999989 0.00000000099999999989 0.00000000099999999989 
0.07369107485094064658 0.90571910959476453762 0.02058981355429469889 0.00000000099999999999 0.00000000099999999999 
0.39062668652420617921 0.00000000099999999995 0.00000000099999999995 0.02021161730247617028 0.58916169417331754055 
0.13737271602211170718 0.07385729933841464478 0.11737325708965577753 0.00011362394253738596 0.67128310360728060679 
0.20668158788332066655 0.04231899583756986577 0.00054801516499648328 0.00000000100000000000 0.75045140011411293202 
0.21095218351576672244 0.02659526778572753741 0.00000000099999999999 0.00000000099999999999 0.76245254669850581752 
0.22753028533854510740 0.04274104691710764459 0.00050366377855373440 0.00000000100000000000 0.72922500296579351176 
0.14985643256356631636 0.05035433683230967211 0.04875793092801172790 0.00044811993060021583 0.75058317974551203022 
0.06078271855670011603 0.03386220519048557809 0.07205335162038965791 0.00000000100000000000 0.83330172363242460687 
0.21404036433517151239 0.02254847171869418798 0.03252815190667261019 0.00461609095693241763 0.72626692108252921543 
0.11325108767445296598 0.00000000099999999999 0.00293754314098043862 0.00000000099999999999 0.88381136718456665413 
0.15104967718859477199 0.00219813516264012482 0.00158984185160593533 0.00000000099999999999 0.84516234479715912631 
0.19414454839024983257 0.02193093525366994478 0.01421257644741651290 0.00000000100000000000 0.76971193890866362874 
0.15832023062095737509 0.00233073124574290167 0.00126421730216532248 0.00000000100000000000 0.83808481983113436442 
0.18552680574694310756 0.00616422749279444716 0.00166133291897836342 0.00298937434031699544 0.80365825950096714259 
0.53081279064155528769 0.15481413424806361734 0.00000000100000000000 0.08421017061397631509 0.23016290349640469715 
0.99999999600000000211 0.00000000099999999990 0.00000000099999999990 0.00000000099999999990 0.00000000099999999990 
0.99999999600000000211 0.00000000099999999991 0.00000000099999999991 0.00000000099999999991 0.00000000099999999991 
0.99999999600000011313 0.00000000099999999992 0.00000000099999999992 0.00000000099999999992 0.00000000099999999992 
0.99999999600000011313 0.00000000099999999992 0.00000000099999999992 0.00000000099999999992 0.00000000099999999992 
0.99999999600000011313 0.00000000099999999992 0.00000000099999999992 0.00000000099999999992 0.00000000099999999992 
0.99999999600000000211 0.00000000099999999985 0.00000000099999999985 0.00000000099999999985 0.00000000099999999985 
0.99999999600000000211 0.00000000099999999986 0.00000000099999999986 0.00000000099999999986 0.00000000099999999986 
0.19635332826417242758 0.16742810883275219269 0.54804586579576008987 0.00000000099999999999 0.08817269610731526264 
0.27371673082323233483 0.13738064779157446726 0.37675706666086400398 0.01724931641984428499 0.19489623830448485342 
0.26522143321413599315 0.15104453758792066309 0.49717244091360857094 0.00000001206237978784 0.08656157622195491397 
0.38681664110229785347 0.01627762299912982949 0.00000000099999999999 0.02567036363079878633 0.57123537126777346185 
0.35846692473399144330 0.00401348700050004926 0.00000000099999999999 0.03394630692940256433 0.60357328033610591067 
0.38670781304641016485 0.06765434344577724024 0.00898949751897834548 0.03970504544365330984 0.49694330054518087714 
0.34861048797331961602 0.05563055624029398377 0.00000000100000000000 0.03918269474258364443 0.55657626004380289508 
0.00071505836064256916 0.00000000099999999998 0.00000000099999999998 0.00000000099999999998 0.99928493863935752284 
0.00000000099999999987 0.00000000099999999987 0.00000000099999999987 0.00000000099999999987 0.99999999599999989108 
0.00000000099999999988 0.00000000099999999988 0.00000000099999999988 0.00000000099999999988 0.99999999599999989108 
0.00000000099999999988 0.00000000099999999988 0.00000000099999999988 0.00000000099999999988 0.99999999600000000211 
0.36384520951025650648 0.04721769484691135110 0.01208388264084248390 0.04066079772578407719 0.53619241527620564725 
0.04720810735593181789 0.08795599557671243685 0.16144863740165493748 0.00000000099999999999 0.70338725866570084300 
0.40555204259385330134 0.00024208472965730720 0.00000000099999999998 0.04095520269086427856 0.55325066898562513806 
0.00000000099999999997 0.00000000099999999997 0.00000000099999999997 0.00000000099999999997 0.99999999599999989108 
0.16049940475821766750 0.05067304582273030045 0.11655453253404196579 0.00498314292121939794 0.66728987396379058072 
0.21202218437316044941 0.08467252778354170117 0.13094330805434714615 0.02123603908287760231 0.55112594070607312524 
0.36424406500216593985 0.07021649023077856933 0.00529386180392178371 0.04869393169333752214 0.51155165126979607049 
0.09860072228910922443 0.00000000099999999999 0.00000000099999999999 0.00530400177508512892 0.89609527393580568067 
0.00000000099999999997 0.00000000099999999997 0.00000000099999999997 0.00000000099999999997 0.99999999599999989108 
0.00000000099999999994 0.00000000099999999994 0.00000000099999999994 0.00000000099999999994 0.99999999600000000211 
0.40328300290523494409 0.02378449086389245598 0.05253812651528374372 0.02455996236174386518 0.49583441735384498061 
0.40284712580658554870 0.00945927288040210833 0.05316083087966586712 0.04255048679119314420 0.49198228364215340624 
0.41592791514088134353 0.08564340848820685415 0.02025366553090738111 0.05463447497059368413 0.42354053586941076137 
0.16695621230430712778 0.05584472906356770239 0.18970157911197868539 0.00000000099999999999 0.58749747852014655436 
0.46061280169327167844 0.02231720942228768156 0.00000000099999999997 0.03880525322234415486 0.47826473466209662444 
0.41872436344613150894 0.01121304959587544545 0.00000000099999999999 0.03919015381599717102 0.53087243214199575370 
0.00000000099999999985 0.99999999600000011313 0.00000000099999999985 0.00000000099999999985 0.00000000099999999985 
0.00000000099999999983 0.99999999600000000211 0.00000000099999999983 0.00000000099999999983 0.00000000099999999983 
0.99999999600000011313 0.00000000099999999994 0.00000000099999999994 0.00000000099999999994 0.00000000099999999994 
0.00000000099999999996 0.00000000099999999996 0.10158867469113337656 0.00000000099999999996 0.89841132230886655563 
0.00000000099999999995 0.00000000099999999995 0.10317951824541939099 0.00000000099999999995 0.89682047875458048569 
0.00000000099999999997 0.01041536681651245196 0.12899447647317613397 0.00000000099999999997 0.86059015471031130584 
0.01676174920425882106 0.05765679437551329140 0.08496233305181277728 0.00000000100000000000 0.84061912236841507262 
0.01300452927342179467 0.05825666002531397492 0.08280376040742912225 0.00000000100000000000 0.84593504929383511737 
0.52775991847471193097 0.12639653485861099269 0.09871276239328408142 0.04337714753568999021 0.20375363673770294226 
0.00000000099999999963 0.00000000099999999963 0.99999999600000000211 0.00000000099999999963 0.00000000099999999963 
0.00000000099999999964 0.00000000099999999964 0.99999999600000000211 0.00000000099999999964 0.00000000099999999964 
0.00000000099999999967 0.00000000099999999967 0.99999999600000000211 0.00000000099999999967 0.00000000099999999967 
0.00000000099999999960 0.00000000099999999960 0.99999999600000000211 0.00000000099999999960 0.00000000099999999960 
0.00000000099999999962 0.00000000099999999962 0.99999999600000000211 0.00000000099999999962 0.00000000099999999962 
0.00000000099999999959 0.00000000099999999959 0.99999999599999989108 0.00000000099999999959 0.00000000099999999959 
0.00000000099999999951 0.00000000099999999951 0.00000000099999999951 0.99999999600000000211 0.00000000099999999951 
0.00000000099999999942 0.00000000099999999942 0.00000000099999999942 0.99999999600000000211 0.00000000099999999942 
0.00000000099999999944 0.00000000099999999944 0.00000000099999999944 0.99999999600000000211 0.00000000099999999944 
0.00000000099999999943 0.00000000099999999943 0.00000000099999999943 0.99999999599999989108 0.00000000099999999943 
0.17975812435662891220 0.00000000099999999991 0.00000000099999999991 0.82024187264337100611 0.00000000099999999991 
0.00000000099999999948 0.00000000099999999948 0.00000000099999999948 0.99999999600000000211 0.00000000099999999948 
0.00000000099999999950 0.00000000099999999950 0.00000000099999999950 0.99999999599999989108 0.00000000099999999950 
0.00000000099999999943 0.00000000099999999943 0.00000000099999999943 0.99999999599999989108 0.00000000099999999943 
0.00000000099999999942 0.00000000099999999942 0.00000000099999999942 0.99999999599999989108 0.00000000099999999942 
0.00000000099999999939 0.00000000099999999939 0.00000000099999999939 0.99999999599999989108 0.00000000099999999939 
0.00000000099999999940 0.00000000099999999940 0.00000000099999999940 0.99999999600000000211 0.00000000099999999940 
0.00000000099999999940 0.00000000099999999940 0.00000000099999999940 0.99999999599999989108 0.00000000099999999940 
0.00000000099999999944 0.00000000099999999944 0.00000000099999999944 0.99999999599999989108 0.00000000099999999944 
0.00000000099999999943 0.00000000099999999943 0.00000000099999999943 0.99999999600000000211 0.00000000099999999943 
0.28252341998310132043 0.09898568293869734747 0.10076186187479474476 0.00090798523464489861 0.51682104996876165881 
0.99999999600000000211 0.00000000099999999994 0.00000000099999999994 0.00000000099999999994 0.00000000099999999994 
0.99999999600000011313 0.00000000099999999995 0.00000000099999999995 0.00000000099999999995 0.00000000099999999995 
0.99999999600000000211 0.00000000099999999995 0.00000000099999999995 0.00000000099999999995 0.00000000099999999995 
0.45264553044572469753 0.00000000099999999997 0.00000000099999999997 0.02153069612658167417 0.52582377142769354261 
0.44913940904325094783 0.00000000099999999997 0.00000000099999999997 0.02463920300020487619 0.52622138595654421866 
0.42908920929143168355 0.04625583058923705970 0.08095736643815061584 0.04457079860618477773 0.39912679507499571052 
0.45416265489190354998 0.00000000099999999998 0.00000000099999999998 0.01844220851866624350 0.52739513458943021451 
0.45308366446837433639 0.00000000099999999998 0.00000000099999999998 0.02535061114680363034 0.52156572238482201698 
