0.00000000099999999899 0.00000000099999999899 0.00000000099999999899 0.00000000099999999899 0.99999999299999986491 0.00000000099999999899 0.00000000099999999899 0.00000000099999999899 
0.00000000099999999890 0.00000000099999999890 0.00000000099999999890 0.00000000099999999890 0.99999999299999986491 0.00000000099999999890 0.00000000099999999890 0.00000000099999999890 
0.00000000099999999891 0.00000000099999999891 0.00000000099999999891 0.00000000099999999891 0.99999999299999997593 0.00000000099999999891 0.00000000099999999891 0.00000000099999999891 
0.10201224100891223556 0.00000001404963427012 0.19369461786150918292 0.29784849317282324765 0.00000518459668591876 0.25085596267260923398 0.15558348563782586904 0.00000000100000000000 
0.10186892238507277986 0.00002344766075045562 0.17633588129733498984 0.30228213104206808071 0.00000091051684877195 0.25937382350362242489 0.16011488259430251002 0.00000000100000000000 
0.99999999300000008695 0.00000000099999999959 0.00000000099999999959 0.00000000099999999959 0.00000000099999999959 0.00000000099999999959 0.00000000099999999959 0.00000000099999999959 
0.99999999300000008695 0.00000000099999999980 0.00000000099999999980 0.00000000099999999980 0.00000000099999999980 0.00000000099999999980 0.00000000099999999980 0.00000000099999999980 
0.89347722470739976419 0.00266003519152024047 0.00776579699310467764 0.03599496978505922762 0.00317451639053890162 0.00000000099999999999 0.05692745493237727494 0.00000000099999999999 
0.99999999300000008695 0.00000000099999999969 0.00000000099999999969 0.00000000099999999969 0.00000000099999999969 0.00000000099999999969 0.00000000099999999969 0.00000000099999999969 
0.99999999300000008695 0.00000000099999999971 0.00000000099999999971 0.00000000099999999971 0.00000000099999999971 0.00000000099999999971 0.00000000099999999971 0.00000000099999999971 
0.99999999300000019797 0.00000000099999999981 0.00000000099999999981 0.00000000099999999981 0.00000000099999999981 0.00000000099999999981 0.00000000099999999981 0.00000000099999999981 
0.88288328403502180919 0.00909846370769942965 0.02270500049056179206 0.01946476801063044132 0.00000000099999999999 0.01492186593127588917 0.05092661582481058241 0.00000000099999999999 
0.99999999300000019797 0.00000000099999999965 0.00000000099999999965 0.00000000099999999965 0.00000000099999999965 0.00000000099999999965 0.00000000099999999965 0.00000000099999999965 
0.99999999300000019797 0.00000000099999999980 0.00000000099999999980 0.00000000099999999980 0.00000000099999999980 0.00000000099999999980 0.00000000099999999980 0.00000000099999999980 
0.91777821755296817852 0.02167619949159764817 0.00000000099999999998 0.02867485983287304876 0.00000000099999999998 0.00000000099999999998 0.03187071912256123768 0.00000000099999999998 
0.00000000099999999993 0.00000000099999999993 0.02297237576696091119 0.13895731060820648572 0.00000000099999999993 0.66281188678042501916 0.14491958218702152839 0.03033884165738618896 
0.06369234742802891425 0.03406710108809632431 0.00000000100000000000 0.06808324149541909731 0.06005568160780169751 0.48504998496489154514 0.03822109042097712045 0.25083055199478532238 
0.03011392557958696495 0.00000000099999999998 0.00000000099999999998 0.08741508117366640629 0.00000000099999999998 0.57262100318866915316 0.06026752484898629386 0.24958246220909124924 
0.01407088688628885427 0.00000000099999999997 0.00000000099999999997 0.08650824721330856171 0.00000000099999999997 0.58568918196893771100 0.06536066124835110402 0.24837101968311392497 
0.03126848240048332728 0.00000000099999999998 0.00000366274799388828 0.09159061820722552705 0.00000000099999999998 0.55665891450109550309 0.07584591004623546240 0.24463241009696634620 
0.03738891475369827966 0.01077105381123646434 0.00000001393987313854 0.05730607181354842317 0.01021312399315289776 0.50582214851827556057 0.05892280024631185026 0.31957587292390343681 
0.00000000099999999999 0.00108467322690952933 0.00000000099999999999 0.01874446139142746035 0.00029827429641943903 0.36340538299526409238 0.01101349327947905715 0.60545371281050031076 
0.01830760556392394683 0.00320693085656954206 0.00577095851685472186 0.10748709164804809424 0.01658162253161137370 0.58967624220916747824 0.05345196202277913144 0.20551758665104583046 
0.00000000099999999998 0.00000000099999999998 0.00000000099999999998 0.02716253955171036433 0.00000000099999999998 0.71651433579490397818 0.02675417077933029547 0.22956894987405532249 
0.00000000099999999998 0.00000000099999999998 0.00000000099999999998 0.04913951649434347702 0.00000000099999999998 0.67763653495624120993 0.04105773108081187117 0.23216621346860333297 
0.01947598369096609910 0.00442393124277735972 0.00000000688380324201 0.08055805476206784332 0.00000000100000000000 0.65072973210526885435 0.06012506377965923937 0.18468722653545738277 
0.00000000099999999999 0.00000000099999999999 0.00000000099999999999 0.04773582301662065985 0.00000000099999999999 0.69724244611864116816 0.05151867595189907334 0.20350305091283907299 
0.00002222292059399862 0.00000000099999999999 0.00355134040164325430 0.06991469010711010013 0.00000000099999999999 0.67066440807709770677 0.05423610480272104267 0.20161123169083389195 
0.17017162817604356007 0.00564584640828011495 0.08784161693098900547 0.24184089101378364317 0.00000000099999999999 0.31520566301500874129 0.17929435245589486758 0.00000000099999999999 
0.00000000099999999969 0.00000000099999999969 0.00000000099999999969 0.99999999300000008695 0.00000000099999999969 0.00000000099999999969 0.00000000099999999969 0.00000000099999999969 
0.00000000099999999972 0.00000000099999999972 0.00000000099999999972 0.99999999299999997593 0.00000000099999999972 0.00000000099999999972 0.00000000099999999972 0.00000000099999999972 
0.00000000099999999974 0.00000000099999999974 0.00000000099999999974 0.99999999300000008695 0.00000000099999999974 0.00000000099999999974 0.00000000099999999974 0.00000000099999999974 
0.00000000099999999974 0.00000000099999999974 0.00000000099999999974 0.99999999300000008695 0.00000000099999999974 0.00000000099999999974 0.00000000099999999974 0.00000000099999999974 
0.00000000099999999978 0.00000000099999999978 0.00000000099999999978 0.99999999300000008695 0.00000000099999999978 0.00000000099999999978 0.00000000099999999978 0.00000000099999999978 
0.00000000099999999953 0.00000000099999999953 0.00000000099999999953 0.99999999300000008695 0.00000000099999999953 0.00000000099999999953 0.00000000099999999953 0.00000000099999999953 
0.00000000099999999956 0.00000000099999999956 0.00000000099999999956 0.99999999300000008695 0.00000000099999999956 0.00000000099999999956 0.00000000099999999956 0.00000000099999999956 
0.13069087775350196612 0.16792522593333009118 0.00000000099999999996 0.17735889450406011614 0.33749248737559744971 0.00000000099999999996 0.00000000099999999996 0.18653251143351032293 
0.13560899960759456584 0.12372506398056759558 0.02034549954050985862 0.20848910068077924906 0.22382833818218408894 0.08851954730998357057 0.04430804029336171679 0.15517541040501933725 
0.13789861309133319422 0.16016228246951924596 0.00000000812534376790 0.19155782282897906854 0.29918885103348319410 0.00000000099999999999 0.05456632614344109761 0.15662609530790044809 
0.03060161040086693124 0.00000000099999999998 0.02544003556003219743 0.15918123402831310664 0.00000000099999999998 0.66675367877791269500 0.11802343823287501923 0.00000000099999999998 
0.01884500777858428081 0.00000000099999999999 0.03363820844957592787 0.14258051064672130903 0.00000000099999999999 0.69986313972515867832 0.10507313039995982984 0.00000000099999999999 
0.07685560969956251043 0.00000138744795531189 0.04092391767036181877 0.19133730825304745560 0.01501047944427849092 0.53474092295000752451 0.10650364804712787736 0.03462672648765896533 
0.06653949391467095520 0.00000000100000000000 0.04000964021947626958 0.15787936405446093002 0.00546659846547525082 0.60966433982450018991 0.10232567379344029157 0.01811488872797607091 
0.00000000099999999993 0.00000000099999999993 0.00000000099999999993 0.00000000099999999993 0.00000000099999999993 0.99999999300000008695 0.00000000099999999993 0.00000000099999999993 
0.00000000099999999969 0.00000000099999999969 0.00000000099999999969 0.00000000099999999969 0.00000000099999999969 0.99999999300000008695 0.00000000099999999969 0.00000000099999999969 
0.00000000099999999971 0.00000000099999999971 0.00000000099999999971 0.00000000099999999971 0.00000000099999999971 0.99999999299999997593 0.00000000099999999971 0.00000000099999999971 
0.00000000099999999970 0.00000000099999999970 0.00000000099999999970 0.00000000099999999970 0.00000000099999999970 0.99999999300000008695 0.00000000099999999970 0.00000000099999999970 
0.05702554874244584321 0.00322981065301840157 0.04144599730235672130 0.16859342340967037321 0.01638980800298975998 0.58258674259996579003 0.10542467143580999678 0.02530399785374315078 
0.07144475480310351345 0.04063247964782924077 0.00000000099999999999 0.02745997704076454451 0.08756455088801888553 0.44459052796758646853 0.00602057620878540360 0.32228713244391188342 
0.01591861386504897502 0.00000000099999999997 0.04154591175309628459 0.16403587377942455139 0.00000000099999999997 0.64406403886709906459 0.13443555873533094558 0.00000000099999999997 
0.00000000099999999991 0.00000000099999999991 0.00000000099999999991 0.00000000099999999991 0.00000000099999999991 0.99999999299999997593 0.00000000099999999991 0.00000000099999999991 
0.04735604620874771936 0.04570816302075186160 0.00525267018705231035 0.06532331758177629955 0.05738053034050082796 0.54704859549074780212 0.05170145791418015446 0.18022921925624293960 
0.08139663852146013234 0.04100880082105255037 0.02178536611810179269 0.10082658092613819290 0.07586519224116466953 0.44408104526126240819 0.06829752295758508007 0.16673885315323513923 
0.08157918255324905776 0.00253203943073542328 0.04921150690880958523 0.16733601005215317792 0.01139437569395012305 0.56312208414180398020 0.10589321773989200659 0.01893158347940668979 
0.00000000099999999999 0.00000000099999999999 0.00000000099999999999 0.03591847102572278544 0.00079817304063924989 0.94903455274811254760 0.00000000099999999999 0.01424879918552543132 
0.00000000099999999992 0.00000000099999999992 0.00000000099999999992 0.00000000099999999992 0.00000000099999999992 0.99595098515368152281 0.00000000099999999992 0.00404900884631856795 
0.00000000099999999983 0.00000000099999999983 0.00000000099999999983 0.00000000099999999983 0.00000000099999999983 0.99999999300000008695 0.00000000099999999983 0.00000000099999999983 
0.03540944822908932005 0.03155929042093078701 0.02547618916281507023 0.15312807531344699297 0.03330804141289316761 0.58346372910974875214 0.13765522535107577173 0.00000000100000000000 
0.02228689839858756169 0.03888974128150538001 0.04386707136488286751 0.15376753392552275357 0.02555475942069833015 0.57759551551584031870 0.13803604851590878244 0.00000243157705400312 
0.09402640233720961638 0.00581716844416327403 0.05676885392266627084 0.21991963558742622098 0.01580259800920770508 0.43821707403657522706 0.11477914849658407692 0.05466911916616746386 
0.01590865155738187264 0.05300501652136990760 0.00000000099999999999 0.15749851437513029406 0.08871055105656805440 0.25958226526418320956 0.00171466771993633192 0.42358033250543025705 
0.04094829708896072923 0.00000000099999999995 0.04078681793238873171 0.18405904470757086799 0.00000000099999999995 0.57866248658782160064 0.15554335068325797486 0.00000000099999999995 
0.02622407000898815954 0.00000000099999999999 0.04022420099974754332 0.18123319735707188460 0.00000000099999999999 0.62785949612002645015 0.12445903251416591540 0.00000000099999999999 
0.99999999300000019797 0.00000000099999999972 0.00000000099999999972 0.00000000099999999972 0.00000000099999999972 0.00000000099999999972 0.00000000099999999972 0.00000000099999999972 
0.99999999300000019797 0.00000000099999999971 0.00000000099999999971 0.00000000099999999971 0.00000000099999999971 0.00000000099999999971 0.00000000099999999971 0.00000000099999999971 
0.00000000099999999940 0.00000000099999999940 0.00000000099999999940 0.00000000099999999940 0.00000000099999999940 0.00000000099999999940 0.99999999299999986491 0.00000000099999999940 
0.00000000099999999945 0.00000000099999999945 0.00000000099999999945 0.00000000099999999945 0.00000000099999999945 0.00000000099999999945 0.00000000099999999945 0.99999999300000008695 
0.00000000099999999938 0.00000000099999999938 0.00000000099999999938 0.00000000099999999938 0.00000000099999999938 0.00000000099999999938 0.00000000099999999938 0.99999999300000008695 
0.00000000099999999950 0.00000000099999999950 0.00000000099999999950 0.00000000099999999950 0.00000000099999999950 0.00000000099999999950 0.00000000099999999950 0.99999999300000008695 
0.00000000099999999999 0.00000000099999999999 0.00000000099999999999 0.00000000099999999999 0.00195707623074126234 0.30811807162281851236 0.00000000099999999999 0.68992484714644009003 
0.00000000099999999998 0.00000000319955915764 0.00000000099999999998 0.00000000099999999998 0.00000000099999999998 0.30881026217997542549 0.00000000099999999998 0.69118972962046532071 
0.13666569817112131369 0.02859203185517760967 0.04654428743358091786 0.34647956845972377460 0.06945921877535932154 0.23697876111907242858 0.11304880789483588710 0.02223162629112876779 
0.00000000099999999949 0.24735405488677075780 0.00000000099999999949 0.00000000099999999949 0.75264593911322918984 0.00000000099999999949 0.00000000099999999949 0.00000000099999999949 
0.00000000099999999950 0.23639143591238714892 0.00000000099999999950 0.00000000099999999950 0.76360855808761296526 0.00000000099999999950 0.00000000099999999950 0.00000000099999999950 
0.00000000099999999956 0.29443524879572846586 0.00000000099999999956 0.00000000099999999956 0.70556474520427137076 0.00000000099999999956 0.00000000099999999956 0.00000000099999999956 
0.00000000099999999872 0.99999999300000008695 0.00000000099999999872 0.00000000099999999872 0.00000000099999999872 0.00000000099999999872 0.00000000099999999872 0.00000000099999999872 
0.00000000099999999875 0.99999999300000008695 0.00000000099999999875 0.00000000099999999875 0.00000000099999999875 0.00000000099999999875 0.00000000099999999875 0.00000000099999999875 
0.00000000099999999875 0.99999999300000008695 0.00000000099999999875 0.00000000099999999875 0.00000000099999999875 0.00000000099999999875 0.00000000099999999875 0.00000000099999999875 
0.00000000099999999914 0.00000000099999999914 0.99999999299999997593 0.00000000099999999914 0.00000000099999999914 0.00000000099999999914 0.00000000099999999914 0.00000000099999999914 
0.00000000099999999898 0.00000000099999999898 0.99999999299999997593 0.00000000099999999898 0.00000000099999999898 0.00000000099999999898 0.00000000099999999898 0.00000000099999999898 
0.00000000099999999901 0.00000000099999999901 0.99999999300000008695 0.00000000099999999901 0.00000000099999999901 0.00000000099999999901 0.00000000099999999901 0.00000000099999999901 
0.00000000099999999899 0.00000000099999999899 0.99999999299999986491 0.00000000099999999899 0.00000000099999999899 0.00000000099999999899 0.00000000099999999899 0.00000000099999999899 
0.00000000099999999977 0.00000000099999999977 0.81847801698615241239 0.18152197701384767403 0.00000000099999999977 0.00000000099999999977 0.00000000099999999977 0.00000000099999999977 
0.00000000099999999909 0.00000000099999999909 0.99999999299999997593 0.00000000099999999909 0.00000000099999999909 0.00000000099999999909 0.00000000099999999909 0.00000000099999999909 
0.00000000099999999912 0.00000000099999999912 0.99999999300000008695 0.00000000099999999912 0.00000000099999999912 0.00000000099999999912 0.00000000099999999912 0.00000000099999999912 
0.00000000099999999900 0.00000000099999999900 0.99999999299999986491 0.00000000099999999900 0.00000000099999999900 0.00000000099999999900 0.00000000099999999900 0.00000000099999999900 
0.00000000099999999897 0.00000000099999999897 0.99999999299999986491 0.00000000099999999897 0.00000000099999999897 0.00000000099999999897 0.00000000099999999897 0.00000000099999999897 
0.00000000099999999892 0.00000000099999999892 0.99999999299999986491 0.00000000099999999892 0.00000000099999999892 0.00000000099999999892 0.00000000099999999892 0.00000000099999999892 
0.00000000099999999895 0.00000000099999999895 0.99999999299999986491 0.00000000099999999895 0.00000000099999999895 0.00000000099999999895 0.00000000099999999895 0.00000000099999999895 
0.00000000099999999895 0.00000000099999999895 0.99999999299999997593 0.00000000099999999895 0.00000000099999999895 0.00000000099999999895 0.00000000099999999895 0.00000000099999999895 
0.00000000099999999901 0.00000000099999999901 0.99999999299999997593 0.00000000099999999901 0.00000000099999999901 0.00000000099999999901 0.00000000099999999901 0.00000000099999999901 
0.00000000099999999899 0.00000000099999999899 0.99999999299999997593 0.00000000099999999899 0.00000000099999999899 0.00000000099999999899 0.00000000099999999899 0.00000000099999999899 
0.09684885529941988924 0.02914819152924861406 0.00202313607765609469 0.14960365460153643435 0.05100142612681599769 0.37201763916943941801 0.08865793217951227490 0.21069916501637123152 
0.00000000099999999941 0.00000000099999999941 0.00000000099999999941 0.00000000099999999941 0.00000000099999999941 0.00000000099999999941 0.99999999299999997593 0.00000000099999999941 
0.00000000099999999953 0.00000000099999999953 0.00000000099999999953 0.00000000099999999953 0.00000000099999999953 0.00000000099999999953 0.99999999299999997593 0.00000000099999999953 
0.00000000099999999951 0.00000000099999999951 0.00000000099999999951 0.00000000099999999951 0.00000000099999999951 0.00000000099999999951 0.99999999299999997593 0.00000000099999999951 
0.00000000099999999995 0.00000000099999999995 0.02439275811091713708 0.15101478735137674470 0.00000000099999999995 0.67396523483200942994 0.15062721570569659324 0.00000000099999999995 
0.00000000099999999996 0.00000000099999999996 0.02848093839543926892 0.14764159754010564019 0.00000000099999999996 0.66906732990601047728 0.15481013015844466429 0.00000000099999999996 
0.05953467635695380150 0.04926197342978777538 0.04702955328254182499 0.16389458802648435021 0.04463227273066245476 0.50070954098755016126 0.13493739418601968794 0.00000000100000000000 
0.01410880723708680951 0.00000000099999999998 0.02113185227200072014 0.15057888035869157473 0.00000000099999999998 0.66494864455200108910 0.14923181258021983586 0.00000000099999999998 
0.00000000099999999997 0.00000000099999999997 0.02888456791269921123 0.14013147396705810666 0.00000000099999999997 0.66818743050216167223 0.16279652361808089056 0.00000000099999999997 
