0.00000000099999999909 0.00000000099999999909 0.99999999100000014352 0.00000000099999999909 0.00000000099999999909 0.00000000099999999909 0.00000000099999999909 0.00000000099999999909 0.00000000099999999909 0.00000000099999999909 
0.00000000099999999903 0.00000000099999999903 0.99999999100000003249 0.00000000099999999903 0.00000000099999999903 0.00000000099999999903 0.00000000099999999903 0.00000000099999999903 0.00000000099999999903 0.00000000099999999903 
0.00000000099999999897 0.00000000099999999897 0.99999999100000003249 0.00000000099999999897 0.00000000099999999897 0.00000000099999999897 0.00000000099999999897 0.00000000099999999897 0.00000000099999999897 0.00000000099999999897 
0.00000000100000000000 0.08898399994714054073 0.00022184004646981728 0.06667673386657067824 0.08222976787479679972 0.16001434558125379737 0.58622120537331778856 0.00173146240849896297 0.01392064290195171167 0.00000000100000000000 
0.00000000100000000000 0.09096836049903601895 0.00266885635294428474 0.07516260852578172946 0.05831348280307457194 0.16559023138498443761 0.58596437206939477882 0.00017290500070202191 0.02115918136408209693 0.00000000100000000000 
0.00000000099999999946 0.00000000099999999946 0.00000000099999999946 0.00000000099999999946 0.00000000099999999946 0.00000000099999999946 0.00000000099999999946 0.00000000099999999946 0.99999999100000003249 0.00000000099999999946 
0.00000000099999999973 0.00000000099999999973 0.00000000099999999973 0.00000000099999999973 0.00000000099999999973 0.00000000099999999973 0.00000000099999999973 0.00000000099999999973 0.99999999099999992147 0.00000000099999999973 
0.00000000099999999998 0.00980172306976248749 0.01261499803999902372 0.03909434611017176958 0.00000000099999999998 0.00954462957198741122 0.05875833209207544094 0.00000000099999999998 0.87018596711600393334 0.00000000099999999998 
0.00000000099999999960 0.00000000099999999960 0.00000000099999999960 0.00000000099999999960 0.00000000099999999960 0.00000000099999999960 0.00000000099999999960 0.00000000099999999960 0.99999999100000003249 0.00000000099999999960 
0.00000000099999999962 0.00000000099999999962 0.00000000099999999962 0.00000000099999999962 0.00000000099999999962 0.00000000099999999962 0.00000000099999999962 0.00000000099999999962 0.99999999100000003249 0.00000000099999999962 
0.00000000099999999975 0.00000000099999999975 0.00000000099999999975 0.00000000099999999975 0.00000000099999999975 0.00000000099999999975 0.00000000099999999975 0.00000000099999999975 0.99999999099999992147 0.00000000099999999975 
0.00000000099999999998 0.00000001378403799692 0.01324467488550925762 0.03368702055575056170 0.01859503368610173832 0.00000000099999999998 0.07174006968988080879 0.00000000099999999998 0.86273318339871951643 0.00000000099999999998 
0.00000000099999999953 0.00000000099999999953 0.00000000099999999953 0.00000000099999999953 0.00000000099999999953 0.00000000099999999953 0.00000000099999999953 0.00000000099999999953 0.99999999099999992147 0.00000000099999999953 
0.00000000099999999974 0.00000000099999999974 0.00000000099999999974 0.00000000099999999974 0.00000000099999999974 0.00000000099999999974 0.00000000099999999974 0.00000000099999999974 0.99999999100000003249 0.00000000099999999974 
0.00000000099999999997 0.00000000099999999997 0.02660777363433287218 0.02467335627467624054 0.00000000099999999997 0.01419576908434015683 0.02885715293513849491 0.00000000099999999997 0.90566594307151215837 0.00000000099999999997 
0.00000000099999999992 0.00000000099999999992 0.00000000099999999992 0.02033442971851905784 0.00000000099999999992 0.00000000099999999992 0.64381575488044728850 0.31356386922575513188 0.00000000099999999992 0.02228594017527872270 
0.08643766374443200007 0.00000000100000000000 0.09254091228071628650 0.01375923418889535288 0.00000000100000000000 0.03109474218190958275 0.04879661762138915587 0.52909899381118385975 0.05429363441994296963 0.14397819975153069993 
0.00000000099999999987 0.00000000099999999987 0.00000000099999999987 0.00000000099999999987 0.00000000099999999987 0.00000000099999999987 0.00000000099999999987 0.99999999100000003249 0.00000000099999999987 0.00000000099999999987 
0.00000000099999999987 0.00000000099999999987 0.00000000099999999987 0.00000000099999999987 0.00000000099999999987 0.00000000099999999987 0.00000000099999999987 0.99999999099999992147 0.00000000099999999987 0.00000000099999999987 
0.00000000099999999989 0.00000000099999999989 0.00000000099999999989 0.00000000099999999989 0.00000000099999999989 0.00000000099999999989 0.00000000099999999989 0.99999999100000003249 0.00000000099999999989 0.00000000099999999989 
0.02440656313042733130 0.00000000099999999992 0.00000000099999999992 0.00000000099999999992 0.00000000099999999992 0.00000000099999999992 0.00000000099999999992 0.97559342886957256535 0.00000000099999999992 0.00000000099999999992 
0.33088888235699531748 0.00000000099999999994 0.00000000099999999994 0.00000000099999999994 0.00000000099999999994 0.00000000099999999994 0.00000000099999999994 0.66294690398786726426 0.00000000099999999994 0.00616420665513711750 
0.00000000099999999999 0.00000000099999999999 0.01128471189603251143 0.00000000099999999999 0.00000000099999999999 0.03885675907636447490 0.06851102283726863418 0.79800182151633491934 0.00000000099999999999 0.08334567967399947319 
0.00000000099999999985 0.00000000099999999985 0.00000000099999999985 0.00000000099999999985 0.00000000099999999985 0.00000000099999999985 0.00000000099999999985 0.88280003769186854434 0.00000000099999999985 0.11719995430813151538 
0.00000000099999999987 0.00000000099999999987 0.00000000099999999987 0.00000000099999999987 0.00000000099999999987 0.00000000099999999987 0.00000000099999999987 0.91796940200116194930 0.00000000099999999987 0.08203058999883794389 
0.00122590029475727678 0.00000000099999999998 0.00000000099999999998 0.00836211506405039849 0.00000000099999999998 0.00747490180311141412 0.08685620634460074208 0.74885445982636467122 0.00000000099999999998 0.14722641266711555819 
0.00000000099999999992 0.00000000099999999992 0.00000000099999999992 0.00000000099999999992 0.00000000099999999992 0.00000000099999999992 0.00000000099999999992 0.85685235063297282565 0.00000000099999999992 0.14314764136702712305 
0.00000000099999999994 0.00000000099999999994 0.00000000099999999994 0.00000000099999999994 0.00000000099999999994 0.00000000099999999994 0.04858495154939750094 0.84172053586499362421 0.00000000099999999994 0.10969450558560882303 
0.00000000099999999997 0.02721738804200266038 0.01134046483921596904 0.08570535782551580439 0.03770111912421555966 0.13957593594388287284 0.56863880898828966792 0.00000000099999999997 0.12982092223687746735 0.00000000099999999997 
0.00000000099999999959 0.00000000099999999959 0.00000000099999999959 0.00000000099999999959 0.00000000099999999959 0.99999999100000003249 0.00000000099999999959 0.00000000099999999959 0.00000000099999999959 0.00000000099999999959 
0.00000000099999999963 0.00000000099999999963 0.00000000099999999963 0.00000000099999999963 0.00000000099999999963 0.99999999100000003249 0.00000000099999999963 0.00000000099999999963 0.00000000099999999963 0.00000000099999999963 
0.00000000099999999966 0.00000000099999999966 0.00000000099999999966 0.00000000099999999966 0.00000000099999999966 0.99999999100000014352 0.00000000099999999966 0.00000000099999999966 0.00000000099999999966 0.00000000099999999966 
0.00000000099999999966 0.00000000099999999966 0.00000000099999999966 0.00000000099999999966 0.00000000099999999966 0.99999999100000003249 0.00000000099999999966 0.00000000099999999966 0.00000000099999999966 0.00000000099999999966 
0.00000000099999999971 0.00000000099999999971 0.00000000099999999971 0.00000000099999999971 0.00000000099999999971 0.99999999100000014352 0.00000000099999999971 0.00000000099999999971 0.00000000099999999971 0.00000000099999999971 
0.00000000099999999938 0.00000000099999999938 0.00000000099999999938 0.00000000099999999938 0.00000000099999999938 0.99999999100000003249 0.00000000099999999938 0.00000000099999999938 0.00000000099999999938 0.00000000099999999938 
0.00000000099999999942 0.00000000099999999942 0.00000000099999999942 0.00000000099999999942 0.00000000099999999942 0.99999999100000014352 0.00000000099999999942 0.00000000099999999942 0.00000000099999999942 0.00000000099999999942 
0.05397906227717112759 0.00000000099999999992 0.51759135402714639973 0.00000000099999999992 0.00000000099999999992 0.15774260461326009009 0.00000000099999999992 0.14792320878276041252 0.12276376529966209761 0.00000000099999999992 
0.03917094153538182993 0.00157288604390522224 0.35801534183044808612 0.02748321524667007507 0.01770917404287728272 0.17585892606765782253 0.00000004304632170087 0.25914586681897899823 0.12104360436775893350 0.00000000099999999999 
0.03297837187762168998 0.00000000099999999996 0.47406588223178253161 0.04251413121617300672 0.00441722754259329161 0.16066699573627937769 0.00000000099999999996 0.16450410554032474097 0.12085328285522529967 0.00000000099999999996 
0.00000000099999999998 0.00000000099999999998 0.00000000099999999998 0.02303938872090129444 0.00000000099999999998 0.05423163140564694895 0.65143883451645145932 0.11507483203826757157 0.00000000099999999998 0.15621530831873284284 
0.00000000099999999999 0.00000000099999999999 0.00000000099999999999 0.00697398620375181463 0.00766030205645780275 0.03775630849148603474 0.64349867852355369102 0.12378682396525214626 0.00000000099999999999 0.18032389675949864194 
0.00043678288301963124 0.01673183310170787627 0.01992255878582141829 0.03835911507608348592 0.00903825602152449892 0.10980573876056561045 0.41656786766259457089 0.21920764480725446477 0.05292931711562980784 0.11700088578579860565 
0.00000000100000000000 0.00282966710415038418 0.00775790645048429588 0.03634420136376338706 0.02345375154199825715 0.08241477482524088571 0.40769678828548155947 0.21831192775320826249 0.04442980241017550902 0.17676117926549739234 
0.00000000099999999991 0.00000000099999999991 0.00000000099999999991 0.00000000099999999991 0.00000000099999999991 0.00000000099999999991 0.03970412895173868612 0.40947290134876462853 0.00000000099999999991 0.55082296269949670986 
0.00000000099999999926 0.00000000099999999926 0.00000000099999999926 0.00000000099999999926 0.00000000099999999926 0.00000000099999999926 0.00000000099999999926 0.00000000099999999926 0.00000000099999999926 0.99999999099999992147 
0.00000000099999999927 0.00000000099999999927 0.00000000099999999927 0.00000000099999999927 0.00000000099999999927 0.00000000099999999927 0.00000000099999999927 0.00000000099999999927 0.00000000099999999927 0.99999999100000003249 
0.00000000099999999926 0.00000000099999999926 0.00000000099999999926 0.00000000099999999926 0.00000000099999999926 0.00000000099999999926 0.00000000099999999926 0.00000000099999999926 0.00000000099999999926 0.99999999099999992147 
0.00000000100000000000 0.01915410697000250947 0.02290135891562089868 0.03999783935416382358 0.00831512967217981451 0.09135912917047753212 0.39675533184170008738 0.22725637223037695178 0.03525832120417584509 0.15900240964130255006 
0.11256614092705886920 0.00000000099999999996 0.12179015840429191497 0.00000000099999999996 0.00000000099999999996 0.00000000099999999996 0.00000000099999999996 0.59038576295349654011 0.05543655377086606495 0.11982137894428648850 
0.00000000099999999997 0.00670509312168074932 0.00000000099999999997 0.03638303475728435488 0.01017479147540989275 0.05309088868270948197 0.62400251345000623537 0.15900506390162147397 0.00000000099999999997 0.11063861161128780985 
0.00000000099999999990 0.00000000099999999990 0.00000000099999999990 0.00000000099999999990 0.00000000099999999990 0.00000000099999999990 0.01757934248588628734 0.41116034636925608003 0.00000000099999999990 0.57126030414485762243 
0.03827587516101955273 0.00104105677017360464 0.10289578510193483907 0.01391903471319061100 0.00000001024670476589 0.01202082558888943782 0.11250914990886748401 0.54527530710475369258 0.03338661236024400430 0.14067634304422207969 
0.06315656416504167314 0.00522846387025628894 0.11968410178694587065 0.03306441874089263711 0.01079306739453090441 0.05262272857748396399 0.17000984528864671042 0.35297017893326532167 0.06933754917521928185 0.12313308206771743369 
0.00000000100000000000 0.02367993774508195953 0.01755811713161250370 0.04048647137125971351 0.01057166180435391983 0.08900322550474819294 0.41469310740269110793 0.19391412290502715865 0.06078421709546319440 0.14930913803976228471 
0.00000000099999999996 0.00000000099999999996 0.00000000099999999996 0.00000000099999999996 0.00000000099999999996 0.00000000099999999996 0.13188819965908615828 0.38119748852608004164 0.00000000099999999996 0.48691430481483377601 
0.00000000099999999991 0.00000000099999999991 0.00000000099999999991 0.00000000099999999991 0.00000000099999999991 0.00000000099999999991 0.06093137406059243033 0.39414556648120430138 0.00000000099999999991 0.54492305245820316095 
0.00000000099999999973 0.00000000099999999973 0.00000000099999999973 0.00000000099999999973 0.00000000099999999973 0.00000000099999999973 0.00000000099999999973 0.00000000099999999973 0.00000000099999999973 0.99999999100000003249 
0.00000000099999999999 0.00000000099999999999 0.08343720873608344302 0.03800917252702765148 0.00000000099999999999 0.04066898522761992069 0.67708547101537863711 0.06647020332869857384 0.00000000099999999999 0.09432895516519185231 
0.00000000100000000000 0.00833854451586877980 0.08381630999781744529 0.03459428620797201648 0.00673191232416701663 0.03690541611981900533 0.68691087785768356611 0.04654777545807375211 0.00000000100000000000 0.09615487551859849824 
0.00000000100000000000 0.02285315037082697939 0.02603823466648459706 0.05174554907219718752 0.02031101350133841452 0.13487175770089385174 0.35045711756481207066 0.29038046717582843836 0.06508305470261686876 0.03825965424500166190 
0.00000000099999999976 0.00000000099999999976 0.12384873038813268287 0.00000000099999999976 0.00000000099999999976 0.00000000099999999976 0.00000000099999999976 0.87615126161186729359 0.00000000099999999976 0.00000000099999999976 
0.00000000099999999997 0.00548494884041596416 0.00000000099999999997 0.04234763669925393353 0.00320190677390780765 0.05844783662091566218 0.74738689154393223024 0.10965078928876047237 0.00000000099999999997 0.03347998723281409711 
0.00000000099999999999 0.00922565395361946497 0.00000000099999999999 0.01784261574303957348 0.00433790586457403603 0.07692220400758030541 0.66879756365636178206 0.09860250184997984557 0.00000000099999999999 0.12427155192484501400 
0.00000000099999999964 0.00000000099999999964 0.00000000099999999964 0.00000000099999999964 0.00000000099999999964 0.00000000099999999964 0.00000000099999999964 0.00000000099999999964 0.99999999100000003249 0.00000000099999999964 
0.00000000099999999961 0.00000000099999999961 0.00000000099999999961 0.00000000099999999961 0.00000000099999999961 0.00000000099999999961 0.00000000099999999961 0.00000000099999999961 0.99999999100000003249 0.00000000099999999961 
0.00000000099999999920 0.00000000099999999920 0.00000000099999999920 0.99999999100000014352 0.00000000099999999920 0.00000000099999999920 0.00000000099999999920 0.00000000099999999920 0.00000000099999999920 0.00000000099999999920 
0.99999999100000025454 0.00000000099999999915 0.00000000099999999915 0.00000000099999999915 0.00000000099999999915 0.00000000099999999915 0.00000000099999999915 0.00000000099999999915 0.00000000099999999915 0.00000000099999999915 
0.99999999100000014352 0.00000000099999999901 0.00000000099999999901 0.00000000099999999901 0.00000000099999999901 0.00000000099999999901 0.00000000099999999901 0.00000000099999999901 0.00000000099999999901 0.00000000099999999901 
0.99999999100000025454 0.00000000099999999914 0.00000000099999999914 0.00000000099999999914 0.00000000099999999914 0.00000000099999999914 0.00000000099999999914 0.00000000099999999914 0.00000000099999999914 0.00000000099999999914 
0.42752305280891012007 0.00000000099999999994 0.00000000099999999994 0.00000000099999999994 0.00000000099999999994 0.00000000099999999994 0.00000000099999999994 0.56900026379791179831 0.00000000099999999994 0.00347667639317792267 
0.42553004281712542012 0.00000000099999999994 0.00000000099999999994 0.00000000099999999994 0.00000000099999999994 0.00000000099999999994 0.00000000099999999994 0.56949070772949939023 0.00000000099999999994 0.00497924245337493659 
0.00160553078576141858 0.01248840484527415085 0.10675943004962237803 0.06127482764142146154 0.02046599781625186784 0.28076886864207933892 0.30475989055620850143 0.09861716579350586487 0.11325988286987509479 0.00000000100000000000 
0.00000000099999999916 0.00000000099999999916 0.99999999100000014352 0.00000000099999999916 0.00000000099999999916 0.00000000099999999916 0.00000000099999999916 0.00000000099999999916 0.00000000099999999916 0.00000000099999999916 
0.00000000099999999919 0.00000000099999999919 0.99999999100000014352 0.00000000099999999919 0.00000000099999999919 0.00000000099999999919 0.00000000099999999919 0.00000000099999999919 0.00000000099999999919 0.00000000099999999919 
0.00000000099999999925 0.00000000099999999925 0.99999999100000003249 0.00000000099999999925 0.00000000099999999925 0.00000000099999999925 0.00000000099999999925 0.00000000099999999925 0.00000000099999999925 0.00000000099999999925 
0.00000000099999999909 0.00000000099999999909 0.99999999100000014352 0.00000000099999999909 0.00000000099999999909 0.00000000099999999909 0.00000000099999999909 0.00000000099999999909 0.00000000099999999909 0.00000000099999999909 
0.00000000099999999914 0.00000000099999999914 0.99999999100000014352 0.00000000099999999914 0.00000000099999999914 0.00000000099999999914 0.00000000099999999914 0.00000000099999999914 0.00000000099999999914 0.00000000099999999914 
0.00000000099999999908 0.00000000099999999908 0.99999999100000003249 0.00000000099999999908 0.00000000099999999908 0.00000000099999999908 0.00000000099999999908 0.00000000099999999908 0.00000000099999999908 0.00000000099999999908 
0.00000000099999999840 0.00000000099999999840 0.00000000099999999840 0.00000000099999999840 0.99999999099999992147 0.00000000099999999840 0.00000000099999999840 0.00000000099999999840 0.00000000099999999840 0.00000000099999999840 
0.00000000099999999826 0.00000000099999999826 0.00000000099999999826 0.00000000099999999826 0.99999999099999992147 0.00000000099999999826 0.00000000099999999826 0.00000000099999999826 0.00000000099999999826 0.00000000099999999826 
0.00000000099999999838 0.99999999100000003249 0.00000000099999999838 0.00000000099999999838 0.00000000099999999838 0.00000000099999999838 0.00000000099999999838 0.00000000099999999838 0.00000000099999999838 0.00000000099999999838 
0.00000000099999999836 0.99999999100000003249 0.00000000099999999836 0.00000000099999999836 0.00000000099999999836 0.00000000099999999836 0.00000000099999999836 0.00000000099999999836 0.00000000099999999836 0.00000000099999999836 
0.00000000099999999968 0.82255767243280353274 0.00000000099999999968 0.00000000099999999968 0.00000000099999999968 0.17744231956719661025 0.00000000099999999968 0.00000000099999999968 0.00000000099999999968 0.00000000099999999968 
0.00000000099999999836 0.00000000099999999836 0.00000000099999999836 0.00000000099999999836 0.99999999099999992147 0.00000000099999999836 0.00000000099999999836 0.00000000099999999836 0.00000000099999999836 0.00000000099999999836 
0.00000000099999999851 0.99999999100000003249 0.00000000099999999851 0.00000000099999999851 0.00000000099999999851 0.00000000099999999851 0.00000000099999999851 0.00000000099999999851 0.00000000099999999851 0.00000000099999999851 
0.00000000099999999886 0.50817886579187199203 0.00000000099999999886 0.00000000099999999886 0.49182112620812806769 0.00000000099999999886 0.00000000099999999886 0.00000000099999999886 0.00000000099999999886 0.00000000099999999886 
0.00000000099999999884 0.49889864708737102772 0.00000000099999999884 0.00000000099999999884 0.50110134491262880996 0.00000000099999999884 0.00000000099999999884 0.00000000099999999884 0.00000000099999999884 0.00000000099999999884 
0.00000000099999999878 0.47508787521339312931 0.00000000099999999878 0.00000000099999999878 0.52491211678660676387 0.00000000099999999878 0.00000000099999999878 0.00000000099999999878 0.00000000099999999878 0.00000000099999999878 
0.00000000099999999881 0.49640521658336467237 0.00000000099999999881 0.00000000099999999881 0.50359477541663533184 0.00000000099999999881 0.00000000099999999881 0.00000000099999999881 0.00000000099999999881 0.00000000099999999881 
0.00000000099999999880 0.49258783588373689089 0.00000000099999999880 0.00000000099999999880 0.50741215611626311333 0.00000000099999999880 0.00000000099999999880 0.00000000099999999880 0.00000000099999999880 0.00000000099999999880 
0.00000000099999999889 0.51028069724206437385 0.00000000099999999889 0.00000000099999999889 0.48971929475793568587 0.00000000099999999889 0.00000000099999999889 0.00000000099999999889 0.00000000099999999889 0.00000000099999999889 
0.00000000099999999887 0.55718637211445165569 0.00000000099999999887 0.00000000099999999887 0.44281361988554845954 0.00000000099999999887 0.00000000099999999887 0.00000000099999999887 0.00000000099999999887 0.00000000099999999887 
0.00000000099999999995 0.00000000099999999995 0.08265529975980176469 0.02584602179575045539 0.00000000099999999995 0.07202316539976688636 0.00000000099999999995 0.77439406998514082048 0.04508143805953997857 0.00000000099999999995 
0.00000000099999999921 0.00000000099999999921 0.00000000099999999921 0.99999999100000014352 0.00000000099999999921 0.00000000099999999921 0.00000000099999999921 0.00000000099999999921 0.00000000099999999921 0.00000000099999999921 
0.00000000099999999939 0.00000000099999999939 0.00000000099999999939 0.99999999100000003249 0.00000000099999999939 0.00000000099999999939 0.00000000099999999939 0.00000000099999999939 0.00000000099999999939 0.00000000099999999939 
0.00000000099999999935 0.00000000099999999935 0.00000000099999999935 0.99999999100000014352 0.00000000099999999935 0.00000000099999999935 0.00000000099999999935 0.00000000099999999935 0.00000000099999999935 0.00000000099999999935 
0.00000000099999999969 0.00000000099999999969 0.00000000099999999969 0.00000000099999999969 0.00000000099999999969 0.00000000099999999969 0.99999999100000003249 0.00000000099999999969 0.00000000099999999969 0.00000000099999999969 
0.00000000099999999972 0.00000000099999999972 0.00000000099999999972 0.00000000099999999972 0.00000000099999999972 0.00000000099999999972 0.99999999099999992147 0.00000000099999999972 0.00000000099999999972 0.00000000099999999972 
0.00000000099999999992 0.00000000099999999992 0.12190791162780680035 0.00000000099999999992 0.00000000099999999992 0.00000000099999999992 0.87809208037219321774 0.00000000099999999992 0.00000000099999999992 0.00000000099999999992 
0.00000000099999999970 0.00000000099999999970 0.00000000099999999970 0.00000000099999999970 0.00000000099999999970 0.00000000099999999970 0.99999999099999992147 0.00000000099999999970 0.00000000099999999970 0.00000000099999999970 
0.00000000099999999969 0.00000000099999999969 0.00000000099999999969 0.00000000099999999969 0.00000000099999999969 0.00000000099999999969 0.99999999100000003249 0.00000000099999999969 0.00000000099999999969 0.00000000099999999969 
