0.00000000099999999950 0.00000000099999999950 0.00000000099999999950 0.00000000099999999950 0.99999999499999991937 0.00000000099999999950 
0.00000000099999999946 0.00000000099999999946 0.00000000099999999946 0.00000000099999999946 0.99999999499999991937 0.00000000099999999946 
0.00000000099999999943 0.00000000099999999943 0.00000000099999999943 0.00000000099999999943 0.99999999499999991937 0.00000000099999999943 
0.20119941175596317562 0.52673759493984873004 0.08437448312229378633 0.18768842515450806507 0.00000008402738630977 0.00000000100000000000 
0.21068764559554170601 0.53322807310708231210 0.08496247495091664714 0.17112144719632449430 0.00000035815013471824 0.00000000100000000000 
0.00000000099999999970 0.00000000099999999970 0.99999999499999991937 0.00000000099999999970 0.00000000099999999970 0.00000000099999999970 
0.00000000099999999985 0.00000000099999999985 0.99999999499999991937 0.00000000099999999985 0.00000000099999999985 0.00000000099999999985 
0.00000000099999999999 0.10513094889080468186 0.88295490977237578445 0.00681432993000476942 0.00509980940681477833 0.00000000099999999999 
0.00000000099999999978 0.00000000099999999978 0.99999999500000003039 0.00000000099999999978 0.00000000099999999978 0.00000000099999999978 
0.00000000099999999979 0.00000000099999999979 0.99999999500000003039 0.00000000099999999979 0.00000000099999999979 0.00000000099999999979 
0.00000000099999999986 0.00000000099999999986 0.99999999499999991937 0.00000000099999999986 0.00000000099999999986 0.00000000099999999986 
0.01094372397555302967 0.08539609246559594358 0.87441071004102066677 0.02138170772405767472 0.00786776479377253313 0.00000000099999999999 
0.00000000099999999974 0.00000000099999999974 0.99999999499999991937 0.00000000099999999974 0.00000000099999999974 0.00000000099999999974 
0.00000000099999999986 0.00000000099999999986 0.99999999500000003039 0.00000000099999999986 0.00000000099999999986 0.00000000099999999986 
0.00000000099999999998 0.07178819498993131709 0.90686147491811408550 0.00000000099999999998 0.02135032709195467185 0.00000000099999999998 
0.62005552016929121883 0.32942645038856993578 0.00000000099999999996 0.02008823290420647112 0.00000000099999999996 0.03042979453793248981 
0.47081435040233310385 0.12244436828955680696 0.06143423433162050612 0.00000000100000000000 0.09552636703569736265 0.24978067894079233890 
0.54663471541437191892 0.17770165698872558702 0.02620500057031436777 0.00000000099999999999 0.00000000099999999999 0.24945862502658833204 
0.55916487866771336090 0.18251604067958906996 0.01003048403647377115 0.00000000099999999998 0.00000000099999999998 0.24828859461622404536 
0.53031738569500253000 0.19817754854895508476 0.02716451458945447206 0.00000000099999999999 0.00000000099999999999 0.24434054916658784484 
0.48611701485974612158 0.14051047717669806758 0.03368018702007884863 0.00000000100000000000 0.02069344915917651836 0.31899887078430044784 
0.35071318184964817011 0.04219308090073026207 0.00000000099999999999 0.00000000099999999999 0.00188808523140809089 0.60520565001821347018 
0.56478221419282015336 0.19098396439264792024 0.01536245792328041343 0.00430792517898637931 0.01915952358170579239 0.20540391473055938376 
0.69493699047618207043 0.07654936920995661365 0.00000000099999999998 0.00000000099999999998 0.00000000099999999998 0.22851363731386145628 
0.65459923549049714442 0.11421852506512197856 0.00000000099999999998 0.00000000099999999998 0.00000000099999999998 0.23118223644438096187 
0.62872746781082722300 0.16696019800147174350 0.01707360808843863542 0.00000000100000000000 0.00299517835291718184 0.18424354674634518814 
0.67533964474322405458 0.12205480822870611035 0.00000000099999999999 0.00000000099999999999 0.00000000099999999999 0.20260554402806996155 
0.64618547458450403820 0.15103448844075426094 0.00000000099999999999 0.00219351233289511631 0.00000000099999999999 0.20058652264184675951 
0.28253419872438173543 0.47260151100257591361 0.16053402145524325872 0.08433026681779902389 0.00000000099999999999 0.00000000099999999999 
0.00000000099999999986 0.99999999500000003039 0.00000000099999999986 0.00000000099999999986 0.00000000099999999986 0.00000000099999999986 
0.00000000099999999987 0.99999999500000003039 0.00000000099999999987 0.00000000099999999987 0.00000000099999999987 0.00000000099999999987 
0.00000000099999999989 0.99999999500000014141 0.00000000099999999989 0.00000000099999999989 0.00000000099999999989 0.00000000099999999989 
0.00000000099999999988 0.99999999500000003039 0.00000000099999999988 0.00000000099999999988 0.00000000099999999988 0.00000000099999999988 
0.00000000099999999989 0.99999999500000003039 0.00000000099999999989 0.00000000099999999989 0.00000000099999999989 0.00000000099999999989 
0.00000000099999999979 0.99999999500000014141 0.00000000099999999979 0.00000000099999999979 0.00000000099999999979 0.00000000099999999979 
0.00000000099999999980 0.99999999500000003039 0.00000000099999999980 0.00000000099999999980 0.00000000099999999980 0.00000000099999999980 
0.00000000099999999997 0.17867831791648264295 0.12358812277611880281 0.00000000099999999997 0.51406832935821533681 0.18366522794918324624 
0.07193027573900868943 0.27477161421252666029 0.12710801227190185458 0.01867474314105713531 0.35389903655892146483 0.15361631807658410187 
0.00000000099999999999 0.25702903136226262770 0.12420518476015934839 0.00000000099999999999 0.46863673600575134204 0.15012904587182640537 
0.63238003665111597318 0.32072902968225258657 0.02385808072226539012 0.02303285094436622812 0.00000000099999999999 0.00000000099999999999 
0.66535189759397039833 0.29104763847672204813 0.01224554994358391900 0.03135491198572371019 0.00000000099999999999 0.00000000099999999999 
0.50492840116919923688 0.33584447622743435202 0.07222981707372082283 0.03891158021560478519 0.01304442998535475587 0.03504129532868598823 
0.58065524651729771843 0.29858679728761550187 0.06216699766529079629 0.03806190868146800549 0.00272228303622709016 0.01780676681210086043 
0.99999999500000014141 0.00000000099999999995 0.00000000099999999995 0.00000000099999999995 0.00000000099999999995 0.00000000099999999995 
0.99999999500000003039 0.00000000099999999977 0.00000000099999999977 0.00000000099999999977 0.00000000099999999977 0.00000000099999999977 
0.99999999500000014141 0.00000000099999999978 0.00000000099999999978 0.00000000099999999978 0.00000000099999999978 0.00000000099999999978 
0.99999999500000003039 0.00000000099999999977 0.00000000099999999977 0.00000000099999999977 0.00000000099999999977 0.00000000099999999977 
0.55340147589231625247 0.31166243020466688485 0.05273370027624420253 0.03952626511870031140 0.01722598163509966862 0.02545014687297272871 
0.43521039154107632463 0.04189348930211982125 0.07017064942365826286 0.00000000099999999999 0.13169033804721505532 0.32103513068593064750 
0.60941448584169410907 0.34251390469917675219 0.00882389937571395437 0.03924770808341514206 0.00000000099999999998 0.00000000099999999998 
0.99999999500000014141 0.00000000099999999994 0.00000000099999999994 0.00000000099999999994 0.00000000099999999994 0.00000000099999999994 
0.53001754453136940004 0.13737428326367770448 0.04456436481879693517 0.00454654136357748352 0.10412861826372390994 0.17936864775885455470 
0.42838079820177027424 0.18837886753960814135 0.07858295231119204194 0.02103266836121315750 0.11756906252974623495 0.16605565105647013269 
0.53446156340740391677 0.31052632583931688570 0.07717466243814859184 0.04727295114125044245 0.01132207360965111799 0.01924242356422900188 
0.93326337271460646505 0.05375964461356386170 0.00000000099999999999 0.00000000099999999999 0.00046451172232418232 0.01251246894950547479 
0.99986266199498852192 0.00000000099999999995 0.00000000099999999995 0.00000000099999999995 0.00000000099999999995 0.00013733400501155136 
0.99999999500000003039 0.00000000099999999987 0.00000000099999999987 0.00000000099999999987 0.00000000099999999987 0.00000000099999999987 
0.55159388929308106331 0.33226838112514395229 0.03028558544570463321 0.02355469168224672352 0.06229745145382366289 0.00000000100000000000 
0.54438133666470356342 0.33509583991796132452 0.01618870199672422724 0.04158527717389894768 0.06267049917168779349 0.00007834507502409717 
0.40848473185734418545 0.37255475241818797327 0.08854688715614354722 0.05481208921996105765 0.02040217118907105415 0.05519936815929205737 
0.23086499667456292229 0.19508016894215401971 0.00639140601810844321 0.00000000099999999999 0.14774467881639105626 0.41991874854878336043 
0.54051029139796702427 0.38777940968019936063 0.03364948447468704695 0.03806081244714645123 0.00000000099999999997 0.00000000099999999997 
0.59200301675871636053 0.35175266083803069517 0.01837392337600920328 0.03787039702724385309 0.00000000099999999999 0.00000000099999999999 
0.00000000099999999980 0.00000000099999999980 0.99999999499999991937 0.00000000099999999980 0.00000000099999999980 0.00000000099999999980 
0.00000000099999999979 0.00000000099999999979 0.99999999499999991937 0.00000000099999999979 0.00000000099999999979 0.00000000099999999979 
0.00000000099999999993 0.99999999430251362842 0.00000000169748653597 0.00000000099999999993 0.00000000099999999993 0.00000000099999999993 
0.00000000099999999961 0.00000000099999999961 0.00000000099999999961 0.00000000099999999961 0.00000000099999999961 0.99999999500000003039 
0.00000000099999999956 0.00000000099999999956 0.00000000099999999956 0.00000000099999999956 0.00000000099999999956 0.99999999500000003039 
0.00000000099999999964 0.00000000099999999964 0.00000000099999999964 0.00000000099999999964 0.00000000099999999964 0.99999999499999991937 
0.30305194427268411506 0.00000000099999999999 0.00000000099999999999 0.00000000099999999999 0.00400331288865888799 0.69294473983865700895 
0.30468582988747922036 0.00000000099999999999 0.00000000099999999999 0.00000000099999999999 0.00000021853139529909 0.69531394858112549606 
0.20928084669578689292 0.49434758145256962880 0.13029672185038992938 0.04435914641249263934 0.09823465710276384211 0.02348104648599712990 
0.00000000099999999954 0.00000000099999999954 0.00000000099999999954 0.00000000099999999954 0.99999999499999991937 0.00000000099999999954 
0.00000000099999999956 0.00000000099999999956 0.00000000099999999956 0.00000000099999999956 0.99999999500000003039 0.00000000099999999956 
0.00000000099999999959 0.00000000099999999959 0.00000000099999999959 0.00000000099999999959 0.99999999499999991937 0.00000000099999999959 
0.00000000099999999949 0.00000000099999999949 0.00000000099999999949 0.00000000099999999949 0.99999999500000003039 0.00000000099999999949 
0.00000000099999999952 0.00000000099999999952 0.00000000099999999952 0.00000000099999999952 0.99999999499999991937 0.00000000099999999952 
0.00000000099999999949 0.00000000099999999949 0.00000000099999999949 0.00000000099999999949 0.99999999500000003039 0.00000000099999999949 
0.00000000099999999938 0.00000000099999999938 0.00000000099999999938 0.99999999499999991937 0.00000000099999999938 0.00000000099999999938 
0.00000000099999999926 0.00000000099999999926 0.00000000099999999926 0.99999999500000003039 0.00000000099999999926 0.00000000099999999926 
0.00000000099999999929 0.00000000099999999929 0.00000000099999999929 0.99999999500000003039 0.00000000099999999929 0.00000000099999999929 
0.00000000099999999927 0.00000000099999999927 0.00000000099999999927 0.99999999500000003039 0.00000000099999999927 0.00000000099999999927 
0.00000000099999999987 0.17996225550365260726 0.00000000099999999987 0.82003774049634736709 0.00000000099999999987 0.00000000099999999987 
0.00000000099999999934 0.00000000099999999934 0.00000000099999999934 0.99999999499999991937 0.00000000099999999934 0.00000000099999999934 
0.00000000099999999936 0.00000000099999999936 0.00000000099999999936 0.99999999500000003039 0.00000000099999999936 0.00000000099999999936 
0.00000000099999999928 0.00000000099999999928 0.00000000099999999928 0.99999999499999991937 0.00000000099999999928 0.00000000099999999928 
0.00000000099999999926 0.00000000099999999926 0.00000000099999999926 0.99999999500000003039 0.00000000099999999926 0.00000000099999999926 
0.00000000099999999922 0.00000000099999999922 0.00000000099999999922 0.99999999500000003039 0.00000000099999999922 0.00000000099999999922 
0.00000000099999999924 0.00000000099999999924 0.00000000099999999924 0.99999999499999991937 0.00000000099999999924 0.00000000099999999924 
0.00000000099999999924 0.00000000099999999924 0.00000000099999999924 0.99999999500000003039 0.00000000099999999924 0.00000000099999999924 
0.00000000099999999929 0.00000000099999999929 0.00000000099999999929 0.99999999499999991937 0.00000000099999999929 0.00000000099999999929 
0.00000000099999999927 0.00000000099999999927 0.00000000099999999927 0.99999999499999991937 0.00000000099999999927 0.00000000099999999927 
0.34797680407727044072 0.27003277706329420482 0.09053530740963112999 0.00040046741978241250 0.08094643580296469187 0.21010820822705708610 
0.00000000099999999992 0.99999999500000014141 0.00000000099999999992 0.00000000099999999992 0.00000000099999999992 0.00000000099999999992 
0.00000000099999999994 0.99999999500000003039 0.00000000099999999994 0.00000000099999999994 0.00000000099999999994 0.00000000099999999994 
0.00000000099999999993 0.99999999500000003039 0.00000000099999999993 0.00000000099999999993 0.00000000099999999993 0.00000000099999999993 
0.62311254793554171627 0.35623715094735003417 0.00000000099999999997 0.02065029811710838645 0.00000000099999999997 0.00000000099999999997 
0.61989897455811515670 0.35532064540725266655 0.00000000099999999997 0.02478037703463220609 0.00000000099999999997 0.00000000099999999997 
0.46342965848362732695 0.34828095236957101744 0.05272318533660085710 0.04441628382933266589 0.09114991898086803601 0.00000000100000000000 
0.61879592190232191040 0.35804700979414072481 0.00511461894292224249 0.01804244736061514504 0.00000000099999999998 0.00000000099999999998 
0.61915564764246922014 0.35555760302949057650 0.00000000099999999998 0.02528674632804011474 0.00000000099999999998 0.00000000099999999998 
