0.00000000099999999970 0.99999999700000008485 0.00000000099999999970 0.00000000099999999970 
0.00000000099999999968 0.99999999700000008485 0.00000000099999999968 0.00000000099999999968 
0.00000000099999999966 0.99999999700000008485 0.00000000099999999966 0.00000000099999999966 
0.18658468861121216276 0.03953064810172281923 0.54417075877732867806 0.22971390450973644404 
0.18890472793660653683 0.04530373637530542980 0.55323194701093147962 0.21255958867715671334 
0.99999999700000008485 0.00000000099999999982 0.00000000099999999982 0.00000000099999999982 
0.99999999700000008485 0.00000000099999999991 0.00000000099999999991 0.00000000099999999991 
0.94207475410225505197 0.01787224268307630037 0.02286126603451266170 0.01719173718015585758 
0.99999999699999997382 0.00000000099999999987 0.00000000099999999987 0.00000000099999999987 
0.99999999699999997382 0.00000000099999999987 0.00000000099999999987 0.00000000099999999987 
0.99999999699999997382 0.00000000099999999992 0.00000000099999999992 0.00000000099999999992 
0.91109517771246195661 0.01679384325656903612 0.04295611602089767500 0.02915486301007126982 
0.99999999699999997382 0.00000000099999999984 0.00000000099999999984 0.00000000099999999984 
0.99999999699999997382 0.00000000099999999991 0.00000000099999999991 0.00000000099999999991 
0.97069299965495348115 0.02930699834504654072 0.00000000100000000000 0.00000000100000000000 
0.02473563660553278892 0.00000000099999999998 0.93306218556694853206 0.04220217682751867261 
0.08931770012265934089 0.12594734751264385908 0.77852115871758742482 0.00621379364710932577 
0.06395319746318690879 0.01650961133712938733 0.91299760023432552369 0.00653959096535824871 
0.05258408902450083938 0.00829478580901037849 0.93463676794039141082 0.00448435722609728197 
0.06572131408440587408 0.01890810023393015710 0.90612896190031411159 0.00924162378135005153 
0.06580781699661798767 0.05770386257890602888 0.86969467226314900454 0.00679364816132697891 
0.04629313078370853041 0.07009375587933167062 0.88361311233695982725 0.00000000100000000000 
0.04556039066372685048 0.04879014850430238304 0.89136733756120034577 0.01428212327077048142 
0.01283036556385578481 0.00801167848066240869 0.97915795495548185734 0.00000000099999999999 
0.01993513924411945831 0.01002338854709920561 0.97004147120878136956 0.00000000100000000000 
0.04270385732628003556 0.02886773734597825394 0.92083145077138639500 0.00759695455635532070 
0.02194890221888081208 0.01080092032494644333 0.96723251952433630940 0.00001765793183635163 
0.02745509363584689236 0.01466100784042318785 0.94703351471470398337 0.01085038380902598673 
0.23526791248807529811 0.04899301326681290009 0.59776596081627708656 0.11797311342883470831 
0.13863317964658089521 0.17181101999344994269 0.62502829591646269503 0.06452750444350652259 
0.14578913638785667706 0.15856356832759177511 0.62853287594611495503 0.06711441933843674545 
0.14684435060672498818 0.16536438827364069448 0.62539351317516378437 0.06239774794447057460 
0.13498378454907838941 0.15846593922185189807 0.63808179576775969633 0.06846848046131003007 
0.14746736343444311057 0.15287429888723588767 0.63494863406529511440 0.06470970361302585960 
0.13255356828052225482 0.16693964237965155939 0.63781049927933353150 0.06269629006049257103 
0.13942926525744930855 0.15411410320632262794 0.63988667809973731604 0.06656995343649077523 
0.20522710985997105748 0.58188606846010992868 0.21288682067991887559 0.00000000100000000000 
0.17922940160441533375 0.41314993795853122149 0.37499622712855695816 0.03262443330849652823 
0.19049194833662028148 0.53581623575124082137 0.25612559743775392684 0.01756621847438502235 
0.07261995845669268201 0.00698240137027217322 0.87342279504220077246 0.04697484513083426821 
0.05251289830328217945 0.01130292741341529413 0.88307433712680560856 0.05310983715649686410 
0.11651752428500122827 0.04564518205083924890 0.77686483008943851836 0.06097246357472096978 
0.10033586214477563381 0.02783416154790826352 0.81440536703777721694 0.05742460926953887185 
0.00000000099999999997 0.00000000099999999997 0.99999999699999997382 0.00000000099999999997 
0.00000000099999999991 0.00000000099999999991 0.99999999699999986280 0.00000000099999999991 
0.00000000099999999992 0.00000000099999999992 0.99999999699999986280 0.00000000099999999992 
0.00000000099999999992 0.00000000099999999992 0.99999999699999997382 0.00000000099999999992 
0.09258944876308818073 0.04496510881379322394 0.80277460484686657960 0.05967083757625205737 
0.09263370464432638118 0.15735779662120447098 0.75000849773446909285 0.00000000099999999999 
0.06107264639853249300 0.00000000100000000000 0.87543566655472304650 0.06349168604674447491 
0.00000000099999999996 0.00000000099999999996 0.99999999699999986280 0.00000000099999999996 
0.06751159502099339516 0.12714287728623058227 0.79372525556340678410 0.01162027212936916562 
0.11002462832007306459 0.14982852278956426684 0.70926049423902093327 0.03088635465134164509 
0.11642571254097891509 0.03918305001949274474 0.77581079024641019792 0.06858044719311809367 
0.00000000099999999999 0.00000000099999999999 0.99294616056433437912 0.00705383743566561500 
0.00000000099999999996 0.00000000099999999996 0.99999999699999997382 0.00000000099999999996 
0.00000000099999999995 0.00000000099999999995 0.99999999699999986280 0.00000000099999999995 
0.06955846497142233187 0.08738018473940853403 0.79721637830180547279 0.04584497198736367518 
0.05318107177631679200 0.08781477086355655992 0.79426541683234463953 0.06473874052778198773 
0.14074817884010448754 0.05923055654893360361 0.72218867149602028466 0.07783259311494156174 
0.07766505258427891523 0.20367228131975775862 0.71866266509596321566 0.00000000100000000000 
0.09576332873320195227 0.00000000099999999999 0.83848622863569888253 0.06575044163109915185 
0.07130647664179712297 0.01889604742443873678 0.84812550347481285851 0.06167197245895127827 
0.99999999699999997382 0.00000000099999999988 0.00000000099999999988 0.00000000099999999988 
0.99999999700000008485 0.00000000099999999987 0.00000000099999999987 0.00000000099999999987 
0.11046324748079870692 0.13417608608908304646 0.68356281658903828014 0.07179784984107996648 
0.03318669341304009146 0.09519552193995735323 0.87161778364700248645 0.00000000099999999999 
0.02811959853130871836 0.09947189024148123115 0.87240851022720988794 0.00000000099999999998 
0.04337897934745114925 0.11994654161943374415 0.83667447803311500998 0.00000000099999999999 
0.06590115301798907255 0.07693041800059041702 0.85716842798142045545 0.00000000100000000000 
0.06616858059046884510 0.07414424771446269380 0.85968716557335211892 0.00000000612171632529 
0.20442580449797570497 0.16102730646932930658 0.55853379723085683217 0.07601309180183805914 
0.00000000099999999972 0.99999999699999997382 0.00000000099999999972 0.00000000099999999972 
0.00000000099999999973 0.99999999699999997382 0.00000000099999999973 0.00000000099999999973 
0.00000000099999999975 0.99999999699999997382 0.00000000099999999975 0.00000000099999999975 
0.00000000099999999969 0.99999999700000008485 0.00000000099999999969 0.00000000099999999969 
0.00000000099999999971 0.99999999700000008485 0.00000000099999999971 0.00000000099999999971 
0.00000000099999999969 0.99999999700000008485 0.00000000099999999969 0.00000000099999999969 
0.00000000099999999963 0.00000000099999999963 0.00000000099999999963 0.99999999700000008485 
0.00000000099999999956 0.00000000099999999956 0.00000000099999999956 0.99999999700000008485 
0.00000000099999999957 0.00000000099999999957 0.00000000099999999957 0.99999999699999997382 
0.00000000099999999956 0.00000000099999999956 0.00000000099999999956 0.99999999700000008485 
0.00748473994453302278 0.02869010129613547636 0.11498101640235865173 0.84884414235697291939 
0.00000000099999999961 0.00000000099999999961 0.00000000099999999961 0.99999999699999997382 
0.00000000099999999961 0.00000000099999999961 0.00000000099999999961 0.99999999700000008485 
0.00000000099999999956 0.00000000099999999956 0.00000000099999999956 0.99999999700000008485 
0.00000000099999999955 0.00000000099999999955 0.00000000099999999955 0.99999999699999997382 
0.00000000099999999953 0.00000000099999999953 0.00000000099999999953 0.99999999700000008485 
0.00000000099999999954 0.00000000099999999954 0.00000000099999999954 0.99999999700000008485 
0.00000000099999999954 0.00000000099999999954 0.00000000099999999954 0.99999999699999997382 
0.00000000099999999957 0.00000000099999999957 0.00000000099999999957 0.99999999699999997382 
0.00000000099999999956 0.00000000099999999956 0.00000000099999999956 0.99999999700000008485 
0.13351200488798883881 0.12918254978210497175 0.72251180937104420021 0.01479363595886187821 
0.08834960011752102105 0.14032519729790510210 0.70197510681037011970 0.06935009577420370164 
0.08656806087693820484 0.13245105761019254631 0.71617988883274696921 0.06480099268012218250 
0.09323593558494462641 0.13176588413537596023 0.71001318728877516051 0.06498499299090422510 
0.04979011377906215896 0.00000000099999999999 0.90172982076522101291 0.04848006445571696049 
0.05194227132699000271 0.00000000100000000000 0.89572589576811845191 0.05233183190489164305 
0.09968045906616547491 0.11989164968065432748 0.71158453197253157541 0.06884335928064862220 
0.06255516253091603085 0.00706333560369928545 0.88658916750993288503 0.04379233435545176745 
0.04444720038534424877 0.00786915194484851498 0.89428674967904930870 0.05339689799075791887 
