0.00000000099999999980 0.00000000099999999980 0.99999999699999986280 0.00000000099999999980 
0.00000000099999999989 0.00000000099999999989 0.99999999699999997382 0.00000000099999999989 
0.00000000099999999999 0.05165045864246262802 0.90679416333451745569 0.04155537702301986130 
0.00000000099999999985 0.00000000099999999985 0.99999999699999997382 0.00000000099999999985 
0.00000000099999999984 0.00000000099999999984 0.99999999699999986280 0.00000000099999999984 
0.00000000099999999988 0.00000000099999999988 0.99999999699999997382 0.00000000099999999988 
0.00000000099999999999 0.07894874603199736329 0.89369426359469372745 0.02735698937330895836 
0.00000000099999999982 0.00000000099999999982 0.99999999699999997382 0.00000000099999999982 
0.00000000099999999990 0.00000000099999999990 0.99999999699999997382 0.00000000099999999990 
0.00000000099999999999 0.00000000099999999999 0.98553574273681332496 0.01446425526318659803 
0.06564847340207821680 0.89270813961497486044 0.00000000099999999998 0.04164338598294697186 
0.12552639574126533972 0.87446533193935593875 0.00000000099999999999 0.00000827131937882855 
0.14489504637390157593 0.85510495162609856390 0.00000000099999999999 0.00000000099999999999 
0.13523113410203105311 0.66437239498307820718 0.11968303784090376929 0.08071343307398705369 
0.18365279907695852835 0.64550082808569064774 0.09931409850832147168 0.07153227432902928284 
0.99999999700000008485 0.00000000099999999970 0.00000000099999999970 0.00000000099999999970 
0.99999999699999997382 0.00000000099999999970 0.00000000099999999970 0.00000000099999999970 
0.99999999700000008485 0.00000000099999999969 0.00000000099999999969 0.00000000099999999969 
0.17246782138995145339 0.64332551879095223324 0.10294296126454829943 0.08126369855454798619 
0.11912667704216377274 0.81809697103368217430 0.00000000100000000000 0.06277635092415416451 
0.15986295810817757745 0.64230408245913706011 0.12042185484941275719 0.07741110458327256361 
0.99999999700000008485 0.00000000099999999991 0.00000000099999999991 0.00000000099999999991 
0.08810209435209420681 0.91189790364790579424 0.00000000099999999999 0.00000000099999999999 
0.00000000099999999986 0.00000000099999999986 0.99999999699999997382 0.00000000099999999986 
0.00000000099999999972 0.00000000099999999972 0.00000000099999999972 0.99999999699999997382 
0.09875642662875930289 0.57520252060968213303 0.21159657483881424977 0.11444447792274434206 
0.00000000099999999972 0.00000000099999999972 0.00000000099999999972 0.99999999700000008485 
0.00000000099999999978 0.00000000099999999978 0.00000000099999999978 0.99999999700000008485 
0.00000000099999999977 0.00000000099999999977 0.00000000099999999977 0.99999999700000008485 
0.00000000099999999989 0.99999999700000008485 0.00000000099999999989 0.00000000099999999989 
0.00000000099999999990 0.99999999699999997382 0.00000000099999999990 0.00000000099999999990 
0.00000000099999999997 0.99999999700000008485 0.00000000099999999997 0.00000000099999999997 
0.00000000099999999989 0.99999999699999997382 0.00000000099999999989 0.00000000099999999989 
0.00000000099999999989 0.99999999700000008485 0.00000000099999999989 0.00000000099999999989 
