0.000010 0.000010 0.000010 0.999960 0.000010
0.023568 0.000010 0.000010 0.924115 0.052296
0.225322 0.031491 0.000010 0.695899 0.047279
0.000010 0.000010 0.000010 0.999960 0.000010
0.000010 0.999960 0.000010 0.000010 0.000010
0.000010 0.999960 0.000010 0.000010 0.000010
0.000010 0.999960 0.000010 0.000010 0.000010
0.000010 0.999960 0.000010 0.000010 0.000010
0.043360 0.000010 0.283631 0.596393 0.076606
0.045449 0.000010 0.280844 0.376298 0.297400
0.000010 0.015749 0.279811 0.600416 0.104014
0.082429 0.000010 0.295527 0.514889 0.107145
0.472156 0.513691 0.000010 0.014132 0.000010
0.456742 0.522189 0.000010 0.016517 0.004542
0.664861 0.335109 0.000010 0.000010 0.000010
0.454665 0.544233 0.000010 0.000010 0.001082
0.000010 0.000010 0.502556 0.421316 0.076108
0.000010 0.000010 0.392045 0.588219 0.019716
0.000010 0.000010 0.531814 0.379724 0.088443
0.000010 0.000010 0.456838 0.485723 0.057419
0.785915 0.000010 0.000010 0.000010 0.214055
0.840829 0.000010 0.000010 0.000010 0.159141
0.838718 0.000010 0.000010 0.000010 0.161252
0.825048 0.002837 0.000010 0.000010 0.172094
0.179526 0.253880 0.137860 0.000010 0.428724
0.000010 0.000010 0.000010 0.999960 0.000010
0.000010 0.000010 0.000010 0.999960 0.000010
0.870104 0.010294 0.119582 0.000010 0.000010
0.724711 0.082828 0.192441 0.000010 0.000010
0.279601 0.658941 0.000010 0.000010 0.061439
0.000010 0.999960 0.000010 0.000010 0.000010
0.000010 0.999960 0.000010 0.000010 0.000010
0.000010 0.999960 0.000010 0.000010 0.000010
0.000010 0.999960 0.000010 0.000010 0.000010
0.000010 0.999960 0.000010 0.000010 0.000010
0.000010 0.999960 0.000010 0.000010 0.000010
0.000010 0.999960 0.000010 0.000010 0.000010
0.000011 0.000010 0.000010 0.999959 0.000010
0.000010 0.000010 0.000010 0.999960 0.000010
0.148331 0.000010 0.000010 0.851639 0.000010
0.000010 0.000010 0.000010 0.999960 0.000010
0.000010 0.000010 0.000010 0.999960 0.000010
0.137277 0.000010 0.000010 0.835897 0.026806
0.947452 0.000010 0.000010 0.000010 0.052518
0.948176 0.000013 0.000010 0.000010 0.051791
0.910122 0.000010 0.000010 0.000010 0.089848
0.710944 0.056159 0.232877 0.000010 0.000010
0.760326 0.000010 0.239644 0.000010 0.000010
0.561170 0.169097 0.253405 0.000010 0.016318
0.576904 0.160781 0.262294 0.000010 0.000010
0.210686 0.000010 0.789284 0.000010 0.000010
0.000010 0.000010 0.999960 0.000010 0.000010
0.000010 0.000010 0.999960 0.000010 0.000010
0.000010 0.000010 0.999960 0.000010 0.000010
0.557439 0.184423 0.258118 0.000010 0.000010
0.000010 0.302434 0.162906 0.000010 0.534640
0.000010 0.000010 0.000010 0.999960 0.000010
0.000010 0.000010 0.000010 0.999960 0.000010
0.164740 0.000010 0.000010 0.799751 0.035489
0.171105 0.052206 0.758026 0.000010 0.018653
0.000010 0.000010 0.963082 0.000010 0.036888
0.000010 0.000010 0.000010 0.000010 0.999960
0.000010 0.000010 0.000010 0.000010 0.999960
0.000010 0.000010 0.000010 0.000010 0.999960
0.000010 0.000010 0.000010 0.000010 0.999960
0.000010 0.000010 0.000010 0.000010 0.999960
0.000010 0.000010 0.000010 0.000010 0.999960
0.000010 0.000010 0.000010 0.000010 0.999960
0.000010 0.000010 0.000010 0.000010 0.999960
0.000010 0.000010 0.941203 0.000010 0.058767
0.000010 0.000010 0.987816 0.000010 0.012154
0.000010 0.000010 0.988789 0.000010 0.011181
0.000010 0.000010 0.963299 0.000010 0.036671
0.000010 0.000010 0.962831 0.000010 0.037139
0.999960 0.000010 0.000010 0.000010 0.000010
0.999960 0.000010 0.000010 0.000010 0.000010
0.999960 0.000010 0.000010 0.000010 0.000010
0.848318 0.000010 0.000010 0.000010 0.151652
0.999960 0.000010 0.000010 0.000010 0.000010
0.033293 0.000010 0.818331 0.000010 0.148356
0.676425 0.101821 0.221734 0.000010 0.000010
0.072731 0.000010 0.927239 0.000010 0.000010
0.268388 0.000010 0.731582 0.000010 0.000010
0.204399 0.000010 0.795571 0.000010 0.000010
0.800375 0.000019 0.116544 0.000010 0.083052
0.756976 0.000010 0.188268 0.000010 0.054736
0.467919 0.293726 0.206938 0.000010 0.031408
0.000010 0.000010 0.814154 0.000010 0.185816
0.000010 0.359168 0.049777 0.000010 0.591034
0.922320 0.000010 0.000016 0.000010 0.077644
0.236688 0.152928 0.490490 0.056839 0.063055
0.797606 0.179531 0.000010 0.000010 0.022843
0.274024 0.000010 0.725946 0.000010 0.000010
0.276378 0.000010 0.723592 0.000010 0.000010
0.303039 0.000010 0.696931 0.000010 0.000010
0.000010 0.000010 0.000010 0.999960 0.000010
0.264733 0.074571 0.635168 0.000010 0.025519
0.208106 0.000010 0.791864 0.000010 0.000010
0.220620 0.000010 0.779350 0.000010 0.000010
0.305637 0.000010 0.677186 0.000010 0.017157
0.277376 0.000010 0.722594 0.000010 0.000010
0.306743 0.000010 0.693227 0.000010 0.000010
0.749525 0.000010 0.250445 0.000010 0.000010
0.174051 0.000010 0.825919 0.000010 0.000010
0.297877 0.017316 0.590128 0.000010 0.094669
0.280151 0.068124 0.481979 0.026533 0.143214
0.571395 0.175368 0.253218 0.000010 0.000010
0.202075 0.044238 0.632665 0.013244 0.107777
