0.000010 0.000010 0.000010 0.000010 0.000010 0.000010 0.999940
0.000010 0.002004 0.000010 0.000010 0.047135 0.000010 0.950821
0.000010 0.022880 0.170402 0.000010 0.025591 0.077945 0.703163
0.000010 0.000010 0.000010 0.000010 0.000010 0.000010 0.999940
0.000010 0.000010 0.981943 0.000010 0.018007 0.000010 0.000010
0.000010 0.000010 0.999940 0.000010 0.000010 0.000010 0.000010
0.000010 0.000010 0.998041 0.000010 0.001909 0.000010 0.000010
0.000010 0.000010 0.999940 0.000010 0.000010 0.000010 0.000010
0.328973 0.077473 0.000014 0.000010 0.000010 0.005733 0.587787
0.312601 0.075684 0.000010 0.000010 0.000010 0.000010 0.611675
0.326477 0.103753 0.000010 0.000010 0.006946 0.000010 0.562793
0.338526 0.123858 0.000014 0.000010 0.000010 0.027328 0.510255
0.000010 0.000010 0.817762 0.000010 0.000010 0.133883 0.048315
0.000010 0.023032 0.759924 0.000010 0.000010 0.171676 0.045337
0.000010 0.000010 0.815093 0.000010 0.000010 0.139435 0.045432
0.000010 0.011689 0.810676 0.000010 0.000010 0.152173 0.025432
0.000010 0.000010 0.000010 0.999940 0.000010 0.000010 0.000010
0.000010 0.000010 0.000010 0.999940 0.000010 0.000010 0.000010
0.000010 0.000010 0.000010 0.999940 0.000010 0.000010 0.000010
0.000010 0.000010 0.000010 0.999940 0.000010 0.000010 0.000010
0.301815 0.080080 0.543506 0.000010 0.074570 0.000010 0.000010
0.317640 0.051832 0.588762 0.000010 0.041736 0.000010 0.000010
0.314055 0.076758 0.570168 0.000010 0.038989 0.000010 0.000010
0.294735 0.093731 0.578456 0.000010 0.033048 0.000010 0.000010
0.000010 0.439839 0.265532 0.000010 0.135591 0.159008 0.000010
0.000010 0.000010 0.000010 0.000010 0.000010 0.000010 0.999940
0.000010 0.000010 0.000010 0.000010 0.000010 0.000010 0.999940
0.000010 0.000010 0.484479 0.000010 0.000010 0.515471 0.000010
0.000010 0.000010 0.439471 0.000010 0.000010 0.560479 0.000010
0.000010 0.059396 0.850498 0.000010 0.020868 0.069208 0.000010
0.000010 0.032247 0.967703 0.000010 0.000010 0.000010 0.000010
0.000010 0.004413 0.995043 0.000010 0.000504 0.000010 0.000010
0.000010 0.000010 0.999935 0.000010 0.000015 0.000010 0.000010
0.000010 0.000010 0.999940 0.000010 0.000010 0.000010 0.000010
0.000010 0.017904 0.982043 0.000013 0.000010 0.000010 0.000010
0.000010 0.010969 0.988981 0.000010 0.000010 0.000010 0.000010
0.000010 0.000010 0.999940 0.000010 0.000010 0.000010 0.000010
0.000010 0.000010 0.000010 0.000010 0.000010 0.000010 0.999940
0.000010 0.000010 0.000010 0.000010 0.000010 0.000010 0.999940
0.000010 0.000010 0.095956 0.000010 0.000010 0.006652 0.897352
0.000010 0.000010 0.000010 0.000010 0.000010 0.000010 0.999940
0.000010 0.000010 0.000010 0.000010 0.000010 0.000010 0.999940
0.000010 0.000010 0.082409 0.000010 0.034248 0.000010 0.883303
0.000010 0.000010 0.999931 0.000010 0.000010 0.000019 0.000010
0.000010 0.000010 0.994131 0.000010 0.005819 0.000010 0.000010
0.000010 0.000010 0.960189 0.000010 0.039761 0.000010 0.000010
0.000010 0.000010 0.374659 0.000010 0.000010 0.625291 0.000010
0.000010 0.000010 0.354505 0.000010 0.000010 0.645444 0.000010
0.000010 0.027134 0.464620 0.000010 0.000014 0.508203 0.000010
0.000010 0.000010 0.460347 0.000010 0.000010 0.539603 0.000010
0.000010 0.000010 0.000010 0.000010 0.000010 0.999940 0.000010
0.000010 0.000018 0.000010 0.000010 0.000016 0.999926 0.000010
0.000010 0.000010 0.000010 0.000010 0.000010 0.999940 0.000010
0.000010 0.000010 0.000010 0.000010 0.000010 0.999940 0.000010
0.000010 0.008990 0.461369 0.000010 0.000017 0.529594 0.000010
0.000010 0.999940 0.000010 0.000010 0.000010 0.000010 0.000010
0.000010 0.000010 0.000010 0.000010 0.000010 0.000010 0.999940
0.000010 0.000010 0.000010 0.000010 0.000010 0.000010 0.999940
0.000010 0.007367 0.110306 0.000010 0.025845 0.025657 0.830805
0.442184 0.000010 0.089761 0.011401 0.007861 0.448773 0.000010
0.703627 0.000010 0.000010 0.000010 0.000010 0.296323 0.000010
0.000010 0.999940 0.000010 0.000010 0.000010 0.000010 0.000010
0.000010 0.999940 0.000010 0.000010 0.000010 0.000010 0.000010
0.000010 0.000010 0.000010 0.000010 0.999940 0.000010 0.000010
0.000010 0.000010 0.000010 0.000010 0.999940 0.000010 0.000010
0.000010 0.000010 0.000010 0.000010 0.999940 0.000010 0.000010
0.000010 0.000010 0.000010 0.000010 0.999940 0.000010 0.000010
0.000010 0.000013 0.000011 0.000015 0.999928 0.000014 0.000010
0.000010 0.000010 0.000011 0.000010 0.999939 0.000010 0.000010
0.999940 0.000010 0.000010 0.000010 0.000010 0.000010 0.000010
0.999940 0.000010 0.000010 0.000010 0.000010 0.000010 0.000010
0.999940 0.000010 0.000010 0.000010 0.000010 0.000010 0.000010
0.779452 0.000010 0.000010 0.000010 0.000010 0.220498 0.000010
0.797446 0.000010 0.000010 0.000010 0.000010 0.202504 0.000010
0.000010 0.000010 0.339342 0.000010 0.000010 0.660608 0.000010
0.000010 0.000010 0.353822 0.000010 0.000010 0.646128 0.000010
0.000010 0.000010 0.386016 0.000010 0.000010 0.613934 0.000010
0.000010 0.007872 0.407189 0.000010 0.123822 0.461088 0.000010
0.000010 0.000010 0.362809 0.000011 0.000010 0.637140 0.000010
0.451093 0.092708 0.000010 0.000010 0.061046 0.395124 0.000010
0.000010 0.000010 0.433201 0.000010 0.000010 0.566749 0.000010
0.000010 0.000010 0.000010 0.000010 0.000010 0.999940 0.000010
0.000010 0.030582 0.000010 0.000010 0.000010 0.969368 0.000010
0.000010 0.000010 0.000010 0.000010 0.000010 0.999940 0.000010
0.000010 0.034308 0.371770 0.000010 0.046498 0.547394 0.000010
0.000010 0.007431 0.377073 0.000010 0.048967 0.566499 0.000010
0.069058 0.039338 0.532839 0.000010 0.000010 0.335701 0.023044
0.829989 0.169961 0.000010 0.000010 0.000010 0.000010 0.000010
0.000010 0.999940 0.000010 0.000010 0.000010 0.000010 0.000010
0.000010 0.000010 0.971358 0.000010 0.028592 0.000010 0.000010
0.363967 0.082681 0.249034 0.000010 0.000010 0.259844 0.044455
0.000010 0.014338 0.686501 0.000010 0.000010 0.216943 0.082188
0.400296 0.000010 0.072452 0.047775 0.000010 0.479447 0.000010
0.407936 0.000010 0.040400 0.003660 0.000010 0.547974 0.000010
0.370548 0.000010 0.073920 0.046223 0.000010 0.509279 0.000010
0.000010 0.000010 0.000010 0.000010 0.000010 0.000010 0.999940
0.279257 0.034624 0.141426 0.000010 0.000648 0.544026 0.000010
0.307966 0.000010 0.000010 0.000010 0.002461 0.689533 0.000010
0.353694 0.000010 0.000010 0.000010 0.000010 0.646256 0.000010
0.274330 0.027532 0.074418 0.000010 0.000017 0.623683 0.000010
0.254730 0.000010 0.028037 0.000010 0.000010 0.717192 0.000010
0.270806 0.000010 0.089951 0.000010 0.000010 0.639203 0.000010
0.039299 0.000010 0.330192 0.000010 0.000010 0.630469 0.000010
0.000010 0.000010 0.000010 0.000010 0.000010 0.999940 0.000010
0.251758 0.078471 0.109612 0.000010 0.034834 0.525305 0.000010
0.247605 0.073262 0.181966 0.000010 0.078127 0.384010 0.035019
0.051424 0.000010 0.472782 0.000010 0.000010 0.451419 0.024344
0.310275 0.092952 0.091523 0.000010 0.038120 0.454218 0.012902
