0.000010 0.000010 0.000010 0.999970
0.000010 0.049529 0.000010 0.950451
0.223130 0.050013 0.021078 0.705778
0.000010 0.000010 0.000010 0.999970
0.931259 0.068721 0.000010 0.000010
0.954027 0.045953 0.000010 0.000010
0.945653 0.054327 0.000010 0.000010
0.970325 0.029655 0.000010 0.000010
0.000010 0.082105 0.295270 0.622615
0.000010 0.070752 0.276942 0.652296
0.000010 0.108807 0.272054 0.619129
0.008298 0.110203 0.333916 0.547582
0.932811 0.023616 0.000010 0.043563
0.917557 0.037852 0.000010 0.044581
0.955109 0.012676 0.000010 0.032205
0.948109 0.040043 0.000010 0.011838
0.000010 0.141550 0.801192 0.057248
0.000010 0.101020 0.898960 0.000010
0.000010 0.155153 0.815327 0.029509
0.000010 0.129318 0.869820 0.000852
0.805392 0.194588 0.000010 0.000010
0.859573 0.140407 0.000010 0.000010
0.855171 0.144809 0.000010 0.000010
0.847916 0.152064 0.000010 0.000010
0.401127 0.456983 0.141880 0.000010
0.000010 0.000010 0.000010 0.999970
0.000010 0.000010 0.000010 0.999970
0.745250 0.000010 0.254730 0.000010
0.698576 0.000010 0.301404 0.000010
0.891523 0.108457 0.000010 0.000010
0.903471 0.096509 0.000010 0.000010
0.918798 0.081182 0.000010 0.000010
0.924219 0.075761 0.000010 0.000010
0.937372 0.062608 0.000010 0.000010
0.907975 0.092005 0.000010 0.000010
0.923146 0.076834 0.000010 0.000010
0.922582 0.077398 0.000010 0.000010
0.000010 0.000010 0.000010 0.999970
0.000010 0.000010 0.000010 0.999970
0.112121 0.000010 0.000010 0.887859
0.000010 0.000010 0.000010 0.999970
0.000010 0.000010 0.000010 0.999970
0.098690 0.030321 0.000010 0.870980
0.940684 0.059296 0.000010 0.000010
0.944127 0.055853 0.000010 0.000010
0.902037 0.097943 0.000010 0.000010
0.645171 0.000010 0.354809 0.000010
0.628296 0.000010 0.371684 0.000010
0.648304 0.024027 0.327659 0.000010
0.651905 0.000010 0.348075 0.000010
0.112342 0.000010 0.887638 0.000010
0.000010 0.000010 0.999970 0.000010
0.000010 0.000010 0.999970 0.000010
0.000010 0.000010 0.999970 0.000010
0.665436 0.005043 0.329512 0.000010
0.272165 0.573439 0.122473 0.031923
0.000010 0.000010 0.000010 0.999970
0.000010 0.000010 0.000010 0.999970
0.133293 0.033765 0.000010 0.832933
0.157902 0.034122 0.807966 0.000010
0.000010 0.056350 0.943630 0.000010
0.000010 0.999964 0.000016 0.000010
0.000010 0.999970 0.000010 0.000010
0.000010 0.999970 0.000010 0.000010
0.000010 0.999970 0.000010 0.000010
0.000010 0.999970 0.000010 0.000010
0.000010 0.999970 0.000010 0.000010
0.000010 0.999970 0.000010 0.000010
0.000010 0.999970 0.000010 0.000010
0.000010 0.092094 0.907886 0.000010
0.000010 0.056698 0.943282 0.000010
0.000010 0.056581 0.943399 0.000010
0.000010 0.061064 0.938916 0.000010
0.000010 0.056501 0.943479 0.000010
0.660569 0.000010 0.339411 0.000010
0.697065 0.000010 0.302915 0.000010
0.712970 0.000010 0.287010 0.000010
0.655670 0.131598 0.212722 0.000010
0.677763 0.000010 0.322217 0.000010
0.000010 0.162506 0.837474 0.000010
0.666336 0.000010 0.333644 0.000010
0.000010 0.000010 0.999970 0.000010
0.194363 0.000010 0.805617 0.000010
0.095319 0.000010 0.904661 0.000010
0.638732 0.070585 0.290673 0.000010
0.616912 0.048167 0.334911 0.000010
0.675781 0.046157 0.255894 0.022167
0.000010 0.203781 0.796199 0.000010
0.182866 0.644694 0.074987 0.097453
0.916650 0.083330 0.000010 0.000010
0.337651 0.082848 0.515956 0.063545
0.911806 0.019921 0.000010 0.068263
0.194478 0.000010 0.805502 0.000010
0.168856 0.000010 0.831124 0.000010
0.201798 0.006660 0.791532 0.000010
0.000010 0.000010 0.000010 0.999970
0.272933 0.035694 0.691363 0.000010
0.109450 0.000010 0.890530 0.000010
0.132073 0.000010 0.867907 0.000010
0.212399 0.021585 0.766005 0.000010
0.187377 0.000010 0.812603 0.000010
0.237337 0.000010 0.762643 0.000010
0.585407 0.000010 0.414573 0.000010
0.071947 0.000010 0.928033 0.000010
0.250395 0.100477 0.649118 0.000010
0.286541 0.151464 0.522377 0.039619
0.672067 0.000010 0.327602 0.000321
0.185913 0.118996 0.670606 0.024485
