0.000010 0.000010 0.999950 0.000010 0.000010 0.000010
0.000010 0.000010 0.948021 0.000010 0.051939 0.000010
0.081799 0.000010 0.704261 0.000010 0.041587 0.172333
0.000010 0.000010 0.999950 0.000010 0.000010 0.000010
0.000010 0.000010 0.000010 0.000010 0.006549 0.993411
0.000010 0.000010 0.000010 0.000010 0.000010 0.999950
0.000010 0.000010 0.000010 0.000010 0.000010 0.999950
0.000010 0.000010 0.000010 0.000010 0.000010 0.999950
0.000010 0.355989 0.597254 0.000010 0.043140 0.003596
0.000010 0.346803 0.620581 0.000010 0.032585 0.000010
0.000010 0.356450 0.571179 0.000010 0.072341 0.000010
0.008091 0.379007 0.516723 0.000010 0.069427 0.026742
0.139353 0.000010 0.044554 0.000010 0.000010 0.816063
0.173978 0.000010 0.050447 0.000010 0.000010 0.775545
0.145938 0.000010 0.039500 0.000010 0.000010 0.814532
0.154222 0.000010 0.023826 0.000010 0.000010 0.821923
0.000013 0.000015 0.000010 0.999943 0.000010 0.000010
0.000010 0.000011 0.000010 0.999949 0.000010 0.000010
0.000010 0.000015 0.000010 0.999945 0.000010 0.000010
0.000015 0.000020 0.000010 0.999935 0.000010 0.000010
0.000010 0.310528 0.000010 0.000010 0.135001 0.554442
0.000010 0.324161 0.000010 0.000010 0.079817 0.595991
0.000010 0.323744 0.000010 0.000010 0.093901 0.582325
0.000010 0.305967 0.000010 0.000010 0.096314 0.597689
0.106196 0.126443 0.000010 0.000010 0.406944 0.360397
0.000010 0.000010 0.999950 0.000010 0.000010 0.000010
0.000010 0.000010 0.999942 0.000010 0.000018 0.000010
0.528589 0.000010 0.000010 0.000010 0.000010 0.471371
0.569977 0.000010 0.000010 0.000010 0.000010 0.429983
0.073691 0.000010 0.000010 0.000010 0.056468 0.869811
0.000010 0.000010 0.000010 0.000010 0.012900 0.987060
0.000010 0.000010 0.000010 0.000010 0.000010 0.999950
0.000010 0.000010 0.000010 0.000010 0.000010 0.999950
0.000010 0.000010 0.000010 0.000010 0.000010 0.999950
0.000010 0.000010 0.000010 0.000010 0.000010 0.999950
0.000010 0.000010 0.000010 0.000010 0.000010 0.999950
0.000010 0.000010 0.000010 0.000010 0.000010 0.999950
0.000010 0.000010 0.999950 0.000010 0.000010 0.000010
0.000010 0.000010 0.999950 0.000010 0.000010 0.000010
0.006961 0.000010 0.897094 0.000010 0.000010 0.095914
0.000010 0.000010 0.999950 0.000010 0.000010 0.000010
0.000010 0.000010 0.999950 0.000010 0.000010 0.000010
0.000010 0.000010 0.885647 0.000010 0.026278 0.088045
0.000010 0.000010 0.000010 0.000010 0.000010 0.999950
0.000010 0.000010 0.000010 0.000010 0.000010 0.999950
0.000011 0.000010 0.000010 0.000010 0.037018 0.962941
0.635894 0.000010 0.000010 0.000010 0.000010 0.364066
0.656639 0.000010 0.000010 0.000010 0.000010 0.343321
0.516204 0.000010 0.000010 0.000010 0.016633 0.467132
0.548026 0.000010 0.000010 0.000010 0.000010 0.451934
0.999950 0.000010 0.000010 0.000010 0.000010 0.000010
0.999950 0.000010 0.000010 0.000010 0.000010 0.000010
0.999948 0.000010 0.000010 0.000012 0.000010 0.000010
0.999942 0.000010 0.000010 0.000010 0.000018 0.000010
0.537742 0.000010 0.000010 0.000010 0.000942 0.461285
0.000010 0.215903 0.000010 0.000010 0.498322 0.285746
0.000010 0.000010 0.999950 0.000010 0.000010 0.000010
0.000010 0.000010 0.999950 0.000010 0.000010 0.000010
0.027393 0.000010 0.831846 0.000010 0.029869 0.110871
0.456768 0.446998 0.000010 0.010068 0.006022 0.080134
0.297701 0.702259 0.000010 0.000010 0.000010 0.000010
0.000010 0.000010 0.000010 0.000010 0.999950 0.000010
0.000010 0.000010 0.000010 0.000010 0.999950 0.000010
0.000010 0.000010 0.000010 0.000010 0.999950 0.000010
0.000010 0.000013 0.000010 0.000010 0.999947 0.000010
0.000010 0.000013 0.000010 0.000010 0.999947 0.000010
0.000010 0.000010 0.000010 0.000010 0.999950 0.000010
0.000010 0.000010 0.000010 0.000010 0.999950 0.000010
0.000010 0.000010 0.000010 0.000010 0.999950 0.000010
0.000012 0.999948 0.000010 0.000010 0.000010 0.000010
0.000010 0.999950 0.000010 0.000010 0.000010 0.000010
0.000010 0.999950 0.000010 0.000010 0.000010 0.000010
0.222860 0.777100 0.000010 0.000010 0.000010 0.000010
0.199028 0.800930 0.000010 0.000010 0.000012 0.000010
0.676210 0.000010 0.000010 0.000010 0.000010 0.323750
0.663122 0.000010 0.000010 0.000010 0.000010 0.336838
0.630740 0.000010 0.000010 0.000010 0.000010 0.369220
0.475294 0.000010 0.000010 0.000010 0.130502 0.394173
0.652672 0.000010 0.000010 0.000010 0.000010 0.347288
0.394170 0.482332 0.000010 0.000010 0.123468 0.000010
0.577491 0.000010 0.000020 0.000010 0.000010 0.422459
0.999950 0.000010 0.000010 0.000010 0.000010 0.000010
0.986720 0.000010 0.000010 0.000010 0.013240 0.000010
0.999950 0.000010 0.000010 0.000010 0.000010 0.000010
0.558188 0.000010 0.000010 0.000010 0.074744 0.367039
0.575649 0.000010 0.000010 0.000010 0.055397 0.368925
0.341399 0.075520 0.026551 0.000010 0.021601 0.534920
0.000010 0.901781 0.000010 0.000010 0.098179 0.000010
0.000010 0.166542 0.029906 0.000010 0.578001 0.225531
0.000010 0.000010 0.000010 0.000010 0.018014 0.981946
0.249076 0.390728 0.046529 0.000010 0.038139 0.275518
0.223325 0.000010 0.083376 0.000010 0.000010 0.693269
0.493097 0.404627 0.000010 0.046565 0.000010 0.055690
0.563346 0.411547 0.000010 0.000339 0.000010 0.024748
0.523719 0.373044 0.000010 0.045949 0.000010 0.057268
0.000010 0.000010 0.999950 0.000010 0.000010 0.000010
0.558509 0.277687 0.000010 0.000010 0.025337 0.138447
0.694727 0.305233 0.000010 0.000010 0.000010 0.000010
0.649541 0.350419 0.000010 0.000010 0.000010 0.000010
0.638455 0.274830 0.000010 0.000010 0.019671 0.067023
0.733255 0.257314 0.000010 0.000010 0.000010 0.009401
0.655692 0.269626 0.000010 0.000010 0.000010 0.074652
0.663580 0.021545 0.000010 0.000010 0.000010 0.314845
0.999950 0.000010 0.000010 0.000010 0.000010 0.000010
0.530395 0.264566 0.000010 0.000010 0.090615 0.114403
0.384487 0.262838 0.035056 0.000010 0.129175 0.188434
0.460744 0.048784 0.023912 0.000010 0.000010 0.466540
0.452470 0.332870 0.014523 0.000010 0.099056 0.101071
