1.114595651626586914e+00 1.058773756027221680e+00 -9.746063500642776489e-02 1.051861286163330078e+00 1.054602980613708496e+00 1.053873419761657715e+00 5.195665955543518066e-01 8.958833217620849609e-01 1.059000968933105469e+00 4.000775218009948730e-01 -4.068785309791564941e-01 -4.242296814918518066e-01 -4.355418682098388672e-01 -4.014846682548522949e-01 -3.345593214035034180e-01 -4.052593708038330078e-01 -4.558557569980621338e-01 -4.606040120124816895e-01 -4.020250737667083740e-01 -3.171057999134063721e-01 -3.204588890075683594e-01 -2.721784114837646484e-01 -3.331610262393951416e-01 1.062085270881652832e+00 -4.250821471214294434e-01 -2.470073699951171875e-01 -4.352035224437713623e-01 -4.167389273643493652e-01 -4.151886403560638428e-01 -4.073956012725830078e-01 -4.396149218082427979e-01 -4.519400894641876221e-01 -3.516501784324645996e-01 -4.435754120349884033e-01
1.058773756027221680e+00 1.106606245040893555e+00 -9.542401880025863647e-02 1.051961660385131836e+00 1.054613471031188965e+00 1.057152152061462402e+00 5.276778340339660645e-01 8.930040597915649414e-01 1.057132720947265625e+00 3.936299979686737061e-01 -4.090717732906341553e-01 -4.236741960048675537e-01 -4.337410032749176025e-01 -3.973639011383056641e-01 -3.321078419685363770e-01 -4.067763686180114746e-01 -4.528149366378784180e-01 -4.599988460540771484e-01 -3.967520296573638916e-01 -3.136658668518066406e-01 -3.212561905384063721e-01 -2.700029015541076660e-01 -3.368632197380065918e-01 1.060216188430786133e+00 -4.307912886142730713e-01 -2.465693801641464233e-01 -4.442678689956665039e-01 -4.165190756320953369e-01 -4.196582436561584473e-01 -4.023344814777374268e-01 -4.458688199520111084e-01 -4.531135261058807373e-01 -3.507500290870666504e-01 -4.409365653991699219e-01
-9.746063500642776489e-02 -9.542401880025863647e-02 8.635714650154113770e-01 -9.735877811908721924e-02 -9.832885861396789551e-02 -9.305641800165176392e-02 3.851883113384246826e-01 3.502533212304115295e-02 -1.006485819816589355e-01 1.500059012323617935e-02 5.369955301284790039e-02 -6.322687957435846329e-03 -7.109631597995758057e-02 -7.678166776895523071e-02 2.244858816266059875e-02 -3.918456844985485077e-03 -9.668110311031341553e-02 -1.805005967617034912e-01 -5.243241414427757263e-02 -3.017258457839488983e-02 1.165529619902372360e-02 -4.546010494232177734e-02 7.099677622318267822e-02 -9.993367642164230347e-02 -5.299491435289382935e-02 2.684456855058670044e-02 -1.111698746681213379e-01 -2.872228063642978668e-02 -6.060496345162391663e-02 -3.963513672351837158e-02 -4.524221271276473999e-02 2.888715267181396484e-01 -1.029938757419586182e-01 -5.722520872950553894e-02
1.051861286163330078e+00 1.051961660385131836e+00 -9.735877811908721924e-02 1.102015852928161621e+00 1.054461240768432617e+00 1.057441353797912598e+00 5.274897813796997070e-01 8.910806775093078613e-01 1.049807906150817871e+00 3.943696320056915283e-01 -4.092737138271331787e-01 -4.193542599678039551e-01 -4.316350221633911133e-01 -3.947510123252868652e-01 -3.294160664081573486e-01 -4.082114398479461670e-01 -4.482605755329132080e-01 -4.573233723640441895e-01 -3.991667032241821289e-01 -3.111038804054260254e-01 -3.231223523616790771e-01 -2.651101946830749512e-01 -3.306200206279754639e-01 1.059795141220092773e+00 -4.323690235614776611e-01 -2.439715117216110229e-01 -4.462464451789855957e-01 -4.164185822010040283e-01 -4.196002185344696045e-01 -4.060583114624023438e-01 -4.413558840751647949e-01 -4.519634544849395752e-01 -3.515170812606811523e-01 -4.409695565700531006e-01
1.054602980613708496e+00 1.054613471031188965e+00 -9.832885861396789551e-02 1.054461240768432617e+00 1.098250627517700195e+00 1.051041960716247559e+00 5.239934325218200684e-01 8.889954686164855957e-01 1.053797960281372070e+00 3.947404921054840088e-01 -4.081982374191284180e-01 -4.223161935806274414e-01 -4.302493929862976074e-01 -3.962929546833038330e-01 -3.253434598445892334e-01 -4.079715311527252197e-01 -4.534131586551666260e-01 -4.600725471973419189e-01 -4.032997190952301025e-01 -3.113110363483428955e-01 -3.207357823848724365e-01 -2.646684050559997559e-01 -3.313280642032623291e-01 1.056141376495361328e+00 -4.303570091724395752e-01 -2.436284571886062622e-01 -4.463233649730682373e-01 -4.197787344455718994e-01 -4.223850965499877930e-01 -4.042301774024963379e-01 -4.399542212486267090e-01 -4.461940228939056396e-01 -3.512383103370666504e-01 -4.364908337593078613e-01
1.053873419761657715e+00 1.057152152061462402e+00 -9.305641800165176392e-02 1.057441353797912598e+00 1.051041960716247559e+00 1.101871848106384277e+00 5.248224139213562012e-01 8.941583633422851562e-01 1.051907658576965332e+00 3.991501033306121826e-01 -4.071198701858520508e-01 -4.205170571804046631e-01 -4.326893687248229980e-01 -3.969500064849853516e-01 -3.325775563716888428e-01 -4.099639356136322021e-01 -4.485313296318054199e-01 -4.553382992744445801e-01 -4.028620719909667969e-01 -3.136429786682128906e-01 -3.181171417236328125e-01 -2.697045207023620605e-01 -3.318623304367065430e-01 1.057728290557861328e+00 -4.319668412208557129e-01 -2.431161701679229736e-01 -4.453102946281433105e-01 -4.156416356563568115e-01 -4.216834604740142822e-01 -4.013962447643280029e-01 -4.443240463733673096e-01 -4.522102475166320801e-01 -3.528786599636077881e-01 -4.412294924259185791e-01
5.195665955543518066e-01 5.276778340339660645e-01 3.851883113384246826e-01 5.274897813796997070e-01 5.239934325218200684e-01 5.248224139213562012e-01 7.546942830085754395e-01 5.640552639961242676e-01 5.228545069694519043e-01 1.803896427154541016e-01 -1.612993627786636353e-01 -2.576146125793457031e-01 -2.339296042919158936e-01 -3.118705749511718750e-01 -1.471415162086486816e-01 -1.792151629924774170e-01 -3.033781647682189941e-01 -3.492890298366546631e-01 -2.541461884975433350e-01 -1.459780931472778320e-01 -2.042899727821350098e-01 -1.998062580823898315e-01 -2.195180654525756836e-01 5.267530679702758789e-01 -2.744022607803344727e-01 -1.189388930797576904e-01 -2.722155153751373291e-01 -3.072913885116577148e-01 -2.919108867645263672e-01 -3.210462331771850586e-01 -3.129123151302337646e-01 6.725213676691055298e-02 -2.945055067539215088e-01 -3.389747440814971924e-01
8.958833217620849609e-01 8.930040597915649414e-01 3.502533212304115295e-02 8.910806775093078613e-01 8.889954686164855957e-01 8.941583633422851562e-01 5.640552639961242676e-01 9.781552553176879883e-01 8.956080675125122070e-01 3.366428017616271973e-01 -3.441117703914642334e-01 -3.682388067245483398e-01 -3.790302872657775879e-01 -3.673777282238006592e-01 -2.959021925926208496e-01 -3.440215289592742920e-01 -4.035580158233642578e-01 -4.081885218620300293e-01 -3.437420725822448730e-01 -2.981682419776916504e-01 -2.897877097129821777e-01 -2.739524841308593750e-01 -2.946892976760864258e-01 8.966701030731201172e-01 -4.029748141765594482e-01 -2.497328072786331177e-01 -4.178341031074523926e-01 -3.723912239074707031e-01 -3.940803706645965576e-01 -3.631773591041564941e-01 -4.000672698020935059e-01 -3.144812881946563721e-01 -3.183286190032958984e-01 -3.901462256908416748e-01
1.059000968933105469e+00 1.057132720947265625e+00 -1.006485819816589355e-01 1.049807906150817871e+00 1.053797960281372070e+00 1.051907658576965332e+00 5.228545069694519043e-01 8.956080675125122070e-01 1.110696673393249512e+00 3.958853781223297119e-01 -4.071175158023834229e-01 -4.213364124298095703e-01 -4.378941953182220459e-01 -3.968816399574279785e-01 -3.333127200603485107e-01 -4.094153940677642822e-01 -4.500982761383056641e-01 -4.585216045379638672e-01 -3.995880186557769775e-01 -3.119293451309204102e-01 -3.242306411266326904e-01 -2.608577609062194824e-01 -3.320041298866271973e-01 1.063935279846191406e+00 -4.307303130626678467e-01 -2.413948625326156616e-01 -4.416052103042602539e-01 -4.148647189140319824e-01 -4.158046841621398926e-01 -4.068145751953125000e-01 -4.473883807659149170e-01 -4.542831182479858398e-01 -3.546740710735321045e-01 -4.433155059814453125e-01
4.000775218009948730e-01 3.936299979686737061e-01 1.500059012323617935e-02 3.943696320056915283e-01 3.947404921054840088e-01 3.991501033306121826e-01 1.803896427154541016e-01 3.366428017616271973e-01 3.958853781223297119e-01 6.308135390281677246e-01 -2.102367728948593140e-01 -1.620999723672866821e-01 -2.399669736623764038e-01 -2.049767673015594482e-01 -1.205893531441688538e-01 -2.401055693626403809e-01 -3.170267641544342041e-01 -3.328505158424377441e-01 -1.806954294443130493e-01 -1.816079318523406982e-01 -1.023682653903961182e-01 -9.952908009290695190e-02 2.404865175485610962e-01 3.967303931713104248e-01 -2.104843705892562866e-01 -9.306566417217254639e-02 -2.762908041477203369e-01 -5.679782480001449585e-02 -1.785887628793716431e-01 -1.391263455152511597e-01 -2.017592787742614746e-01 -2.293409258127212524e-01 -1.880711913108825684e-01 -1.877281665802001953e-01
-4.068785309791564941e-01 -4.090717732906341553e-01 5.369955301284790039e-02 -4.092737138271331787e-01 -4.081982374191284180e-01 -4.071198701858520508e-01 -1.612993627786636353e-01 -3.441117703914642334e-01 -4.071175158023834229e-01 -2.102367728948593140e-01 1.442584276199340820e+00 1.575705856084823608e-01 3.602569550275802612e-02 1.117833983153104782e-02 1.168296113610267639e-01 1.681995540857315063e-01 5.809597671031951904e-02 -5.516887828707695007e-02 7.480099052190780640e-02 5.267343670129776001e-02 -9.825997985899448395e-03 5.540903657674789429e-02 6.544059514999389648e-02 -4.094272553920745850e-01 2.608723640441894531e-01 1.184944286942481995e-01 -1.793102622032165527e-01 4.148395657539367676e-01 2.481570988893508911e-01 6.949879974126815796e-02 1.038112789392471313e-01 2.473465949296951294e-01 7.009528577327728271e-02 -3.332672058604657650e-04
-4.242296814918518066e-01 -4.236741960048675537e-01 -6.322687957435846329e-03 -4.193542599678039551e-01 -4.223161935806274414e-01 -4.205170571804046631e-01 -2.576146125793457031e-01 -3.682388067245483398e-01 -4.213364124298095703e-01 -1.620999723672866821e-01 1.575705856084823608e-01 1.140230536460876465e+00 2.180154770612716675e-01 1.412462145090103149e-01 8.668733388185501099e-02 1.234199404716491699e-01 9.440783411264419556e-02 4.930534865707159042e-03 1.154793724417686462e-01 1.357481926679611206e-01 3.272045031189918518e-02 -1.900729350745677948e-02 2.320137321949005127e-01 -4.260961413383483887e-01 1.495199650526046753e-01 -2.078377269208431244e-02 3.357076644897460938e-02 2.786075174808502197e-01 1.448747664690017700e-01 1.657734066247940063e-01 2.081641852855682373e-01 1.949914097785949707e-01 8.593072742223739624e-02 6.281174719333648682e-02
-4.355418682098388672e-01 -4.337410032749176025e-01 -7.109631597995758057e-02 -4.316350221633911133e-01 -4.302493929862976074e-01 -4.326893687248229980e-01 -2.339296042919158936e-01 -3.790302872657775879e-01 -4.378941953182220459e-01 -2.399669736623764038e-01 3.602569550275802612e-02 2.180154770612716675e-01 1.476292610168457031e+00 1.250923424959182739e-01 5.837302654981613159e-02 3.006744086742401123e-01 1.550535261631011963e-01 2.232749164104461670e-01 2.278835475444793701e-01 3.563202619552612305e-01 1.627409756183624268e-01 2.747680759057402611e-03 -2.202256768941879272e-02 -4.342408776283264160e-01 7.915104925632476807e-02 1.957474946975708008e-01 2.559944093227386475e-01 1.407345533370971680e-01 4.062213748693466187e-02 -8.817631006240844727e-02 1.113456487655639648e-02 1.684857606887817383e-01 -4.630894958972930908e-02 -1.149137765169143677e-01
-4.014846682548522949e-01 -3.973639011383056641e-01 -7.678166776895523071e-02 -3.947510123252868652e-01 -3.962929546833038330e-01 -3.969500064849853516e-01 -3.118705749511718750e-01 -3.673777282238006592e-01 -3.968816399574279785e-01 -2.049767673015594482e-01 1.117833983153104782e-02 1.412462145090103149e-01 1.250923424959182739e-01 1.321361780166625977e+00 -3.871330618858337402e-02 1.272273510694503784e-01 2.129183113574981689e-01 3.141406178474426270e-01 5.243524909019470215e-01 -1.906011439859867096e-02 3.109073033556342125e-03 1.201298907399177551e-01 1.670307368040084839e-01 -3.993875682353973389e-01 4.555137082934379578e-02 3.881246224045753479e-02 7.562312483787536621e-02 1.291679590940475464e-01 6.361917406320571899e-02 1.422736644744873047e-01 2.732801623642444611e-02 8.970870077610015869e-02 7.785245031118392944e-02 3.511509671807289124e-02
-3.345593214035034180e-01 -3.321078419685363770e-01 2.244858816266059875e-02 -3.294160664081573486e-01 -3.253434598445892334e-01 -3.325775563716888428e-01 -1.471415162086486816e-01 -2.959021925926208496e-01 -3.333127200603485107e-01 -1.205893531441688538e-01 1.168296113610267639e-01 8.668733388185501099e-02 5.837302654981613159e-02 -3.871330618858337402e-02 1.034906506538391113e+00 7.691215723752975464e-02 6.280419975519180298e-02 1.655631065368652344e-01 7.389404624700546265e-02 4.662336781620979309e-02 3.971040546894073486e-01 8.923941105604171753e-02 5.875816941261291504e-02 -3.302191197872161865e-01 8.038587123155593872e-02 9.116581082344055176e-02 1.087811365723609924e-01 9.584894403815269470e-03 4.502535611391067505e-02 1.445528585463762283e-02 3.421729058027267456e-02 1.134533882141113281e-01 1.397496312856674194e-01 2.452274318784475327e-03
-4.052593708038330078e-01 -4.067763686180114746e-01 -3.918456844985485077e-03 -4.082114398479461670e-01 -4.079715311527252197e-01 -4.099639356136322021e-01 -1.792151629924774170e-01 -3.440215289592742920e-01 -4.094153940677642822e-01 -2.401055693626403809e-01 1.681995540857315063e-01 1.234199404716491699e-01 3.006744086742401123e-01 1.272273510694503784e-01 7.691215723752975464e-02 1.398767590522766113e+00 4.826883673667907715e-01 3.696346580982208252e-01 1.189986243844032288e-01 2.674731314182281494e-01 4.898519441485404968e-02 2.877705395221710205e-01 -5.683895945549011230e-02 -4.110279679298400879e-01 -6.011905893683433533e-02 2.163640111684799194e-01 -8.957600593566894531e-02 5.478987470269203186e-02 -4.078488051891326904e-02 -8.865921199321746826e-02 -7.579535990953445435e-02 1.391159445047378540e-01 -5.414415523409843445e-02 -1.320817768573760986e-01
-4.558557569980621338e-01 -4.528149366378784180e-01 -9.668110311031341553e-02 -4.482605755329132080e-01 -4.534131586551666260e-01 -4.485313296318054199e-01 -3.033781647682189941e-01 -4.035580158233642578e-01 -4.500982761383056641e-01 -3.170267641544342041e-01 5.809597671031951904e-02 9.440783411264419556e-02 1.550535261631011963e-01 2.129183113574981689e-01 6.280419975519180298e-02 4.826883673667907715e-01 1.404397249221801758e+00 1.400098681449890137e+00 1.858944296836853027e-01 1.270321309566497803e-01 -8.063641190528869629e-02 6.422024965286254883e-01 -4.397245869040489197e-02 -4.557749032974243164e-01 -1.416537612676620483e-01 6.932937353849411011e-02 -1.020224615931510925e-01 -7.456810772418975830e-02 -1.090671271085739136e-01 -2.828846313059329987e-02 2.905284985899925232e-03 3.426266089081764221e-02 -1.906710327602922916e-03 -7.069279253482818604e-02
-4.606040120124816895e-01 -4.599988460540771484e-01 -1.805005967617034912e-01 -4.573233723640441895e-01 -4.600725471973419189e-01 -4.553382992744445801e-01 -3.492890298366546631e-01 -4.081885218620300293e-01 -4.585216045379638672e-01 -3.328505158424377441e-01 -5.516887828707695007e-02 4.930534865707159042e-03 2.232749164104461670e-01 3.141406178474426270e-01 1.655631065368652344e-01 3.696346580982208252e-01 1.400098681449890137e+00 2.576312780380249023e+00 5.734010785818099976e-02 5.344288796186447144e-02 -4.333467036485671997e-02 1.480995416641235352e-01 -3.610217198729515076e-02 -4.585587978363037109e-01 -1.613043099641799927e-01 3.684328123927116394e-02 -6.392426788806915283e-02 -1.568185091018676758e-01 -1.092414930462837219e-01 -1.515786908566951752e-02 -4.897641018033027649e-02 -8.945275843143463135e-02 -3.260363638401031494e-02 -4.235884174704551697e-02
-4.020250737667083740e-01 -3.967520296573638916e-01 -5.243241414427757263e-02 -3.991667032241821289e-01 -4.032997190952301025e-01 -4.028620719909667969e-01 -2.541461884975433350e-01 -3.437420725822448730e-01 -3.995880186557769775e-01 -1.806954294443130493e-01 7.480099052190780640e-02 1.154793724417686462e-01 2.278835475444793701e-01 5.243524909019470215e-01 7.389404624700546265e-02 1.189986243844032288e-01 1.858944296836853027e-01 5.734010785818099976e-02 1.140894174575805664e+00 1.278440505266189575e-01 -1.834985800087451935e-02 1.737850308418273926e-01 1.086226478219032288e-01 -4.009736180305480957e-01 3.589584678411483765e-02 8.232540637254714966e-02 8.174621313810348511e-02 5.900503695011138916e-02 2.617006190121173859e-02 8.574837446212768555e-02 5.578720197081565857e-02 1.870884150266647339e-01 8.469084650278091431e-02 1.121036149561405182e-02
-3.171057999134063721e-01 -3.136658668518066406e-01 -3.017258457839488983e-02 -3.111038804054260254e-01 -3.113110363483428955e-01 -3.136429786682128906e-01 -1.459780931472778320e-01 -2.981682419776916504e-01 -3.119293451309204102e-01 -1.816079318523406982e-01 5.267343670129776001e-02 1.357481926679611206e-01 3.563202619552612305e-01 -1.906011439859867096e-02 4.662336781620979309e-02 2.674731314182281494e-01 1.270321309566497803e-01 5.344288796186447144e-02 1.278440505266189575e-01 1.247594594955444336e+00 1.029773131012916565e-01 8.610267937183380127e-02 -2.375227771699428558e-02 -3.149566352367401123e-01 -9.180946648120880127e-02 1.610099524259567261e-01 -1.781819621101021767e-03 1.985650137066841125e-02 -4.728872701525688171e-02 -5.104306619614362717e-04 8.152169734239578247e-02 1.618569642305374146e-01 2.190344221889972687e-02 -3.841202333569526672e-02
-3.204588890075683594e-01 -3.212561905384063721e-01 1.165529619902372360e-02 -3.231223523616790771e-01 -3.207357823848724365e-01 -3.181171417236328125e-01 -2.042899727821350098e-01 -2.897877097129821777e-01 -3.242306411266326904e-01 -1.023682653903961182e-01 -9.825997985899448395e-03 3.272045031189918518e-02 1.627409756183624268e-01 3.109073033556342125e-03 3.971040546894073486e-01 4.898519441485404968e-02 -8.063641190528869629e-02 -4.333467036485671997e-02 -1.834985800087451935e-02 1.029773131012916565e-01 1.094161391258239746e+00 6.309960037469863892e-02 6.414322555065155029e-02 -3.229717910289764404e-01 1.457850933074951172e-01 1.709565371274948120e-01 3.149771988391876221e-01 1.299388557672500610e-01 1.826395243406295776e-01 5.475507676601409912e-02 -5.191627517342567444e-02 1.101304404437541962e-02 1.062829047441482544e-01 -2.692569792270660400e-02
-2.721784114837646484e-01 -2.700029015541076660e-01 -4.546010494232177734e-02 -2.651101946830749512e-01 -2.646684050559997559e-01 -2.697045207023620605e-01 -1.998062580823898315e-01 -2.739524841308593750e-01 -2.608577609062194824e-01 -9.952908009290695190e-02 5.540903657674789429e-02 -1.900729350745677948e-02 2.747680759057402611e-03 1.201298907399177551e-01 8.923941105604171753e-02 2.877705395221710205e-01 6.422024965286254883e-01 1.480995416641235352e-01 1.737850308418273926e-01 8.610267937183380127e-02 6.309960037469863892e-02 1.166400551795959473e+00 1.762860268354415894e-02 -2.649963498115539551e-01 -1.278299093246459961e-01 2.486848682165145874e-01 -9.277388453483581543e-02 -1.077517271041870117e-01 -1.313409656286239624e-01 -8.837976306676864624e-02 -5.633962526917457581e-02 -9.792833589017391205e-03 1.212023124098777771e-01 -1.174411103129386902e-01
-3.331610262393951416e-01 -3.368632197380065918e-01 7.099677622318267822e-02 -3.306200206279754639e-01 -3.313280642032623291e-01 -3.318623304367065430e-01 -2.195180654525756836e-01 -2.946892976760864258e-01 -3.320041298866271973e-01 2.404865175485610962e-01 6.544059514999389648e-02 2.320137321949005127e-01 -2.202256768941879272e-02 1.670307368040084839e-01 5.875816941261291504e-02 -5.683895945549011230e-02 -4.397245869040489197e-02 -3.610217198729515076e-02 1.086226478219032288e-01 -2.375227771699428558e-02 6.414322555065155029e-02 1.762860268354415894e-02 1.103886842727661133e+00 -3.309157490730285645e-01 2.634842693805694580e-02 1.581250457093119621e-03 -1.375022679567337036e-01 2.278409898281097412e-01 4.112958163022994995e-02 2.331942617893218994e-01 1.581622064113616943e-01 1.114204302430152893e-01 9.781785309314727783e-02 1.383800506591796875e-01
1.062085270881652832e+00 1.060216188430786133e+00 -9.993367642164230347e-02 1.059795141220092773e+00 1.056141376495361328e+00 1.057728290557861328e+00 5.267530679702758789e-01 8.966701030731201172e-01 1.063935279846191406e+00 3.967303931713104248e-01 -4.094272553920745850e-01 -4.260961413383483887e-01 -4.342408776283264160e-01 -3.993875682353973389e-01 -3.302191197872161865e-01 -4.110279679298400879e-01 -4.557749032974243164e-01 -4.585587978363037109e-01 -4.009736180305480957e-01 -3.149566352367401123e-01 -3.229717910289764404e-01 -2.649963498115539551e-01 -3.309157490730285645e-01 1.115065455436706543e+00 -4.291173219680786133e-01 -2.456333637237548828e-01 -4.439108371734619141e-01 -4.176990687847137451e-01 -4.210160374641418457e-01 -4.065788984298706055e-01 -4.447356760501861572e-01 -4.550904035568237305e-01 -3.532210588455200195e-01 -4.407292008399963379e-01
-4.250821471214294434e-01 -4.307912886142730713e-01 -5.299491435289382935e-02 -4.323690235614776611e-01 -4.303570091724395752e-01 -4.319668412208557129e-01 -2.744022607803344727e-01 -4.029748141765594482e-01 -4.307303130626678467e-01 -2.104843705892562866e-01 2.608723640441894531e-01 1.495199650526046753e-01 7.915104925632476807e-02 4.555137082934379578e-02 8.038587123155593872e-02 -6.011905893683433533e-02 -1.416537612676620483e-01 -1.613043099641799927e-01 3.589584678411483765e-02 -9.180946648120880127e-02 1.457850933074951172e-01 -1.278299093246459961e-01 2.634842693805694580e-02 -4.291173219680786133e-01 1.284176468849182129e+00 -7.470123469829559326e-02 1.267607092857360840e+00 4.500122964382171631e-01 1.027425885200500488e+00 -5.318564176559448242e-02 -1.630684360861778259e-02 6.612613052129745483e-02 -5.870921909809112549e-02 -7.412146776914596558e-02
-2.470073699951171875e-01 -2.465693801641464233e-01 2.684456855058670044e-02 -2.439715117216110229e-01 -2.436284571886062622e-01 -2.431161701679229736e-01 -1.189388930797576904e-01 -2.497328072786331177e-01 -2.413948625326156616e-01 -9.306566417217254639e-02 1.184944286942481995e-01 -2.078377269208431244e-02 1.957474946975708008e-01 3.881246224045753479e-02 9.116581082344055176e-02 2.163640111684799194e-01 6.932937353849411011e-02 3.684328123927116394e-02 8.232540637254714966e-02 1.610099524259567261e-01 1.709565371274948120e-01 2.486848682165145874e-01 1.581250457093119621e-03 -2.456333637237548828e-01 -7.470123469829559326e-02 1.171698808670043945e+00 -1.912238448858261108e-02 -6.970316916704177856e-02 -6.751045584678649902e-02 -1.321892887353897095e-01 -4.558340832591056824e-02 1.498316824436187744e-01 -1.543478667736053467e-02 -1.826742887496948242e-01
-4.352035224437713623e-01 -4.442678689956665039e-01 -1.111698746681213379e-01 -4.462464451789855957e-01 -4.463233649730682373e-01 -4.453102946281433105e-01 -2.722155153751373291e-01 -4.178341031074523926e-01 -4.416052103042602539e-01 -2.762908041477203369e-01 -1.793102622032165527e-01 3.357076644897460938e-02 2.559944093227386475e-01 7.562312483787536621e-02 1.087811365723609924e-01 -8.957600593566894531e-02 -1.020224615931510925e-01 -6.392426788806915283e-02 8.174621313810348511e-02 -1.781819621101021767e-03 3.149771988391876221e-01 -9.277388453483581543e-02 -1.375022679567337036e-01 -4.439108371734619141e-01 1.267607092857360840e+00 -1.912238448858261108e-02 2.516459226608276367e+00 -6.872402876615524292e-02 1.099999547004699707e+00 -1.887087225914001465e-01 -1.415211856365203857e-01 5.947507917881011963e-03 -1.605752706527709961e-01 -2.005578875541687012e-01
-4.167389273643493652e-01 -4.165190756320953369e-01 -2.872228063642978668e-02 -4.164185822010040283e-01 -4.197787344455718994e-01 -4.156416356563568115e-01 -3.072913885116577148e-01 -3.723912239074707031e-01 -4.148647189140319824e-01 -5.679782480001449585e-02 4.148395657539367676e-01 2.786075174808502197e-01 1.407345533370971680e-01 1.291679590940475464e-01 9.584894403815269470e-03 5.478987470269203186e-02 -7.456810772418975830e-02 -1.568185091018676758e-01 5.900503695011138916e-02 1.985650137066841125e-02 1.299388557672500610e-01 -1.077517271041870117e-01 2.278409898281097412e-01 -4.176990687847137451e-01 4.500122964382171631e-01 -6.970316916704177856e-02 -6.872402876615524292e-02 1.287792444229125977e+00 5.703329443931579590e-01 1.688165515661239624e-01 9.226082265377044678e-02 9.710630029439926147e-02 5.853937938809394836e-02 4.337409511208534241e-02
-4.151886403560638428e-01 -4.196582436561584473e-01 -6.060496345162391663e-02 -4.196002185344696045e-01 -4.223850965499877930e-01 -4.216834604740142822e-01 -2.919108867645263672e-01 -3.940803706645965576e-01 -4.158046841621398926e-01 -1.785887628793716431e-01 2.481570988893508911e-01 1.448747664690017700e-01 4.062213748693466187e-02 6.361917406320571899e-02 4.502535611391067505e-02 -4.078488051891326904e-02 -1.090671271085739136e-01 -1.092414930462837219e-01 2.617006190121173859e-02 -4.728872701525688171e-02 1.826395243406295776e-01 -1.313409656286239624e-01 4.112958163022994995e-02 -4.210160374641418457e-01 1.027425885200500488e+00 -6.751045584678649902e-02 1.099999547004699707e+00 5.703329443931579590e-01 1.144103884696960449e+00 -3.194465115666389465e-02 -1.434454135596752167e-02 5.729632452130317688e-02 -7.258968055248260498e-02 -9.572983533143997192e-02
-4.073956012725830078e-01 -4.023344814777374268e-01 -3.963513672351837158e-02 -4.060583114624023438e-01 -4.042301774024963379e-01 -4.013962447643280029e-01 -3.210462331771850586e-01 -3.631773591041564941e-01 -4.068145751953125000e-01 -1.391263455152511597e-01 6.949879974126815796e-02 1.657734066247940063e-01 -8.817631006240844727e-02 1.422736644744873047e-01 1.445528585463762283e-02 -8.865921199321746826e-02 -2.828846313059329987e-02 -1.515786908566951752e-02 8.574837446212768555e-02 -5.104306619614362717e-04 5.475507676601409912e-02 -8.837976306676864624e-02 2.331942617893218994e-01 -4.065788984298706055e-01 -5.318564176559448242e-02 -1.321892887353897095e-01 -1.887087225914001465e-01 1.688165515661239624e-01 -3.194465115666389465e-02 1.224313735961914062e+00 6.137553453445434570e-01 -2.268172800540924072e-02 5.003257393836975098e-01 1.144368290901184082e+00
-4.396149218082427979e-01 -4.458688199520111084e-01 -4.524221271276473999e-02 -4.413558840751647949e-01 -4.399542212486267090e-01 -4.443240463733673096e-01 -3.129123151302337646e-01 -4.000672698020935059e-01 -4.473883807659149170e-01 -2.017592787742614746e-01 1.038112789392471313e-01 2.081641852855682373e-01 1.113456487655639648e-02 2.732801623642444611e-02 3.421729058027267456e-02 -7.579535990953445435e-02 2.905284985899925232e-03 -4.897641018033027649e-02 5.578720197081565857e-02 8.152169734239578247e-02 -5.191627517342567444e-02 -5.633962526917457581e-02 1.581622064113616943e-01 -4.447356760501861572e-01 -1.630684360861778259e-02 -4.558340832591056824e-02 -1.415211856365203857e-01 9.226082265377044678e-02 -1.434454135596752167e-02 6.137553453445434570e-01 1.093987345695495605e+00 5.210330486297607422e-01 5.049815177917480469e-01 9.754863977432250977e-01
-4.519400894641876221e-01 -4.531135261058807373e-01 2.888715267181396484e-01 -4.519634544849395752e-01 -4.461940228939056396e-01 -4.522102475166320801e-01 6.725213676691055298e-02 -3.144812881946563721e-01 -4.542831182479858398e-01 -2.293409258127212524e-01 2.473465949296951294e-01 1.949914097785949707e-01 1.684857606887817383e-01 8.970870077610015869e-02 1.134533882141113281e-01 1.391159445047378540e-01 3.426266089081764221e-02 -8.945275843143463135e-02 1.870884150266647339e-01 1.618569642305374146e-01 1.101304404437541962e-02 -9.792833589017391205e-03 1.114204302430152893e-01 -4.550904035568237305e-01 6.612613052129745483e-02 1.498316824436187744e-01 5.947507917881011963e-03 9.710630029439926147e-02 5.729632452130317688e-02 -2.268172800540924072e-02 5.210330486297607422e-01 1.235879302024841309e+00 -2.431860659271478653e-03 -1.066187620162963867e-01
-3.516501784324645996e-01 -3.507500290870666504e-01 -1.029938757419586182e-01 -3.515170812606811523e-01 -3.512383103370666504e-01 -3.528786599636077881e-01 -2.945055067539215088e-01 -3.183286190032958984e-01 -3.546740710735321045e-01 -1.880711913108825684e-01 7.009528577327728271e-02 8.593072742223739624e-02 -4.630894958972930908e-02 7.785245031118392944e-02 1.397496312856674194e-01 -5.414415523409843445e-02 -1.906710327602922916e-03 -3.260363638401031494e-02 8.469084650278091431e-02 2.190344221889972687e-02 1.062829047441482544e-01 1.212023124098777771e-01 9.781785309314727783e-02 -3.532210588455200195e-01 -5.870921909809112549e-02 -1.543478667736053467e-02 -1.605752706527709961e-01 5.853937938809394836e-02 -7.258968055248260498e-02 5.003257393836975098e-01 5.049815177917480469e-01 -2.431860659271478653e-03 1.024328589439392090e+00 8.802747130393981934e-01
-4.435754120349884033e-01 -4.409365653991699219e-01 -5.722520872950553894e-02 -4.409695565700531006e-01 -4.364908337593078613e-01 -4.412294924259185791e-01 -3.389747440814971924e-01 -3.901462256908416748e-01 -4.433155059814453125e-01 -1.877281665802001953e-01 -3.332672058604657650e-04 6.281174719333648682e-02 -1.149137765169143677e-01 3.511509671807289124e-02 2.452274318784475327e-03 -1.320817768573760986e-01 -7.069279253482818604e-02 -4.235884174704551697e-02 1.121036149561405182e-02 -3.841202333569526672e-02 -2.692569792270660400e-02 -1.174411103129386902e-01 1.383800506591796875e-01 -4.407292008399963379e-01 -7.412146776914596558e-02 -1.826742887496948242e-01 -2.005578875541687012e-01 4.337409511208534241e-02 -9.572983533143997192e-02 1.144368290901184082e+00 9.754863977432250977e-01 -1.066187620162963867e-01 8.802747130393981934e-01 1.971023797988891602e+00
