1.314486384391784668e+00 8.328265547752380371e-01 8.826845288276672363e-01 1.279241442680358887e+00 8.675117492675781250e-01 5.958110094070434570e-01 1.019887447357177734e+00 8.738968968391418457e-01 1.078313946723937988e+00 1.079404473304748535e+00 -5.148296952247619629e-01 -4.410392343997955322e-01 -4.001676440238952637e-01 -4.290509819984436035e-01 -5.391188859939575195e-01 -3.703913688659667969e-01 -4.282093644142150879e-01 -4.084452688694000244e-01 -4.031660854816436768e-01 -4.545390903949737549e-01 -5.201591253280639648e-01 -3.446629345417022705e-01 -4.321300983428955078e-01 1.024146318435668945e+00 -5.345590114593505859e-01 -3.953033685684204102e-01 -5.390136241912841797e-01 -5.515145063400268555e-01 -5.451791882514953613e-01 -5.350351333618164062e-01 -5.077051520347595215e-01 -4.128215312957763672e-01 -5.109066367149353027e-01 -5.545538663864135742e-01
8.328265547752380371e-01 1.105641245841979980e+00 1.008536338806152344e+00 8.282926082611083984e-01 7.148464918136596680e-01 4.888440966606140137e-01 8.571256399154663086e-01 1.002463698387145996e+00 9.188525676727294922e-01 9.220696687698364258e-01 -4.537674486637115479e-01 -4.184561371803283691e-01 -3.635294139385223389e-01 -4.066048264503479004e-01 -4.791266322135925293e-01 -3.636004328727722168e-01 -2.838135063648223877e-01 -2.484905421733856201e-01 -3.548101186752319336e-01 -4.214445352554321289e-01 -4.464794993400573730e-01 -2.664110660552978516e-01 -4.274559319019317627e-01 9.363192319869995117e-01 -4.896833300590515137e-01 -3.590796589851379395e-01 -4.923814833164215088e-01 -4.964461028575897217e-01 -5.038169026374816895e-01 -4.594653248786926270e-01 -4.638928472995758057e-01 -3.968944847583770752e-01 -4.658004045486450195e-01 -4.879253506660461426e-01
8.826845288276672363e-01 1.008536338806152344e+00 1.278204798698425293e+00 8.765390515327453613e-01 8.450116515159606934e-01 6.112200021743774414e-01 1.003633379936218262e+00 1.235265731811523438e+00 1.055327892303466797e+00 1.066588997840881348e+00 -4.934177994728088379e-01 -4.459339678287506104e-01 -4.077865481376647949e-01 -4.445261955261230469e-01 -5.237734317779541016e-01 -4.133891761302947998e-01 -4.362074136734008789e-01 -4.224465489387512207e-01 -4.100026488304138184e-01 -4.745101630687713623e-01 -5.064676403999328613e-01 -3.654771149158477783e-01 -4.529263675212860107e-01 1.104189276695251465e+00 -5.281565785408020020e-01 -4.088396430015563965e-01 -5.274223089218139648e-01 -5.424003005027770996e-01 -5.329794883728027344e-01 -5.317289233207702637e-01 -5.159265398979187012e-01 -4.147496819496154785e-01 -5.156953930854797363e-01 -5.699017047882080078e-01
1.279241442680358887e+00 8.282926082611083984e-01 8.765390515327453613e-01 1.307407021522521973e+00 8.659492731094360352e-01 5.993649959564208984e-01 1.013015508651733398e+00 8.694878816604614258e-01 1.072646737098693848e+00 1.076465129852294922e+00 -5.148851871490478516e-01 -4.397422671318054199e-01 -3.964811563491821289e-01 -4.287785589694976807e-01 -5.409636497497558594e-01 -3.696867525577545166e-01 -4.238713979721069336e-01 -4.059852063655853271e-01 -4.025313854217529297e-01 -4.531489312648773193e-01 -5.196282863616943359e-01 -3.432160019874572754e-01 -4.318641424179077148e-01 1.015661120414733887e+00 -5.339849591255187988e-01 -3.921610414981842041e-01 -5.381104946136474609e-01 -5.532814860343933105e-01 -5.457448959350585938e-01 -5.329871177673339844e-01 -5.057290196418762207e-01 -4.106039702892303467e-01 -5.082443356513977051e-01 -5.512560606002807617e-01
8.675117492675781250e-01 7.148464918136596680e-01 8.450116515159606934e-01 8.659492731094360352e-01 9.592535495758056641e-01 6.797972321510314941e-01 8.024942874908447266e-01 8.434060811996459961e-01 8.551234006881713867e-01 8.553954362869262695e-01 -4.364418983459472656e-01 -3.625745177268981934e-01 -2.948848605155944824e-01 -3.701152205467224121e-01 -4.698826074600219727e-01 -3.014706373214721680e-01 -3.494345545768737793e-01 -3.318580985069274902e-01 -2.821788787841796875e-01 -3.868030309677124023e-01 -4.554737210273742676e-01 -2.664655148983001709e-01 -3.640298545360565186e-01 8.506093025207519531e-01 -4.727520644664764404e-01 -3.369392752647399902e-01 -4.724369943141937256e-01 -4.935792386531829834e-01 -4.716727137565612793e-01 -4.583196640014648438e-01 -4.366441369056701660e-01 -3.558427691459655762e-01 -4.410556554794311523e-01 -4.795016050338745117e-01
5.958110094070434570e-01 4.888440966606140137e-01 6.112200021743774414e-01 5.993649959564208984e-01 6.797972321510314941e-01 8.192978501319885254e-01 5.581406354904174805e-01 6.101201772689819336e-01 6.063272356986999512e-01 6.031021475791931152e-01 -3.386650383472442627e-01 -2.658399045467376709e-01 -1.996920555830001831e-01 -2.935411334037780762e-01 -3.387221097946166992e-01 -2.034859955310821533e-01 -2.600834071636199951e-01 -2.413632422685623169e-01 -1.467683464288711548e-01 -2.933965623378753662e-01 -3.254040777683258057e-01 -1.598509252071380615e-01 -2.722195982933044434e-01 5.966265797615051270e-01 -3.806708455085754395e-01 -2.492063492536544800e-01 -3.855057954788208008e-01 -4.166273474693298340e-01 -3.843727409839630127e-01 -3.715862929821014404e-01 -3.197157382965087891e-01 -2.404676377773284912e-01 -3.219338357448577881e-01 -3.797159194946289062e-01
1.019887447357177734e+00 8.571256399154663086e-01 1.003633379936218262e+00 1.013015508651733398e+00 8.024942874908447266e-01 5.581406354904174805e-01 1.068852782249450684e+00 9.908977746963500977e-01 1.005368232727050781e+00 1.007539510726928711e+00 -4.606719613075256348e-01 -4.075044095516204834e-01 -3.513556420803070068e-01 -4.177913665771484375e-01 -5.231263637542724609e-01 -3.672447204589843750e-01 -4.021389484405517578e-01 -3.787009418010711670e-01 -3.606070578098297119e-01 -4.597190320491790771e-01 -5.070542693138122559e-01 -3.043651580810546875e-01 -4.228686988353729248e-01 9.983640909194946289e-01 -5.219217538833618164e-01 -3.391428589820861816e-01 -5.246236920356750488e-01 -5.446285009384155273e-01 -5.254332423210144043e-01 -5.159749388694763184e-01 -4.850909709930419922e-01 -3.985296487808227539e-01 -4.885995686054229736e-01 -5.272303223609924316e-01
8.738968968391418457e-01 1.002463698387145996e+00 1.235265731811523438e+00 8.694878816604614258e-01 8.434060811996459961e-01 6.101201772689819336e-01 9.908977746963500977e-01 1.264696002006530762e+00 1.051230430603027344e+00 1.055595040321350098e+00 -4.882217049598693848e-01 -4.452159702777862549e-01 -4.049312174320220947e-01 -4.412190318107604980e-01 -5.216278433799743652e-01 -4.128427505493164062e-01 -4.338468313217163086e-01 -4.181126058101654053e-01 -4.047144949436187744e-01 -4.697423875331878662e-01 -5.057503581047058105e-01 -3.625428378582000732e-01 -4.476561546325683594e-01 1.098479866981506348e+00 -5.262714028358459473e-01 -4.037087559700012207e-01 -5.286023020744323730e-01 -5.383381247520446777e-01 -5.353824496269226074e-01 -5.287146568298339844e-01 -5.112091302871704102e-01 -4.142438769340515137e-01 -5.130291581153869629e-01 -5.655565261840820312e-01
1.078313946723937988e+00 9.188525676727294922e-01 1.055327892303466797e+00 1.072646737098693848e+00 8.551234006881713867e-01 6.063272356986999512e-01 1.005368232727050781e+00 1.051230430603027344e+00 1.100121259689331055e+00 1.067374110221862793e+00 -5.036290884017944336e-01 -4.421061873435974121e-01 -4.025636017322540283e-01 -4.343765079975128174e-01 -5.328583121299743652e-01 -3.936004936695098877e-01 -4.302339851856231689e-01 -4.137206077575683594e-01 -4.037972688674926758e-01 -4.612245559692382812e-01 -5.135906338691711426e-01 -3.538476824760437012e-01 -4.412528872489929199e-01 1.057886362075805664e+00 -5.278897285461425781e-01 -4.012776017189025879e-01 -5.316122174263000488e-01 -5.437971353530883789e-01 -5.392904877662658691e-01 -5.340431332588195801e-01 -5.096426010131835938e-01 -4.136103391647338867e-01 -5.110435485839843750e-01 -5.619384050369262695e-01
1.079404473304748535e+00 9.220696687698364258e-01 1.066588997840881348e+00 1.076465129852294922e+00 8.553954362869262695e-01 6.031021475791931152e-01 1.007539510726928711e+00 1.055595040321350098e+00 1.067374110221862793e+00 1.103179335594177246e+00 -5.018692612648010254e-01 -4.416869580745697021e-01 -4.040363729000091553e-01 -4.372816383838653564e-01 -5.341340899467468262e-01 -3.910636603832244873e-01 -4.288644790649414062e-01 -4.144729673862457275e-01 -4.041897356510162354e-01 -4.645048379898071289e-01 -5.133177638053894043e-01 -3.558955490589141846e-01 -4.417009353637695312e-01 1.062250137329101562e+00 -5.313173532485961914e-01 -4.001689553260803223e-01 -5.322771668434143066e-01 -5.452788472175598145e-01 -5.392352342605590820e-01 -5.309074521064758301e-01 -5.092282295227050781e-01 -4.146592915058135986e-01 -5.089441537857055664e-01 -5.609610676765441895e-01
-5.148296952247619629e-01 -4.537674486637115479e-01 -4.934177994728088379e-01 -5.148851871490478516e-01 -4.364418983459472656e-01 -3.386650383472442627e-01 -4.606719613075256348e-01 -4.882217049598693848e-01 -5.036290884017944336e-01 -5.018692612648010254e-01 1.191283941268920898e+00 1.086100935935974121e-01 1.693530082702636719e-01 5.341779813170433044e-02 1.230471953749656677e-01 1.523938868194818497e-02 -2.708203718066215515e-02 -1.136380806565284729e-01 1.129304394125938416e-01 7.195620238780975342e-02 -5.371904373168945312e-02 6.714707612991333008e-02 4.286437295377254486e-03 -4.960229992866516113e-01 6.336992383003234863e-01 1.647774130105972290e-01 6.351405978202819824e-01 1.057327151298522949e+00 5.961855053901672363e-01 1.359968930482864380e-01 1.260905265808105469e-01 1.115356013178825378e-01 1.231908574700355530e-01 2.190870931372046471e-03
-4.410392343997955322e-01 -4.184561371803283691e-01 -4.459339678287506104e-01 -4.397422671318054199e-01 -3.625745177268981934e-01 -2.658399045467376709e-01 -4.075044095516204834e-01 -4.452159702777862549e-01 -4.421061873435974121e-01 -4.416869580745697021e-01 1.086100935935974121e-01 1.141518354415893555e+00 3.213520944118499756e-01 2.723270058631896973e-01 -9.687117300927639008e-03 2.430615723133087158e-01 1.789504736661911011e-01 5.678747966885566711e-02 2.027250677347183228e-01 2.727221846580505371e-01 -2.404761314392089844e-02 2.867945432662963867e-01 7.118452191352844238e-01 -4.384074509143829346e-01 3.375007584691047668e-02 1.034258902072906494e-01 3.577670454978942871e-02 1.345053315162658691e-02 5.161265656352043152e-02 1.590741425752639771e-01 8.944381773471832275e-02 1.058868542313575745e-01 9.346833080053329468e-02 9.899673610925674438e-02
-4.001676440238952637e-01 -3.635294139385223389e-01 -4.077865481376647949e-01 -3.964811563491821289e-01 -2.948848605155944824e-01 -1.996920555830001831e-01 -3.513556420803070068e-01 -4.049312174320220947e-01 -4.025636017322540283e-01 -4.040363729000091553e-01 1.693530082702636719e-01 3.213520944118499756e-01 1.225603103637695312e+00 1.452554017305374146e-01 -3.827172145247459412e-02 2.136273086071014404e-01 1.916923820972442627e-01 1.097100451588630676e-01 3.277608454227447510e-01 1.687968075275421143e-01 -7.313701510429382324e-02 2.573668360710144043e-01 1.577253341674804688e-01 -3.976780176162719727e-01 9.610844403505325317e-02 9.922584146261215210e-02 9.404090791940689087e-02 1.723129115998744965e-02 1.156523674726486206e-01 1.934710443019866943e-01 6.507468223571777344e-02 3.269819170236587524e-02 6.759797036647796631e-02 8.382771164178848267e-02
-4.290509819984436035e-01 -4.066048264503479004e-01 -4.445261955261230469e-01 -4.287785589694976807e-01 -3.701152205467224121e-01 -2.935411334037780762e-01 -4.177913665771484375e-01 -4.412190318107604980e-01 -4.343765079975128174e-01 -4.372816383838653564e-01 5.341779813170433044e-02 2.723270058631896973e-01 1.452554017305374146e-01 1.288231134414672852e+00 1.623940616846084595e-01 1.988347023725509644e-01 8.561200648546218872e-02 -9.363647550344467163e-02 1.938427388668060303e-01 5.556952357292175293e-01 2.187504023313522339e-01 1.367226541042327881e-01 4.141569137573242188e-01 -4.322785139083862305e-01 2.136525139212608337e-02 2.690535187721252441e-01 2.138321101665496826e-02 1.009694673120975494e-02 2.451618574559688568e-02 2.224519699811935425e-01 8.538935333490371704e-02 1.191129311919212341e-01 8.549781888723373413e-02 4.757394269108772278e-02
-5.391188859939575195e-01 -4.791266322135925293e-01 -5.237734317779541016e-01 -5.409636497497558594e-01 -4.698826074600219727e-01 -3.387221097946166992e-01 -5.231263637542724609e-01 -5.216278433799743652e-01 -5.328583121299743652e-01 -5.341340899467468262e-01 1.230471953749656677e-01 -9.687117300927639008e-03 -3.827172145247459412e-02 1.623940616846084595e-01 2.213502883911132812e+00 9.041502140462398529e-03 -8.998207002878189087e-02 -1.796254962682723999e-01 7.798282802104949951e-02 2.414284050464630127e-01 2.189738750457763672e+00 -4.942510277032852173e-02 1.375238150358200073e-01 -5.294921398162841797e-01 2.319794595241546631e-01 -1.084406953305006027e-02 2.282706052064895630e-01 9.713540971279144287e-02 2.064803540706634521e-01 1.536282002925872803e-01 -1.480306871235370636e-02 3.398910537362098694e-02 -1.445612218230962753e-02 -8.960141241550445557e-02
-3.703913688659667969e-01 -3.636004328727722168e-01 -4.133891761302947998e-01 -3.696867525577545166e-01 -3.014706373214721680e-01 -2.034859955310821533e-01 -3.672447204589843750e-01 -4.128427505493164062e-01 -3.936004936695098877e-01 -3.910636603832244873e-01 1.523938868194818497e-02 2.430615723133087158e-01 2.136273086071014404e-01 1.988347023725509644e-01 9.041502140462398529e-03 1.166661620140075684e+00 3.061507642269134521e-01 3.303405940532684326e-01 1.653888672590255737e-01 1.640454232692718506e-01 2.400163561105728149e-02 2.634699642658233643e-01 2.906895875930786133e-01 -4.020303189754486084e-01 4.891621693968772888e-02 1.212356686592102051e-01 4.684744775295257568e-02 -5.507291480898857117e-02 6.507572531700134277e-02 9.133587777614593506e-02 5.999507755041122437e-02 4.272386804223060608e-02 5.819035321474075317e-02 9.955728054046630859e-02
-4.282093644142150879e-01 -2.838135063648223877e-01 -4.362074136734008789e-01 -4.238713979721069336e-01 -3.494345545768737793e-01 -2.600834071636199951e-01 -4.021389484405517578e-01 -4.338468313217163086e-01 -4.302339851856231689e-01 -4.288644790649414062e-01 -2.708203718066215515e-02 1.789504736661911011e-01 1.916923820972442627e-01 8.561200648546218872e-02 -8.998207002878189087e-02 3.061507642269134521e-01 1.332913994789123535e+00 1.341082692146301270e+00 1.851588636636734009e-01 4.888983815908432007e-02 -6.209501624107360840e-02 6.795709133148193359e-01 1.205628365278244019e-01 -4.321907758712768555e-01 -8.272902667522430420e-02 2.105536311864852905e-01 -7.767279446125030518e-02 -1.451930105686187744e-01 -6.674650311470031738e-02 1.849522069096565247e-02 3.759875521063804626e-02 3.711852245032787323e-03 4.339968785643577576e-02 6.123594939708709717e-02
-4.084452688694000244e-01 -2.484905421733856201e-01 -4.224465489387512207e-01 -4.059852063655853271e-01 -3.318580985069274902e-01 -2.413632422685623169e-01 -3.787009418010711670e-01 -4.181126058101654053e-01 -4.137206077575683594e-01 -4.144729673862457275e-01 -1.136380806565284729e-01 5.678747966885566711e-02 1.097100451588630676e-01 -9.363647550344467163e-02 -1.796254962682723999e-01 3.303405940532684326e-01 1.341082692146301270e+00 2.495398998260498047e+00 1.426982134580612183e-01 -1.405349224805831909e-01 -1.763758212327957153e-01 1.184861660003662109e-01 1.354037225246429443e-02 -4.198299348354339600e-01 -7.845724374055862427e-02 3.470236659049987793e-01 -7.914821803569793701e-02 -1.744358241558074951e-01 -6.562994420528411865e-02 -4.567936062812805176e-02 7.144688814878463745e-02 5.971096456050872803e-02 7.276155054569244385e-02 8.142723888158798218e-02
-4.031660854816436768e-01 -3.548101186752319336e-01 -4.100026488304138184e-01 -4.025313854217529297e-01 -2.821788787841796875e-01 -1.467683464288711548e-01 -3.606070578098297119e-01 -4.047144949436187744e-01 -4.037972688674926758e-01 -4.041897356510162354e-01 1.129304394125938416e-01 2.027250677347183228e-01 3.277608454227447510e-01 1.938427388668060303e-01 7.798282802104949951e-02 1.653888672590255737e-01 1.851588636636734009e-01 1.426982134580612183e-01 1.259415626525878906e+00 1.837316304445266724e-01 1.113469228148460388e-01 2.578406035900115967e-01 2.068039178848266602e-01 -4.077643454074859619e-01 4.631072655320167542e-02 1.220616325736045837e-01 4.371348395943641663e-02 2.834904193878173828e-02 2.144149318337440491e-02 9.771107882261276245e-02 3.395049273967742920e-02 9.015679359436035156e-02 3.249632939696311951e-02 1.598623581230640411e-02
-4.545390903949737549e-01 -4.214445352554321289e-01 -4.745101630687713623e-01 -4.531489312648773193e-01 -3.868030309677124023e-01 -2.933965623378753662e-01 -4.597190320491790771e-01 -4.697423875331878662e-01 -4.612245559692382812e-01 -4.645048379898071289e-01 7.195620238780975342e-02 2.727221846580505371e-01 1.687968075275421143e-01 5.556952357292175293e-01 2.414284050464630127e-01 1.640454232692718506e-01 4.888983815908432007e-02 -1.405349224805831909e-01 1.837316304445266724e-01 1.236989617347717285e+00 2.893342971801757812e-01 1.820648461580276489e-01 2.556777000427246094e-01 -4.684218764305114746e-01 4.460733383893966675e-02 2.470334470272064209e-01 4.427551478147506714e-02 9.679917246103286743e-02 1.247422304004430771e-02 3.940261006355285645e-01 6.802858412265777588e-02 7.640621066093444824e-02 6.583437323570251465e-02 2.165791392326354980e-01
-5.201591253280639648e-01 -4.464794993400573730e-01 -5.064676403999328613e-01 -5.196282863616943359e-01 -4.554737210273742676e-01 -3.254040777683258057e-01 -5.070542693138122559e-01 -5.057503581047058105e-01 -5.135906338691711426e-01 -5.133177638053894043e-01 -5.371904373168945312e-02 -2.404761314392089844e-02 -7.313701510429382324e-02 2.187504023313522339e-01 2.189738750457763672e+00 2.400163561105728149e-02 -6.209501624107360840e-02 -1.763758212327957153e-01 1.113469228148460388e-01 2.893342971801757812e-01 2.487035274505615234e+00 -1.991101913154125214e-02 1.721871644258499146e-01 -5.154222249984741211e-01 1.223393082618713379e-01 -5.460152402520179749e-03 1.204526722431182861e-01 -3.638633340597152710e-02 9.587014466524124146e-02 1.806218177080154419e-01 -5.607882887125015259e-02 -1.697529293596744537e-02 -5.177940800786018372e-02 -5.544090643525123596e-02
-3.446629345417022705e-01 -2.664110660552978516e-01 -3.654771149158477783e-01 -3.432160019874572754e-01 -2.664655148983001709e-01 -1.598509252071380615e-01 -3.043651580810546875e-01 -3.625428378582000732e-01 -3.538476824760437012e-01 -3.558955490589141846e-01 6.714707612991333008e-02 2.867945432662963867e-01 2.573668360710144043e-01 1.367226541042327881e-01 -4.942510277032852173e-02 2.634699642658233643e-01 6.795709133148193359e-01 1.184861660003662109e-01 2.578406035900115967e-01 1.820648461580276489e-01 -1.991101913154125214e-02 1.292516231536865234e+00 1.855237483978271484e-01 -3.589155077934265137e-01 -7.005324214696884155e-02 9.876558184623718262e-02 -7.585494220256805420e-02 -1.192249581217765808e-01 -6.717222183942794800e-02 5.591221526265144348e-02 -1.641091657802462578e-03 -4.640170186758041382e-02 -4.654490854591131210e-03 3.535685315728187561e-02
-4.321300983428955078e-01 -4.274559319019317627e-01 -4.529263675212860107e-01 -4.318641424179077148e-01 -3.640298545360565186e-01 -2.722195982933044434e-01 -4.228686988353729248e-01 -4.476561546325683594e-01 -4.412528872489929199e-01 -4.417009353637695312e-01 4.286437295377254486e-03 7.118452191352844238e-01 1.577253341674804688e-01 4.141569137573242188e-01 1.375238150358200073e-01 2.906895875930786133e-01 1.205628365278244019e-01 1.354037225246429443e-02 2.068039178848266602e-01 2.556777000427246094e-01 1.721871644258499146e-01 1.855237483978271484e-01 1.265262842178344727e+00 -4.405064284801483154e-01 -6.779146380722522736e-03 1.121792662888765335e-02 -5.172330886125564575e-03 -2.318127779290080070e-03 -6.747051607817411423e-03 1.482800990343093872e-01 7.724448293447494507e-02 2.626722157001495361e-01 7.430884242057800293e-02 7.693269848823547363e-02
1.024146318435668945e+00 9.363192319869995117e-01 1.104189276695251465e+00 1.015661120414733887e+00 8.506093025207519531e-01 5.966265797615051270e-01 9.983640909194946289e-01 1.098479866981506348e+00 1.057886362075805664e+00 1.062250137329101562e+00 -4.960229992866516113e-01 -4.384074509143829346e-01 -3.976780176162719727e-01 -4.322785139083862305e-01 -5.294921398162841797e-01 -4.020303189754486084e-01 -4.321907758712768555e-01 -4.198299348354339600e-01 -4.077643454074859619e-01 -4.684218764305114746e-01 -5.154222249984741211e-01 -3.589155077934265137e-01 -4.405064284801483154e-01 1.134485125541687012e+00 -5.241785645484924316e-01 -4.055427908897399902e-01 -5.255795717239379883e-01 -5.401550531387329102e-01 -5.340009331703186035e-01 -5.349188446998596191e-01 -5.098477602005004883e-01 -4.093738794326782227e-01 -5.100280046463012695e-01 -5.709013938903808594e-01
-5.345590114593505859e-01 -4.896833300590515137e-01 -5.281565785408020020e-01 -5.339849591255187988e-01 -4.727520644664764404e-01 -3.806708455085754395e-01 -5.219217538833618164e-01 -5.262714028358459473e-01 -5.278897285461425781e-01 -5.313173532485961914e-01 6.336992383003234863e-01 3.375007584691047668e-02 9.610844403505325317e-02 2.136525139212608337e-02 2.319794595241546631e-01 4.891621693968772888e-02 -8.272902667522430420e-02 -7.845724374055862427e-02 4.631072655320167542e-02 4.460733383893966675e-02 1.223393082618713379e-01 -7.005324214696884155e-02 -6.779146380722522736e-03 -5.241785645484924316e-01 1.152577757835388184e+00 8.678244054317474365e-02 1.103042960166931152e+00 1.005522370338439941e+00 1.113781094551086426e+00 8.287791907787322998e-02 5.047673732042312622e-02 3.651921823620796204e-02 4.826961457729339600e-02 -1.848925650119781494e-02
-3.953033685684204102e-01 -3.590796589851379395e-01 -4.088396430015563965e-01 -3.921610414981842041e-01 -3.369392752647399902e-01 -2.492063492536544800e-01 -3.391428589820861816e-01 -4.037087559700012207e-01 -4.012776017189025879e-01 -4.001689553260803223e-01 1.647774130105972290e-01 1.034258902072906494e-01 9.922584146261215210e-02 2.690535187721252441e-01 -1.084406953305006027e-02 1.212356686592102051e-01 2.105536311864852905e-01 3.470236659049987793e-01 1.220616325736045837e-01 2.470334470272064209e-01 -5.460152402520179749e-03 9.876558184623718262e-02 1.121792662888765335e-02 -4.055427908897399902e-01 8.678244054317474365e-02 1.220254778861999512e+00 8.534439653158187866e-02 1.560511142015457153e-01 9.653602540493011475e-02 2.113745212554931641e-01 1.151738241314888000e-01 9.183342754840850830e-02 1.160947382450103760e-01 1.594368070363998413e-01
-5.390136241912841797e-01 -4.923814833164215088e-01 -5.274223089218139648e-01 -5.381104946136474609e-01 -4.724369943141937256e-01 -3.855057954788208008e-01 -5.246236920356750488e-01 -5.286023020744323730e-01 -5.316122174263000488e-01 -5.322771668434143066e-01 6.351405978202819824e-01 3.577670454978942871e-02 9.404090791940689087e-02 2.138321101665496826e-02 2.282706052064895630e-01 4.684744775295257568e-02 -7.767279446125030518e-02 -7.914821803569793701e-02 4.371348395943641663e-02 4.427551478147506714e-02 1.204526722431182861e-01 -7.585494220256805420e-02 -5.172330886125564575e-03 -5.255795717239379883e-01 1.103042960166931152e+00 8.534439653158187866e-02 1.170468330383300781e+00 1.010148406028747559e+00 1.129194498062133789e+00 8.130484074354171753e-02 5.030396953225135803e-02 3.726534545421600342e-02 4.859615117311477661e-02 -1.530625205487012863e-02
-5.515145063400268555e-01 -4.964461028575897217e-01 -5.424003005027770996e-01 -5.532814860343933105e-01 -4.935792386531829834e-01 -4.166273474693298340e-01 -5.446285009384155273e-01 -5.383381247520446777e-01 -5.437971353530883789e-01 -5.452788472175598145e-01 1.057327151298522949e+00 1.345053315162658691e-02 1.723129115998744965e-02 1.009694673120975494e-02 9.713540971279144287e-02 -5.507291480898857117e-02 -1.451930105686187744e-01 -1.744358241558074951e-01 2.834904193878173828e-02 9.679917246103286743e-02 -3.638633340597152710e-02 -1.192249581217765808e-01 -2.318127779290080070e-03 -5.401550531387329102e-01 1.005522370338439941e+00 1.560511142015457153e-01 1.010148406028747559e+00 1.859891057014465332e+00 9.341797232627868652e-01 8.377359062433242798e-02 4.120186716318130493e-02 2.981613017618656158e-02 3.364279493689537048e-02 -8.837937377393245697e-03
-5.451791882514953613e-01 -5.038169026374816895e-01 -5.329794883728027344e-01 -5.457448959350585938e-01 -4.716727137565612793e-01 -3.843727409839630127e-01 -5.254332423210144043e-01 -5.353824496269226074e-01 -5.392904877662658691e-01 -5.392352342605590820e-01 5.961855053901672363e-01 5.161265656352043152e-02 1.156523674726486206e-01 2.451618574559688568e-02 2.064803540706634521e-01 6.507572531700134277e-02 -6.674650311470031738e-02 -6.562994420528411865e-02 2.144149318337440491e-02 1.247422304004430771e-02 9.587014466524124146e-02 -6.717222183942794800e-02 -6.747051607817411423e-03 -5.340009331703186035e-01 1.113781094551086426e+00 9.653602540493011475e-02 1.129194498062133789e+00 9.341797232627868652e-01 1.295592308044433594e+00 7.978191971778869629e-02 6.154040247201919556e-02 3.238112106919288635e-02 6.098956242203712463e-02 1.081018801778554916e-02
-5.350351333618164062e-01 -4.594653248786926270e-01 -5.317289233207702637e-01 -5.329871177673339844e-01 -4.583196640014648438e-01 -3.715862929821014404e-01 -5.159749388694763184e-01 -5.287146568298339844e-01 -5.340431332588195801e-01 -5.309074521064758301e-01 1.359968930482864380e-01 1.590741425752639771e-01 1.934710443019866943e-01 2.224519699811935425e-01 1.536282002925872803e-01 9.133587777614593506e-02 1.849522069096565247e-02 -4.567936062812805176e-02 9.771107882261276245e-02 3.940261006355285645e-01 1.806218177080154419e-01 5.591221526265144348e-02 1.482800990343093872e-01 -5.349188446998596191e-01 8.287791907787322998e-02 2.113745212554931641e-01 8.130484074354171753e-02 8.377359062433242798e-02 7.978191971778869629e-02 1.067196965217590332e+00 5.153995752334594727e-01 5.462958663702011108e-02 5.166721343994140625e-01 1.058027863502502441e+00
-5.077051520347595215e-01 -4.638928472995758057e-01 -5.159265398979187012e-01 -5.057290196418762207e-01 -4.366441369056701660e-01 -3.197157382965087891e-01 -4.850909709930419922e-01 -5.112091302871704102e-01 -5.096426010131835938e-01 -5.092282295227050781e-01 1.260905265808105469e-01 8.944381773471832275e-02 6.507468223571777344e-02 8.538935333490371704e-02 -1.480306871235370636e-02 5.999507755041122437e-02 3.759875521063804626e-02 7.144688814878463745e-02 3.395049273967742920e-02 6.802858412265777588e-02 -5.607882887125015259e-02 -1.641091657802462578e-03 7.724448293447494507e-02 -5.098477602005004883e-01 5.047673732042312622e-02 1.151738241314888000e-01 5.030396953225135803e-02 4.120186716318130493e-02 6.154040247201919556e-02 5.153995752334594727e-01 1.062338232994079590e+00 8.060408830642700195e-01 1.034144401550292969e+00 9.412803649902343750e-01
-4.128215312957763672e-01 -3.968944847583770752e-01 -4.147496819496154785e-01 -4.106039702892303467e-01 -3.558427691459655762e-01 -2.404676377773284912e-01 -3.985296487808227539e-01 -4.142438769340515137e-01 -4.136103391647338867e-01 -4.146592915058135986e-01 1.115356013178825378e-01 1.058868542313575745e-01 3.269819170236587524e-02 1.191129311919212341e-01 3.398910537362098694e-02 4.272386804223060608e-02 3.711852245032787323e-03 5.971096456050872803e-02 9.015679359436035156e-02 7.640621066093444824e-02 -1.697529293596744537e-02 -4.640170186758041382e-02 2.626722157001495361e-01 -4.093738794326782227e-01 3.651921823620796204e-02 9.183342754840850830e-02 3.726534545421600342e-02 2.981613017618656158e-02 3.238112106919288635e-02 5.462958663702011108e-02 8.060408830642700195e-01 1.643485069274902344e+00 8.105031251907348633e-01 -5.391220375895500183e-02
-5.109066367149353027e-01 -4.658004045486450195e-01 -5.156953930854797363e-01 -5.082443356513977051e-01 -4.410556554794311523e-01 -3.219338357448577881e-01 -4.885995686054229736e-01 -5.130291581153869629e-01 -5.110435485839843750e-01 -5.089441537857055664e-01 1.231908574700355530e-01 9.346833080053329468e-02 6.759797036647796631e-02 8.549781888723373413e-02 -1.445612218230962753e-02 5.819035321474075317e-02 4.339968785643577576e-02 7.276155054569244385e-02 3.249632939696311951e-02 6.583437323570251465e-02 -5.177940800786018372e-02 -4.654490854591131210e-03 7.430884242057800293e-02 -5.100280046463012695e-01 4.826961457729339600e-02 1.160947382450103760e-01 4.859615117311477661e-02 3.364279493689537048e-02 6.098956242203712463e-02 5.166721343994140625e-01 1.034144401550292969e+00 8.105031251907348633e-01 1.076595664024353027e+00 9.437968134880065918e-01
-5.545538663864135742e-01 -4.879253506660461426e-01 -5.699017047882080078e-01 -5.512560606002807617e-01 -4.795016050338745117e-01 -3.797159194946289062e-01 -5.272303223609924316e-01 -5.655565261840820312e-01 -5.619384050369262695e-01 -5.609610676765441895e-01 2.190870931372046471e-03 9.899673610925674438e-02 8.382771164178848267e-02 4.757394269108772278e-02 -8.960141241550445557e-02 9.955728054046630859e-02 6.123594939708709717e-02 8.142723888158798218e-02 1.598623581230640411e-02 2.165791392326354980e-01 -5.544090643525123596e-02 3.535685315728187561e-02 7.693269848823547363e-02 -5.709013938903808594e-01 -1.848925650119781494e-02 1.594368070363998413e-01 -1.530625205487012863e-02 -8.837937377393245697e-03 1.081018801778554916e-02 1.058027863502502441e+00 9.412803649902343750e-01 -5.391220375895500183e-02 9.437968134880065918e-01 2.135641813278198242e+00
