0.99999999700000008485 0.00000000099999999973 0.00000000099999999973 0.00000000099999999973 
0.99999999700000008485 0.00000000099999999974 0.00000000099999999974 0.00000000099999999974 
0.99999999699999997382 0.00000000099999999973 0.00000000099999999973 0.00000000099999999973 
0.99999881452133443371 0.00000000099999999974 0.00000000099999999974 0.00000118347866554725 
0.99999999699999997382 0.00000000099999999980 0.00000000099999999980 0.00000000099999999980 
0.77761932551920998069 0.22238067248079015914 0.00000000099999999977 0.00000000099999999977 
0.72182229563290845054 0.00000000099999999994 0.27016410227109211029 0.00801360109599943103 
0.99999607143870883341 0.00000000099999999975 0.00000000099999999975 0.00000392656129128591 
0.99999999699999997382 0.00000000099999999974 0.00000000099999999974 0.00000000099999999974 
0.77142673630504043913 0.22857326169495956192 0.00000000099999999976 0.00000000099999999976 
0.00000000099999999959 0.50030909386163135988 0.00000000099999999959 0.49969090413836858566 
0.26126094799687721304 0.00000000099999999993 0.42316312658801824576 0.31557592441510456949 
0.00000000099999999989 0.52316393944468864152 0.47683605855531141504 0.00000000099999999989 
0.00000000099999999961 0.49593171019892945406 0.00000000099999999961 0.50406828780107049148 
0.00000000099999999961 0.48990354458471219168 0.00000000099999999961 0.51009645341528775386 
0.00000000099999999973 0.00000000099999999973 0.99999999699999997382 0.00000000099999999973 
0.00000000099999999980 0.00000000099999999980 0.99999999699999986280 0.00000000099999999980 
0.00000000099999999976 0.08302570133768651106 0.91697429666231355938 0.00000000099999999976 
0.00000000099999999998 0.08696306470399856048 0.60008575267808272891 0.31295118161791879441 
0.00000000099999999959 0.50176236472036750413 0.00000000099999999959 0.49823763327963266345 
0.00000000099999999960 0.48628100766169857216 0.00000000099999999960 0.51371899033830137338 
0.00000000099999999973 0.00000000099999999973 0.99999999699999986280 0.00000000099999999973 
0.06663282711996806884 0.00000000099999999992 0.47899339154896242166 0.45437378033106951003 
0.99999999700000008485 0.00000000099999999973 0.00000000099999999973 0.00000000099999999973 
0.00000000099999999959 0.50503196301367270227 0.00000000099999999959 0.49496803498632729879 
0.00000000099999999976 0.53232345071398778913 0.00000000099999999976 0.46767654728601232295 
0.00000000099999999961 0.50130806721144438587 0.00000000099999999961 0.49869193078855567069 
0.00000000099999999960 0.51073422484274544342 0.00000000099999999960 0.48926577315725461315 
0.00000000099999999960 0.49906661570485960633 0.00000000099999999960 0.50093338229514039472 
0.25392408358667967194 0.21500457743407136446 0.26375849325600331241 0.26731284572324559567 
0.00000000099999999958 0.48350362352518566622 0.00000000099999999958 0.51649637447481433483 
0.00000000099999999958 0.49257880401367287737 0.00000000099999999958 0.50742119398632701266 
0.00000000099999999959 0.49128815909503670278 0.00000000099999999959 0.50871183890496318725 
0.00000000099999999958 0.48258244826967278129 0.00000000099999999958 0.51741754973032716425 
