0.78367531098300746706 0.00000000099999999956 0.00000000099999999956 0.21632468601699253452 0.00000000099999999956 
0.77535206291009861612 0.00000000099999999956 0.00000000099999999956 0.22464793408990135770 0.00000000099999999956 
0.77609655633389174056 0.00000000099999999956 0.00000000099999999956 0.22390344066610814999 0.00000000099999999956 
0.77640935983902092943 0.00000000099999999956 0.00000000099999999956 0.22359063716097915542 0.00000000099999999956 
0.78269645759574801858 0.00000000099999999962 0.00000000099999999962 0.21730353940425212178 0.00000000099999999962 
0.65654318479367879124 0.34271930160665464715 0.00000000099999999968 0.00073751159966662771 0.00000000099999999968 
0.49846725274207848155 0.00000000099999999995 0.29889968884886936040 0.20263305640905213134 0.00000000099999999995 
0.78103835990823733404 0.00000000099999999957 0.00000000099999999957 0.21896163709176261203 0.00000000099999999957 
0.77314338993085107710 0.00000000099999999957 0.00000000099999999957 0.22685660706914900775 0.00000000099999999957 
0.65057905159819029439 0.34942072208171393033 0.00000000099999999967 0.00000022432009584725 0.00000000099999999967 
0.00000000099999999926 0.99999999600000000211 0.00000000099999999926 0.00000000099999999926 0.00000000099999999926 
0.00000000099999999980 0.00000000099999999980 0.55526343261340505020 0.44473656438659475709 0.00000000099999999980 
0.00000000099999999991 0.45816735670030883654 0.00000000099999999991 0.00000000099999999991 0.54183264029969102626 
0.00000000099999999930 0.99999999600000011313 0.00000000099999999930 0.00000000099999999930 0.00000000099999999930 
0.00000000099999999929 0.99999999600000000211 0.00000000099999999929 0.00000000099999999929 0.00000000099999999929 
0.00000000099999999958 0.00000000099999999958 0.00000000099999999958 0.00000000099999999958 0.99999999599999989108 
0.00000000099999999965 0.00000000099999999965 0.00000000099999999965 0.11408308713320428063 0.88591690986679572095 
0.00000000099999999958 0.00000000099999999958 0.00000000099999999958 0.06141538008558318495 0.93858461691441685826 
0.00000000099999999992 0.33213419448951037038 0.17286042833913070615 0.00000000099999999992 0.49500537517135889676 
0.00000000099999999926 0.99999999600000000211 0.00000000099999999926 0.00000000099999999926 0.00000000099999999926 
0.00000000099999999928 0.99999999600000011313 0.00000000099999999928 0.00000000099999999928 0.00000000099999999928 
0.00000000099999999965 0.00000000099999999965 0.00000000099999999965 0.10374432504724230564 0.89625567195275768206 
0.00000000099999999974 0.00000000099999999974 0.51396477872554424682 0.48603521827445556047 0.00000000099999999974 
0.77670838819372911566 0.00000000099999999955 0.00000000099999999955 0.22329160880627094143 0.00000000099999999955 
0.00000000099999999925 0.99999999600000000211 0.00000000099999999925 0.00000000099999999925 0.00000000099999999925 
0.00000000099999999948 0.99999999600000000211 0.00000000099999999948 0.00000000099999999948 0.00000000099999999948 
0.00000000099999999929 0.99999999600000000211 0.00000000099999999929 0.00000000099999999929 0.00000000099999999929 
0.00000000099999999928 0.99999999600000011313 0.00000000099999999928 0.00000000099999999928 0.00000000099999999928 
0.00000000099999999926 0.99999999600000000211 0.00000000099999999926 0.00000000099999999926 0.00000000099999999926 
0.08671188104759385007 0.57146530189349209472 0.34175169438261354671 0.00000000099999999999 0.00007112167630077967 
0.00000000099999999925 0.99999999600000000211 0.00000000099999999925 0.00000000099999999925 0.00000000099999999925 
0.00000000099999999925 0.99999999600000000211 0.00000000099999999925 0.00000000099999999925 0.00000000099999999925 
0.00000000099999999925 0.99999999600000000211 0.00000000099999999925 0.00000000099999999925 0.00000000099999999925 
0.00000000099999999925 0.99999999600000000211 0.00000000099999999925 0.00000000099999999925 0.00000000099999999925 
