0.00000000099999999944 0.00000000099999999944 0.99999999500000003039 0.00000000099999999944 0.00000000099999999944 0.00000000099999999944 
0.00000000099999999944 0.00000000099999999944 0.99999999499999991937 0.00000000099999999944 0.00000000099999999944 0.00000000099999999944 
0.00000000347653341745 0.00000000099999999944 0.99999999252346671863 0.00000000099999999944 0.00000000099999999944 0.00000000099999999944 
0.00603252665625830711 0.00000000099999999944 0.99396746934374169413 0.00000000099999999944 0.00000000099999999944 0.00000000099999999944 
0.00000000099999999952 0.00000000099999999952 0.99999999499999991937 0.00000000099999999952 0.00000000099999999952 0.00000000099999999952 
0.00000000099999999952 0.00000000099999999952 0.78177007263105191548 0.21822992336894808663 0.00000000099999999952 0.00000000099999999952 
0.00000000099999999990 0.00000000099999999990 0.59344861842120688600 0.00000000099999999990 0.10243238832769392677 0.30411899025109934147 
0.01394646559811473646 0.00000000099999999944 0.98605353040188525870 0.00000000099999999944 0.00000000099999999944 0.00000000099999999944 
0.00205205232601994580 0.00000000099999999946 0.99794794367398020896 0.00000000099999999946 0.00000000099999999946 0.00000000099999999946 
0.00000000099999999950 0.00000000099999999950 0.77532713188522506265 0.22467286411477485619 0.00000000099999999950 0.00000000099999999950 
0.50598696751731708776 0.00000000099999999913 0.00000000099999999913 0.49401302848268308088 0.00000000099999999913 0.00000000099999999913 
0.44564570484149212959 0.00000000099999999975 0.00000000099999999975 0.00000000099999999975 0.55435429115850765047 0.00000000099999999975 
0.00000000099999999986 0.52054206803761071676 0.00000000099999999986 0.47945792796238939637 0.00000000099999999986 0.00000000099999999986 
0.50933293580000771339 0.00000000099999999916 0.00000000099999999916 0.49066706019999239974 0.00000000099999999916 0.00000000099999999916 
0.51431935217656155057 0.00000000099999999916 0.00000000099999999916 0.48568064382343839602 0.00000000099999999916 0.00000000099999999916 
0.00000000099999999937 0.99999999500000014141 0.00000000099999999937 0.00000000099999999937 0.00000000099999999937 0.00000000099999999937 
0.00000000099999999960 0.70188135021021935689 0.00000000099999999960 0.00000000099999999960 0.29811864578978070073 0.00000000099999999960 
0.00000000099999999949 0.99999999500000014141 0.00000000099999999949 0.00000000099999999949 0.00000000099999999949 0.00000000099999999949 
0.09682919160931502400 0.49895107944895467078 0.00000000099999999986 0.08633650836918128901 0.00000000099999999986 0.31788321857254925318 
0.50656054920661652829 0.00000000099999999912 0.00000000099999999912 0.49343944679338358483 0.00000000099999999912 0.00000000099999999912 
0.51490637614357126495 0.00000000099999999914 0.00000000099999999914 0.48509361985642873716 0.00000000099999999914 0.00000000099999999914 
0.00000000099999999953 0.69524529312460026098 0.00000000099999999953 0.00000000099999999953 0.30475470287539974112 0.00000000099999999953 
0.46918624870363823121 0.00000000099999999966 0.00000000099999999966 0.00000000099999999966 0.53081374729636154886 0.00000000099999999966 
0.00000000451228921529 0.00000000099999999944 0.99999999148771079316 0.00000000099999999944 0.00000000099999999944 0.00000000099999999944 
0.50043992419045590925 0.00000000099999999912 0.00000000099999999912 0.49956007180954425939 0.00000000099999999912 0.00000000099999999912 
0.48576607813528122071 0.00000000099999999940 0.00000000099999999940 0.51423391786471861487 0.00000000099999999940 0.00000000099999999940 
0.50591621139807951835 0.00000000099999999916 0.00000000099999999916 0.49408378460192053927 0.00000000099999999916 0.00000000099999999916 
0.49836762217319591217 0.00000000099999999915 0.00000000099999999915 0.50163237382680403442 0.00000000099999999915 0.00000000099999999915 
0.50634434315613463529 0.00000000099999999913 0.00000000099999999913 0.49365565284386536682 0.00000000099999999913 0.00000000099999999913 
0.00000000099999999972 0.00000000099999999972 0.00000000099999999972 0.38698143160870213109 0.00000000099999999972 0.61301856439129787102 
0.48545059778312749099 0.00000000099999999912 0.00000000099999999912 0.51454939821687251111 0.00000000099999999912 0.00000000099999999912 
0.47711845571504635233 0.00000000099999999912 0.00000000099999999912 0.52288154028495359427 0.00000000099999999912 0.00000000099999999912 
0.47679509000400110974 0.00000000099999999913 0.00000000099999999913 0.52320490599599878134 0.00000000099999999913 0.00000000099999999913 
0.49054975320778954062 0.00000000099999999912 0.00000000099999999912 0.50945024279221051700 0.00000000099999999912 0.00000000099999999912 
