0.00000000099999999944 0.00000000099999999944 0.41095083017234718126 0.00000000099999999944 0.00000000099999999944 0.58904916482765268260 0.00000000099999999944 
0.00000000099999999943 0.00000000099999999943 0.41829061997266447914 0.00000000099999999943 0.00000000099999999943 0.58170937502733544022 0.00000000099999999943 
0.00000000099999999944 0.00000000099999999944 0.41286631508942994717 0.00000000099999999944 0.00000000099999999944 0.58713367991056997219 0.00000000099999999944 
0.00000000099999999943 0.00000000099999999943 0.41641912230723265864 0.00000000099999999943 0.00000000099999999943 0.58358087269276737175 0.00000000099999999943 
0.00000000099999999955 0.00000000099999999955 0.41619230815387364686 0.00000000099999999955 0.00000000099999999955 0.58380768684612627251 0.00000000099999999955 
0.00017100557340345794 0.00000000099999999964 0.02085478982360852718 0.00000000099999999964 0.40113960219250360817 0.57783459941048431752 0.00000000099999999964 
0.01106838367899946884 0.00000000099999999999 0.17004050374282678182 0.08018091050802693409 0.00000008940989417680 0.44807433844910293796 0.29063577321114986152 
0.00000000099999999945 0.00000000099999999945 0.41502602145809153189 0.00000000099999999945 0.00000000099999999945 0.58497397354190849850 0.00000000099999999945 
0.00000000099999999945 0.00000000099999999945 0.41524232545793920979 0.00000000099999999945 0.00000000099999999945 0.58475766954206076509 0.00000000099999999945 
0.00000000099999999963 0.00000000099999999963 0.00260546450111647518 0.00000000099999999963 0.41890812075513644830 0.57848641074374707038 0.00000000099999999963 
0.00000000099999999922 0.00000000099999999922 0.00017639544905879415 0.49441524817634041611 0.50540835237460068896 0.00000000099999999922 0.00000000099999999922 
0.00000000099999999976 0.00000000099999999976 0.00000000099999999976 0.45551707002475272379 0.00000000099999999976 0.00773902699950508328 0.53674389897574215080 
0.00000000099999999976 0.50439513920331879859 0.00000000099999999976 0.00000000099999999976 0.49560485579668134282 0.00000000099999999976 0.00000000099999999976 
0.00000000099999999924 0.00000000099999999924 0.00559067552727779676 0.49640753408795568191 0.49800178638476660931 0.00000000099999999924 0.00000000099999999924 
0.00000000099999999924 0.00000000099999999924 0.00482553345184757142 0.50021536755508844152 0.49495909499306400825 0.00000000099999999924 0.00000000099999999924 
0.00000000099999999927 0.99999999400000016969 0.00000000099999999927 0.00000000099999999927 0.00000000099999999927 0.00000000099999999927 0.00000000099999999927 
0.00000000099999999957 0.67621557227838868798 0.00438197657298162232 0.00000000099999999957 0.00000000099999999957 0.00000000099999999957 0.31940244714862969788 
0.00000000099999999942 0.96571983539212502556 0.03428015960787500482 0.00000000099999999942 0.00000000099999999942 0.00000000099999999942 0.00000000099999999942 
0.28108926506344339424 0.60541842389533939706 0.00000000099999999990 0.04497444339657778734 0.00000000099999999990 0.06851786464463949233 0.00000000099999999990 
0.00000270313813810728 0.00000000099999999922 0.00003469950076548064 0.49441155355508753511 0.50555104080600887784 0.00000000099999999922 0.00000000099999999922 
0.00000000099999999922 0.00000000099999999922 0.01606462162806220756 0.49828156147624647065 0.48565381289569131695 0.00000000099999999922 0.00000000099999999922 
0.00000000099999999945 0.66402123367865550918 0.00000000099999999945 0.00000000099999999945 0.00000000099999999945 0.00000000099999999945 0.33597876132134457672 
0.00000000099999999965 0.00000000099999999965 0.00000000099999999965 0.48607507086149248643 0.00000000099999999965 0.00000000099999999965 0.51392492413850743294 
0.00000000099999999943 0.00000000099999999943 0.41094292827223422027 0.00000000099999999943 0.00000000099999999943 0.58905706672776581012 0.00000000099999999943 
0.00000000099999999921 0.00000000099999999921 0.00000000099999999921 0.48889112408616125505 0.51110887091383883085 0.00000000099999999921 0.00000000099999999921 
0.00000000099999999939 0.00000000099999999939 0.00000000099999999939 0.47558852318886568611 0.52441147181113434428 0.00000000099999999939 0.00000000099999999939 
0.00000000099999999923 0.00000000099999999923 0.00000000099999999923 0.49953174014444196027 0.50046825485555801460 0.00000000099999999923 0.00000000099999999923 
0.00000000099999999923 0.00000000099999999923 0.00000006699262367698 0.48579410031361180966 0.51420582869376463275 0.00000000099999999923 0.00000000099999999923 
0.00000000099999999922 0.00000000099999999922 0.00000000099999999922 0.49533875982118780179 0.50466123517881222860 0.00000000099999999922 0.00000000099999999922 
0.41778309775664362880 0.00000000099999999996 0.13882176441863997018 0.00000000099999999996 0.03202556168013354077 0.13755655922033471761 0.27381301492424825472 
0.50683038827916571112 0.00000000099999999921 0.47896028243469879193 0.00000000099999999921 0.01420932528613559100 0.00000000099999999921 0.00000000099999999921 
0.50744384600087499848 0.00000000099999999920 0.46217857067951156891 0.00000000099999999920 0.03037757931961347288 0.00000000099999999920 0.00000000099999999920 
0.50352753345542933250 0.00000000099999999920 0.47928988816935824691 0.00000000099999999920 0.01718257437521251985 0.00000000099999999920 0.00000000099999999920 
0.50689923561466121438 0.00000000099999999920 0.49304424048709899475 0.00000000099999999920 0.00005651989823984608 0.00000000099999999920 0.00000000099999999920 
