0.48232338697209831135 0.51767660702790185834 0.00000000099999999925 0.00000000099999999925 0.00000000099999999925 0.00000000099999999925 0.00000000099999999925 0.00000000099999999925 
0.48887214665641398614 0.51112784734358629457 0.00000000099999999925 0.00000000099999999925 0.00000000099999999925 0.00000000099999999925 0.00000000099999999925 0.00000000099999999925 
0.48785602322380111628 0.51214397077619910892 0.00000000099999999925 0.00000000099999999925 0.00000000099999999925 0.00000000099999999925 0.00000000099999999925 0.00000000099999999925 
0.48443217380092024049 0.51556782019907998471 0.00000000099999999926 0.00000000099999999926 0.00000000099999999926 0.00000000099999999926 0.00000000099999999926 0.00000000099999999926 
0.48215426086633000891 0.51784573313367010527 0.00000000099999999937 0.00000000099999999937 0.00000000099999999937 0.00000000099999999937 0.00000000099999999937 0.00000000099999999937 
0.20898603899661311045 0.44917997490064714983 0.00000000099999999950 0.00000000099999999950 0.00000000099999999950 0.00000000099999999950 0.34183398110273977011 0.00000000099999999950 
0.00000000099999999970 0.46359726340502172004 0.53640273059497833863 0.00000000099999999970 0.00000000099999999970 0.00000000099999999970 0.00000000099999999970 0.00000000099999999970 
0.48213943551477617122 0.51786055848522394296 0.00000000099999999926 0.00000000099999999926 0.00000000099999999926 0.00000000099999999926 0.00000000099999999926 0.00000000099999999926 
0.48577756767217789013 0.51422242632782233507 0.00000000099999999927 0.00000000099999999927 0.00000000099999999927 0.00000000099999999927 0.00000000099999999927 0.00000000099999999927 
0.20140108545744367374 0.44624569743463732285 0.00000000099999999948 0.00000000099999999948 0.00000000099999999948 0.00000000099999999948 0.35235321210791903379 0.00000000099999999948 
0.00000000099999999882 0.00000000099999999882 0.00000000099999999882 0.00000000099999999882 0.00000000099999999882 0.00000000099999999882 0.99999999299999986491 0.00000000099999999882 
0.49490509872117705026 0.00000000099999999951 0.00000000099999999951 0.00000000099999999951 0.00000000099999999951 0.00000000099999999951 0.00000000099999999951 0.50509489527882267534 
0.00000000099999999900 0.00000000099999999900 0.00000000099999999900 0.00000000099999999900 0.00000000099999999900 0.99999999299999997593 0.00000000099999999900 0.00000000099999999900 
0.00000000099999999888 0.00000000099999999888 0.00000000099999999888 0.00000000099999999888 0.00000000099999999888 0.00000000099999999888 0.99999999299999986491 0.00000000099999999888 
0.00000000099999999887 0.00000000099999999887 0.00000000099999999887 0.00000000099999999887 0.00000000099999999887 0.00000000099999999887 0.99999999299999986491 0.00000000099999999887 
0.00000000099999999923 0.00000000099999999923 0.00000000099999999923 0.00000000099999999923 0.99999999299999997593 0.00000000099999999923 0.00000000099999999923 0.00000000099999999923 
0.00000000099999999932 0.00000000099999999932 0.00000000099999999932 0.00000000099999999932 0.67346141397606451573 0.00000000099999999932 0.00000000099999999932 0.32653858002393554294 
0.00000000099999999932 0.00000000099999999932 0.00000000099999999932 0.00000000099999999932 0.99999999300000008695 0.00000000099999999932 0.00000000099999999932 0.00000000099999999932 
0.00000000099999999980 0.00000000099999999980 0.39888288646878794497 0.00035257662840445343 0.50666970353984652764 0.03522183486711291667 0.05887299549584810304 0.00000000099999999980 
0.00000000099999999882 0.00000000099999999882 0.00000000099999999882 0.00000000099999999882 0.00000000099999999882 0.00000000099999999882 0.99999999299999986491 0.00000000099999999882 
0.00000000099999999886 0.00000000099999999886 0.00000000099999999886 0.00000000099999999886 0.00000000099999999886 0.00000000099999999886 0.99999999299999986491 0.00000000099999999886 
0.00000000099999999923 0.00000000099999999923 0.00000000099999999923 0.00000000099999999923 0.66341621155902630314 0.00000000099999999923 0.00000000099999999923 0.33658378244097370002 
0.48600454102524554001 0.00000000099999999947 0.00000000099999999947 0.00000000099999999947 0.00000000099999999947 0.00000000099999999947 0.00000000099999999947 0.51399545297475424110 
0.48548349540181057193 0.51451649859818970878 0.00000000099999999924 0.00000000099999999924 0.00000000099999999924 0.00000000099999999924 0.00000000099999999924 0.00000000099999999924 
0.00000000099999999881 0.00000000099999999881 0.00000000099999999881 0.00000000099999999881 0.00000000099999999881 0.00000000099999999881 0.99999999299999997593 0.00000000099999999881 
0.00000000099999999919 0.00000000099999999919 0.00000000099999999919 0.00000000099999999919 0.00000000099999999919 0.00000000099999999919 0.99999999299999997593 0.00000000099999999919 
0.00000000099999999887 0.00000000099999999887 0.00000000099999999887 0.00000000099999999887 0.00000000099999999887 0.00000000099999999887 0.99999999299999997593 0.00000000099999999887 
0.00000000099999999886 0.00000000099999999886 0.00000000099999999886 0.00000000099999999886 0.00000000099999999886 0.00000000099999999886 0.99999999299999986491 0.00000000099999999886 
0.00000000099999999883 0.00000000099999999883 0.00000000099999999883 0.00000000099999999883 0.00000000099999999883 0.00000000099999999883 0.99999999299999997593 0.00000000099999999883 
0.00000000099999999933 0.00000000099999999933 0.00000000099999999933 0.99999999299999997593 0.00000000099999999933 0.00000000099999999933 0.00000000099999999933 0.00000000099999999933 
0.00000000099999999881 0.00000000099999999881 0.00000000099999999881 0.00000000099999999881 0.00000000099999999881 0.00000000099999999881 0.99999999299999986491 0.00000000099999999881 
0.00000000099999999881 0.00000000099999999881 0.00000000099999999881 0.00000000099999999881 0.00000000099999999881 0.00000000099999999881 0.99999999299999986491 0.00000000099999999881 
0.00000000099999999883 0.00000000099999999883 0.00000000099999999883 0.00000000099999999883 0.00000000099999999883 0.00000000099999999883 0.99999999299999997593 0.00000000099999999883 
0.00000000099999999881 0.00000000099999999881 0.00000000099999999881 0.00000000099999999881 0.00000000099999999881 0.00000000099999999881 0.99999999299999997593 0.00000000099999999881 
