0.00000000099999999922 0.00000000099999999922 0.57850004512388519817 0.00000000099999999922 0.00000000099999999922 0.00000000099999999922 0.42149994787611488878 0.00000000099999999922 0.00000000099999999922 
0.00000000099999999922 0.00000000099999999922 0.57208682410278999253 0.00000000099999999922 0.00000000099999999922 0.00000000099999999922 0.42791316889721003891 0.00000000099999999922 0.00000000099999999922 
0.00000000099999999921 0.00000000099999999921 0.57347416496016112575 0.00000000099999999921 0.00000000099999999921 0.00000000099999999921 0.42652582803983901671 0.00000000099999999921 0.00000000099999999921 
0.00000000099999999923 0.00000000099999999923 0.57695156229127697589 0.00000000099999999923 0.00000000099999999923 0.00000000099999999923 0.42304843070872311106 0.00000000099999999923 0.00000000099999999923 
0.00000000099999999938 0.00000000099999999938 0.57917239373239159939 0.00000000099999999938 0.00000000099999999938 0.00000000099999999938 0.42082759926760837654 0.00000000099999999938 0.00000000099999999938 
0.00000000099999999939 0.00000000099999999939 0.59196307216482535463 0.00000000099999999939 0.00000000099999999939 0.00000000099999999939 0.00305314359838795542 0.00000000099999999939 0.40498377823678671783 
0.00000000099999999978 0.00000000099999999978 0.40341438170599552837 0.00000000099999999978 0.00000000099999999978 0.38746838382228299125 0.20911722847172131701 0.00000000099999999978 0.00000000099999999978 
0.00000000099999999925 0.00000000099999999925 0.57909041736992172833 0.00000000099999999925 0.00000000099999999925 0.00000000099999999925 0.42090957563007830311 0.00000000099999999925 0.00000000099999999925 
0.00000000099999999924 0.00000000099999999924 0.57472502217737175823 0.00000000099999999924 0.00000000099999999924 0.00000000099999999924 0.42527497082262821770 0.00000000099999999924 0.00000000099999999924 
0.00000000099999999936 0.00000000099999999936 0.58797364986385136643 0.00000000099999999936 0.00000000099999999936 0.00000000099999999936 0.00000000099999999936 0.00000000099999999936 0.41202634313614872053 
0.49540072823420983061 0.00906659632558134455 0.00000000099999999888 0.00000000099999999888 0.00000000099999999888 0.00000000099999999888 0.00000000099999999888 0.00000000099999999888 0.49553266944020896156 
0.00000000099999999946 0.00000000099999999946 0.00000000099999999946 0.00000000099999999946 0.00000000099999999946 0.00000000099999999946 0.48562448639027300246 0.51437550660972697347 0.00000000099999999946 
0.00000000099999999899 0.00000000099999999899 0.00000000099999999899 0.99999999200000000421 0.00000000099999999899 0.00000000099999999899 0.00000000099999999899 0.00000000099999999899 0.00000000099999999899 
0.45348528748125421783 0.08744065872547697460 0.00000000099999999892 0.00000000099999999892 0.00000000099999999892 0.00000000099999999892 0.00000000099999999892 0.00000000099999999892 0.45907404779326893562 
0.49479508691111351304 0.00117652601854685481 0.00000000099999999891 0.00000000099999999891 0.00000000099999999891 0.00000000099999999891 0.00000000099999999891 0.00000000099999999891 0.50402838107033953730 
0.00000000099999999920 0.00000000099999999920 0.00000000099999999920 0.00000000099999999920 0.99999999200000011523 0.00000000099999999920 0.00000000099999999920 0.00000000099999999920 0.00000000099999999920 
0.00000000099999999933 0.00000000099999999933 0.00000000099999999933 0.00000000099999999933 0.67751318792572079452 0.00000000099999999933 0.00000000099999999933 0.32248680507427923692 0.00000000099999999933 
0.03814358387581071042 0.00000000099999999927 0.00000000099999999927 0.00000000099999999927 0.96185640912418934878 0.00000000099999999927 0.00000000099999999927 0.00000000099999999927 0.00000000099999999927 
0.00000000099999999978 0.00000000099999999978 0.00000000099999999978 0.00000000099999999978 0.50313368672179969998 0.23579478973572967626 0.05368316122382425781 0.00000000099999999978 0.20738835731864627143 
0.38096282862233682431 0.23840942648467977616 0.00000000099999999887 0.00000000099999999887 0.00000000099999999887 0.00000000099999999887 0.00000000099999999887 0.00000000099999999887 0.38062773889298362473 
0.49266644284313970692 0.00088194444841869037 0.00000000099999999890 0.00000000099999999890 0.00000000099999999890 0.00000000099999999890 0.00000000099999999890 0.00000000099999999890 0.50645160670844158179 
0.00000000099999999919 0.00000000099999999919 0.00000000099999999919 0.00000000099999999919 0.66738137146981402203 0.00000000099999999919 0.00000000099999999919 0.33261862153018600941 0.00000000099999999919 
0.00000000099999999943 0.00000000099999999943 0.00000000099999999943 0.00000000099999999943 0.00000000099999999943 0.00000000099999999943 0.47944706625619953888 0.52055292674380038154 0.00000000099999999943 
0.00000000099999999921 0.00000000099999999921 0.57518365454698783257 0.00000000099999999921 0.00000000099999999921 0.00000000099999999921 0.42481633845301219887 0.00000000099999999921 0.00000000099999999921 
0.47325277478711330614 0.03480320507216831671 0.00000000099999999887 0.00000000099999999887 0.00000000099999999887 0.00000000099999999887 0.00000000099999999887 0.00000000099999999887 0.49194401414071858847 
0.52302299463405754754 0.00000000099999999907 0.00000000099999999907 0.00000000099999999907 0.00000000099999999907 0.00000000099999999907 0.00000000099999999907 0.00000000099999999907 0.47697699836594253942 
0.50784093223289306085 0.00000000099999999889 0.00000000099999999889 0.00000000099999999889 0.00000000099999999889 0.00000000099999999889 0.00000000099999999889 0.00000000099999999889 0.49215906076710719264 
0.50365900981709921247 0.00000000099999999889 0.00000000099999999889 0.00000000099999999889 0.00000000099999999889 0.00000000099999999889 0.00000000099999999889 0.00000000099999999889 0.49634098318290092999 
0.50138227060915518951 0.00000000826990703267 0.00000000099999999887 0.00000000099999999887 0.00000000099999999887 0.00000000099999999887 0.00000000099999999887 0.00000000099999999887 0.49861771512093777670 
0.00000000099999999961 0.47183549093235743754 0.00000000099999999961 0.00000000099999999961 0.00000000099999999961 0.52816450206764242736 0.00000000099999999961 0.00000000099999999961 0.00000000099999999961 
0.00000000099999999883 0.99999999200000000421 0.00000000099999999883 0.00000000099999999883 0.00000000099999999883 0.00000000099999999883 0.00000000099999999883 0.00000000099999999883 0.00000000099999999883 
0.00000000099999999881 0.99999999200000011523 0.00000000099999999881 0.00000000099999999881 0.00000000099999999881 0.00000000099999999881 0.00000000099999999881 0.00000000099999999881 0.00000000099999999881 
0.00000000099999999883 0.99999999200000011523 0.00000000099999999883 0.00000000099999999883 0.00000000099999999883 0.00000000099999999883 0.00000000099999999883 0.00000000099999999883 0.00000000099999999883 
0.00000000099999999882 0.99999999200000000421 0.00000000099999999882 0.00000000099999999882 0.00000000099999999882 0.00000000099999999882 0.00000000099999999882 0.00000000099999999882 0.00000000099999999882 
