0.00000000099999999907 0.00000000099999999907 0.00000000099999999907 0.00000000099999999907 0.00000000099999999907 0.00000000099999999907 0.00000000099999999907 0.99999999099999992147 0.00000000099999999907 0.00000000099999999907 
0.00000000099999999905 0.00000000099999999905 0.00000000099999999905 0.00000000099999999905 0.00000000099999999905 0.00000000099999999905 0.00000000099999999905 0.99999999099999992147 0.00000000099999999905 0.00000000099999999905 
0.00000000099999999899 0.00000000099999999899 0.00000000099999999899 0.00000000099999999899 0.00000000099999999899 0.00000000099999999899 0.00000000099999999899 0.99999999099999981045 0.00000000099999999899 0.00000000099999999899 
0.10237109301315669430 0.06586397009382576051 0.04485745819743063023 0.00000000100000000000 0.09047077717671278552 0.00000000100000000000 0.00000000100000000000 0.00004433737514669459 0.66236169737116168399 0.03403066377256580566 
0.10938092676282522298 0.04215182636740189004 0.04305232012401374181 0.00000000100000000000 0.09862258470294384127 0.00000000100000000000 0.00000000100000000000 0.00006610491420458862 0.66159884803796864539 0.04512738609064201323 
0.00000000099999999950 0.00000000099999999950 0.99999999100000003249 0.00000000099999999950 0.00000000099999999950 0.00000000099999999950 0.00000000099999999950 0.00000000099999999950 0.00000000099999999950 0.00000000099999999950 
0.00000000099999999979 0.00000000099999999979 0.99999999100000003249 0.00000000099999999979 0.00000000099999999979 0.00000000099999999979 0.00000000099999999979 0.00000000099999999979 0.00000000099999999979 0.00000000099999999979 
0.02275454737696807825 0.00000000099999999998 0.77478172674522749475 0.00000000099999999998 0.01585020346000982905 0.00000000099999999998 0.00000000099999999998 0.02468113635419023205 0.12263840712304768799 0.03929397494055662104 
0.00000000099999999962 0.00000000099999999962 0.99999999100000003249 0.00000000099999999962 0.00000000099999999962 0.00000000099999999962 0.00000000099999999962 0.00000000099999999962 0.00000000099999999962 0.00000000099999999962 
0.00000000099999999969 0.00000000099999999969 0.99999999100000014352 0.00000000099999999969 0.00000000099999999969 0.00000000099999999969 0.00000000099999999969 0.00000000099999999969 0.00000000099999999969 0.00000000099999999969 
0.00000000099999999983 0.00000000099999999983 0.99999999100000014352 0.00000000099999999983 0.00000000099999999983 0.00000000099999999983 0.00000000099999999983 0.00000000099999999983 0.00000000099999999983 0.00000000099999999983 
0.00983302429213307565 0.02123244312597087971 0.77885878719745671450 0.00000000099999999998 0.00239564538851994892 0.00000000099999999998 0.00000000099999999998 0.02309254050742532913 0.13118435243188480976 0.03340320405660934799 
0.00000000099999999953 0.00000000099999999953 0.99999999100000003249 0.00000000099999999953 0.00000000099999999953 0.00000000099999999953 0.00000000099999999953 0.00000000099999999953 0.00000000099999999953 0.00000000099999999953 
0.00000000099999999982 0.00000000099999999982 0.99999999100000014352 0.00000000099999999982 0.00000000099999999982 0.00000000099999999982 0.00000000099999999982 0.00000000099999999982 0.00000000099999999982 0.00000000099999999982 
0.02975830102574763755 0.00310674333820077676 0.80143481301842145470 0.00000000099999999998 0.00000000099999999998 0.00000000099999999998 0.00000000099999999998 0.03970578932843921854 0.10194474561749412855 0.02404960367169679120 
0.00000000099999999990 0.00000000099999999990 0.00000000099999999990 0.25307663190925105967 0.00000000099999999990 0.00650364315403918064 0.00000000099999999990 0.00000000099999999990 0.74041971793670946500 0.00000000099999999990 
0.03140156017188895643 0.00000000100000000000 0.05445959413939274740 0.55187369043446754535 0.00000000100000000000 0.12954950955112370936 0.08040038400758078851 0.09175268745662273906 0.05004151595091504978 0.01052105628800837148 
0.00000000099999999989 0.00000000099999999989 0.00000000099999999989 0.99999999100000003249 0.00000000099999999989 0.00000000099999999989 0.00000000099999999989 0.00000000099999999989 0.00000000099999999989 0.00000000099999999989 
0.00000000099999999989 0.00000000099999999989 0.00000000099999999989 0.99999999100000014352 0.00000000099999999989 0.00000000099999999989 0.00000000099999999989 0.00000000099999999989 0.00000000099999999989 0.00000000099999999989 
0.00000000099999999991 0.00000000099999999991 0.00000000099999999991 0.99999999100000003249 0.00000000099999999991 0.00000000099999999991 0.00000000099999999991 0.00000000099999999991 0.00000000099999999991 0.00000000099999999991 
0.00000000099999999994 0.00000000099999999994 0.00000000099999999994 0.96619936167131492688 0.00000000099999999994 0.00000000099999999994 0.03380063032868509121 0.00000000099999999994 0.00000000099999999994 0.00000000099999999994 
0.00000000099999999994 0.00000000099999999994 0.00000000099999999994 0.68031049957370381964 0.00000000099999999994 0.00000000099999999994 0.31968949242629624008 0.00000000099999999994 0.00000000099999999994 0.00000000099999999994 
0.04047612777897324765 0.00000000100000000000 0.00000000100000000000 0.74618668792451814387 0.00000159266324190751 0.08078454919602255646 0.00498761411826634596 0.01676820214975097145 0.11079522316922656155 0.00000000100000000000 
0.00000000099999999985 0.00000000099999999985 0.00000000099999999985 0.89457394989443794753 0.00000000099999999985 0.10542604210556227873 0.00000000099999999985 0.00000000099999999985 0.00000000099999999985 0.00000000099999999985 
0.00000000099999999988 0.00000000099999999988 0.00000000099999999988 0.92310862060017884190 0.00000000099999999988 0.07689137139982123170 0.00000000099999999988 0.00000000099999999988 0.00000000099999999988 0.00000000099999999988 
0.00859566932147654700 0.00000000099999999999 0.00000000099999999999 0.75322696410186518179 0.00000000099999999999 0.13721466471805437992 0.00000000134624814948 0.00000000099999999999 0.09423660408567090252 0.00672609242668499412 
0.00000000099999999992 0.00000000099999999992 0.00000000099999999992 0.86006797172992777156 0.00000000099999999992 0.13993202027007220489 0.00000000099999999992 0.00000000099999999992 0.00000000099999999992 0.00000000099999999992 
0.00000000099999999994 0.00000000099999999994 0.00000000099999999994 0.82088007282674246845 0.00000000099999999994 0.11390053047008143194 0.00000000099999999994 0.00000000099999999994 0.06521938970317604778 0.00000000099999999994 
0.11041117615355540427 0.03139507540556835813 0.15758056971189862705 0.00000000099999999996 0.02670640079885891818 0.00000000099999999996 0.00000000099999999996 0.01298111266006866243 0.59281461899754617217 0.06811104327250376567 
0.99999999100000025454 0.00000000099999999960 0.00000000099999999960 0.00000000099999999960 0.00000000099999999960 0.00000000099999999960 0.00000000099999999960 0.00000000099999999960 0.00000000099999999960 0.00000000099999999960 
0.99999999100000025454 0.00000000099999999961 0.00000000099999999961 0.00000000099999999961 0.00000000099999999961 0.00000000099999999961 0.00000000099999999961 0.00000000099999999961 0.00000000099999999961 0.00000000099999999961 
0.99999999100000025454 0.00000000099999999968 0.00000000099999999968 0.00000000099999999968 0.00000000099999999968 0.00000000099999999968 0.00000000099999999968 0.00000000099999999968 0.00000000099999999968 0.00000000099999999968 
0.99999999100000025454 0.00000000099999999969 0.00000000099999999969 0.00000000099999999969 0.00000000099999999969 0.00000000099999999969 0.00000000099999999969 0.00000000099999999969 0.00000000099999999969 0.00000000099999999969 
0.99999999100000025454 0.00000000099999999973 0.00000000099999999973 0.00000000099999999973 0.00000000099999999973 0.00000000099999999973 0.00000000099999999973 0.00000000099999999973 0.00000000099999999973 0.00000000099999999973 
0.99999999100000014352 0.00000000099999999940 0.00000000099999999940 0.00000000099999999940 0.00000000099999999940 0.00000000099999999940 0.00000000099999999940 0.00000000099999999940 0.00000000099999999940 0.00000000099999999940 
0.99999999100000014352 0.00000000099999999944 0.00000000099999999944 0.00000000099999999944 0.00000000099999999944 0.00000000099999999944 0.00000000099999999944 0.00000000099999999944 0.00000000099999999944 0.00000000099999999944 
0.17156815726345070461 0.00000000099999999993 0.12878684451883998241 0.12647505804495290382 0.00000000099999999993 0.00000000099999999993 0.05374335750831945452 0.51942657766443689482 0.00000000099999999993 0.00000000099999999993 
0.17840363101961617676 0.01621458569066137195 0.12495385685472586157 0.24728658726478294771 0.00402431312504208591 0.00000000099999999999 0.03663162283940140512 0.35997175722344054716 0.00121187656481620614 0.03130176841751340644 
0.15803692691317516861 0.00000000099999999996 0.14092410105800753928 0.13418970773487395864 0.00000000099999999996 0.00000000099999999996 0.03781947610976196805 0.48738447026279030361 0.00000000099999999996 0.04164531392139109167 
0.00997970691617289414 0.00000000099999999997 0.00000000099999999997 0.00000000099999999997 0.00000000099999999997 0.14643348927221588873 0.00000000099999999997 0.00000000099999999997 0.84358679681161119479 0.00000000099999999997 
0.00000000099999999997 0.00000000099999999997 0.00000000099999999997 0.00000000099999999997 0.00000000099999999997 0.17219525552557510273 0.00000000099999999997 0.00000000099999999997 0.82780473647442476270 0.00000000099999999997 
0.10274319644572876831 0.00851435754870784670 0.05731312232922931155 0.18451622944397932935 0.01682246863411383797 0.09957228456701262831 0.00000000255244219091 0.01960798642341314221 0.47720168557739567339 0.03370866647797720467 
0.07066744414398375140 0.02254508061001070721 0.05164025561397203590 0.19076035183594775013 0.00000000100000000000 0.15167236223561963993 0.00000000100000000000 0.00640321888210468489 0.47298742645993863132 0.03332385821842276385 
0.00000000099999999991 0.00000000099999999991 0.00000000099999999991 0.45573883871259618372 0.00000000099999999991 0.50645216496833833641 0.00000000099999999991 0.00000000099999999991 0.03780898931906547661 0.00000000099999999991 
0.00000000099999999924 0.00000000099999999924 0.00000000099999999924 0.00000000099999999924 0.00000000099999999924 0.99999999100000014352 0.00000000099999999924 0.00000000099999999924 0.00000000099999999924 0.00000000099999999924 
0.00000000099999999925 0.00000000099999999925 0.00000000099999999925 0.00000000099999999925 0.00000000099999999925 0.99999999100000003249 0.00000000099999999925 0.00000000099999999925 0.00000000099999999925 0.00000000099999999925 
0.00000000099999999923 0.00000000099999999923 0.00000000099999999923 0.00000000099999999923 0.00000000099999999923 0.99999999100000014352 0.00000000099999999923 0.00000000099999999923 0.00000000099999999923 0.00000000099999999923 
0.08294627222758232943 0.00600462514946631040 0.04497730855194917443 0.19807512212287345377 0.01828286502824815266 0.13765627106231001497 0.00000000100000000000 0.02427808250352247316 0.45170447330976798428 0.03607497904427995478 
0.00000000099999999995 0.00000000099999999995 0.04909440264828596884 0.62711588271451268461 0.00000000099999999995 0.09781568322556052908 0.10377834606762799396 0.12219568034401280532 0.00000000099999999995 0.00000000099999999995 
0.04007254583414399801 0.00732565533479084298 0.00000000099999999997 0.13593774550705342574 0.00568439871854239682 0.09262244773776849571 0.00000000099999999997 0.00000000099999999997 0.69160075586986347052 0.02675644799783742991 
0.00000000099999999990 0.00000000099999999990 0.00000000099999999990 0.44459622369354062643 0.00000000099999999990 0.53005941520626642660 0.00000000099999999990 0.00000000099999999990 0.02534435410019283963 0.00000000099999999990 
0.00997914616392481593 0.00000000100000000000 0.03140165785981271357 0.56746274336199820088 0.00000000100000000000 0.12362631934654810806 0.03333377272278797987 0.09290315240686915221 0.12712019068461280491 0.01417301545344620481 
0.04857459950129529302 0.00965084435115946652 0.07209644890859351340 0.36559771403518198651 0.00433696118038834171 0.10661125547241719069 0.05878485358459665383 0.11841657677184778963 0.18551005727041341986 0.03042068892410625461 
0.07921140359955995691 0.00877069278963844498 0.07184965306832963305 0.15826868250510253699 0.02444434706359179324 0.12550219930948811053 0.00000000100000000000 0.01163059591888069427 0.48374551256230091667 0.03657691218310783060 
0.00000000099999999995 0.00000000099999999995 0.00000000099999999995 0.41143659808062271743 0.00000000099999999995 0.45230037975636472325 0.00000000099999999995 0.00000000099999999995 0.13626301516301259076 0.00000000099999999995 
0.00000000099999999990 0.00000000099999999990 0.00000000099999999990 0.44879312199010579221 0.00000000099999999990 0.51068209442012191257 0.00000000099999999990 0.00000000099999999990 0.04052477658977224340 0.00000000099999999990 
0.00000000099999999973 0.00000000099999999973 0.00000000099999999973 0.00000000099999999973 0.00000000099999999973 0.99999999100000003249 0.00000000099999999973 0.00000000099999999973 0.00000000099999999973 0.00000000099999999973 
0.01169667754270269262 0.00000000099999999998 0.00000000099999999998 0.00000000099999999998 0.00000000099999999998 0.07784173896605199594 0.00000000099999999998 0.08436273750248057812 0.80068582827086154374 0.02541301271790325639 
0.01831879079524373344 0.00094211375622972084 0.00000000099999999999 0.00000000099999999999 0.00255100210989165667 0.06589408020641321362 0.00000000099999999999 0.07588220638302875520 0.81442712524794014239 0.02198467850125274473 
0.12833233137668634272 0.01722997371676394593 0.07167492412179696237 0.24408628291035666669 0.01966466602553990431 0.03272270762669444305 0.00000000100000000000 0.02771808493314533578 0.41211785044160337277 0.04645317784741299222 
0.00000000099999999977 0.00000000099999999977 0.00000000099999999977 0.85744079450737753501 0.00000000099999999977 0.00000000099999999977 0.00000000099999999977 0.14255919749262244145 0.00000000099999999977 0.00000000099999999977 
0.03726854105583768395 0.00000000099999999997 0.00000000099999999997 0.03685222837173851573 0.00173711798434983324 0.02571026469286821076 0.00000000099999999997 0.00000000099999999997 0.86101349680830530087 0.03741834708690056077 
0.05393162444013269857 0.00000000099999999999 0.00000000099999999999 0.00000000099999999999 0.00390292392972340762 0.11563067935549778409 0.00000000099999999999 0.00000000099999999999 0.82653476627464605997 0.00000000099999999999 
0.00000000099999999971 0.00000000099999999971 0.99999999100000014352 0.00000000099999999971 0.00000000099999999971 0.00000000099999999971 0.00000000099999999971 0.00000000099999999971 0.00000000099999999971 0.00000000099999999971 
0.00000000099999999968 0.00000000099999999968 0.99999999100000014352 0.00000000099999999968 0.00000000099999999968 0.00000000099999999968 0.00000000099999999968 0.00000000099999999968 0.00000000099999999968 0.00000000099999999968 
0.00000000099999999923 0.00000000099999999923 0.00000000099999999923 0.00000000099999999923 0.00000000099999999923 0.00000000099999999923 0.00000000099999999923 0.00000000099999999923 0.00000000099999999923 0.99999999099999992147 
0.00000000099999999915 0.00000000099999999915 0.00000000099999999915 0.00000000099999999915 0.00000000099999999915 0.00000000099999999915 0.99999999100000003249 0.00000000099999999915 0.00000000099999999915 0.00000000099999999915 
0.00000000099999999901 0.00000000099999999901 0.00000000099999999901 0.00000000099999999901 0.00000000099999999901 0.00000000099999999901 0.99999999099999992147 0.00000000099999999901 0.00000000099999999901 0.00000000099999999901 
0.00000000099999999915 0.00000000099999999915 0.00000000099999999915 0.00000000099999999915 0.00000000099999999915 0.00000000099999999915 0.99999999099999992147 0.00000000099999999915 0.00000000099999999915 0.00000000099999999915 
0.00000000099999999994 0.00000000099999999994 0.00000000099999999994 0.58909754164943839427 0.00000000099999999994 0.00000000099999999994 0.41090245035056160994 0.00000000099999999994 0.00000000099999999994 0.00000000099999999994 
0.00000000099999999994 0.00000000099999999994 0.00000000099999999994 0.59189800855739049812 0.00000000099999999994 0.00000000099999999994 0.40810198344260945058 0.00000000099999999994 0.00000000099999999994 0.00000000099999999994 
0.27319224711093648139 0.01821703656713690930 0.12091367223912879991 0.06056062455179914150 0.00860285589300551976 0.00000000100000000000 0.00369370484453247685 0.09950243953749420001 0.35437072826019755389 0.06094668999576881296 
0.00000000099999999920 0.00000000099999999920 0.00000000099999999920 0.00000000099999999920 0.00000000099999999920 0.00000000099999999920 0.00000000099999999920 0.99999999100000003249 0.00000000099999999920 0.00000000099999999920 
0.00000000099999999923 0.00000000099999999923 0.00000000099999999923 0.00000000099999999923 0.00000000099999999923 0.00000000099999999923 0.00000000099999999923 0.99999999100000003249 0.00000000099999999923 0.00000000099999999923 
0.00000000099999999930 0.00000000099999999930 0.00000000099999999930 0.00000000099999999930 0.00000000099999999930 0.00000000099999999930 0.00000000099999999930 0.99999999099999992147 0.00000000099999999930 0.00000000099999999930 
0.00000000099999999909 0.00000000099999999909 0.00000000099999999909 0.00000000099999999909 0.00000000099999999909 0.00000000099999999909 0.00000000099999999909 0.99999999099999992147 0.00000000099999999909 0.00000000099999999909 
0.00000000099999999912 0.00000000099999999912 0.00000000099999999912 0.00000000099999999912 0.00000000099999999912 0.00000000099999999912 0.00000000099999999912 0.99999999099999992147 0.00000000099999999912 0.00000000099999999912 
0.00000000099999999908 0.00000000099999999908 0.00000000099999999908 0.00000000099999999908 0.00000000099999999908 0.00000000099999999908 0.00000000099999999908 0.99999999099999992147 0.00000000099999999908 0.00000000099999999908 
0.00000000099999999840 0.99999999100000003249 0.00000000099999999840 0.00000000099999999840 0.00000000099999999840 0.00000000099999999840 0.00000000099999999840 0.00000000099999999840 0.00000000099999999840 0.00000000099999999840 
0.00000000099999999824 0.99999999100000003249 0.00000000099999999824 0.00000000099999999824 0.00000000099999999824 0.00000000099999999824 0.00000000099999999824 0.00000000099999999824 0.00000000099999999824 0.00000000099999999824 
0.00000000099999999837 0.00000000099999999837 0.00000000099999999837 0.00000000099999999837 0.99999999099999992147 0.00000000099999999837 0.00000000099999999837 0.00000000099999999837 0.00000000099999999837 0.00000000099999999837 
0.00000000099999999835 0.00000000099999999835 0.00000000099999999835 0.00000000099999999835 0.99999999099999992147 0.00000000099999999835 0.00000000099999999835 0.00000000099999999835 0.00000000099999999835 0.00000000099999999835 
0.17734764386076595777 0.00000000099999999968 0.00000000099999999968 0.00000000099999999968 0.82265234813923404644 0.00000000099999999968 0.00000000099999999968 0.00000000099999999968 0.00000000099999999968 0.00000000099999999968 
0.00000000099999999836 0.99999999100000014352 0.00000000099999999836 0.00000000099999999836 0.00000000099999999836 0.00000000099999999836 0.00000000099999999836 0.00000000099999999836 0.00000000099999999836 0.00000000099999999836 
0.00000000099999999852 0.00000000099999999852 0.00000000099999999852 0.00000000099999999852 0.99999999099999992147 0.00000000099999999852 0.00000000099999999852 0.00000000099999999852 0.00000000099999999852 0.00000000099999999852 
0.00000000099999999887 0.50196871108168605868 0.00000000099999999887 0.00000000099999999887 0.49803128091831411206 0.00000000099999999887 0.00000000099999999887 0.00000000099999999887 0.00000000099999999887 0.00000000099999999887 
0.00000000099999999885 0.51029529231845949244 0.00000000099999999885 0.00000000099999999885 0.48970469968154051177 0.00000000099999999885 0.00000000099999999885 0.00000000099999999885 0.00000000099999999885 0.00000000099999999885 
0.00000000099999999878 0.52355535586658663583 0.00000000099999999878 0.00000000099999999878 0.47644463613341353492 0.00000000099999999878 0.00000000099999999878 0.00000000099999999878 0.00000000099999999878 0.00000000099999999878 
0.00000000099999999882 0.50667079174548756981 0.00000000099999999882 0.00000000099999999882 0.49332920025451248991 0.00000000099999999882 0.00000000099999999882 0.00000000099999999882 0.00000000099999999882 0.00000000099999999882 
0.00000000099999999882 0.49404600609378573894 0.00000000099999999882 0.00000000099999999882 0.50595398590621420976 0.00000000099999999882 0.00000000099999999882 0.00000000099999999882 0.00000000099999999882 0.00000000099999999882 
0.00000000099999999891 0.47280731137928516672 0.00000000099999999891 0.00000000099999999891 0.52719268062071467096 0.00000000099999999891 0.00000000099999999891 0.00000000099999999891 0.00000000099999999891 0.00000000099999999891 
0.00000000099999999888 0.43996928950172053963 0.00000000099999999888 0.00000000099999999888 0.56003070249827946459 0.00000000099999999888 0.00000000099999999888 0.00000000099999999888 0.00000000099999999888 0.00000000099999999888 
0.07784770393177063708 0.00000000099999999997 0.05946941183763055500 0.75242539095105309688 0.00000000099999999997 0.00000000099999999997 0.00000000099999999997 0.07709189261190178832 0.00000000099999999997 0.03316559566764402250 
0.00000000099999999923 0.00000000099999999923 0.00000000099999999923 0.00000000099999999923 0.00000000099999999923 0.00000000099999999923 0.00000000099999999923 0.00000000099999999923 0.00000000099999999923 0.99999999100000003249 
0.00000000099999999940 0.00000000099999999940 0.00000000099999999940 0.00000000099999999940 0.00000000099999999940 0.00000000099999999940 0.00000000099999999940 0.00000000099999999940 0.00000000099999999940 0.99999999099999992147 
0.00000000099999999940 0.00000000099999999940 0.00000000099999999940 0.00000000099999999940 0.00000000099999999940 0.00000000099999999940 0.00000000099999999940 0.00000000099999999940 0.00000000099999999940 0.99999999100000003249 
0.00000000099999999975 0.00000000099999999975 0.00000000099999999975 0.00000000099999999975 0.00000000099999999975 0.00000000099999999975 0.00000000099999999975 0.00000000099999999975 0.99999999099999992147 0.00000000099999999975 
0.00000000099999999978 0.00000000099999999978 0.00000000099999999978 0.00000000099999999978 0.00000000099999999978 0.00000000099999999978 0.00000000099999999978 0.00000000099999999978 0.99999999100000003249 0.00000000099999999978 
0.00000000099999999995 0.00722269944568521872 0.00000000099999999995 0.00000000099999999995 0.00000000099999999995 0.00000000099999999995 0.00000000099999999995 0.13497673895320727588 0.85780055460110737897 0.00000000099999999995 
0.00000000099999999976 0.00000000099999999976 0.00000000099999999976 0.00000000099999999976 0.00000000099999999976 0.00000000099999999976 0.00000000099999999976 0.00000000099999999976 0.99999999099999992147 0.00000000099999999976 
0.00000000099999999976 0.00000000099999999976 0.00000000099999999976 0.00000000099999999976 0.00000000099999999976 0.00000000099999999976 0.00000000099999999976 0.00000000099999999976 0.99999999099999992147 0.00000000099999999976 
