0.00000000099999999979 0.99999999799999994554 0.00000000099999999979 
0.00000000099999999978 0.99999999800000005656 0.00000000099999999978 
0.00000000099999999977 0.99999999800000005656 0.00000000099999999977 
0.70680583246210759718 0.07129246444940529059 0.22190170308848708447 
0.71321499358259154988 0.07594659295464305238 0.21083841346276552264 
0.75093348129259740453 0.21623773436727200536 0.03282878434013074970 
0.72813539322192055714 0.22097740479958888349 0.05088720197849060101 
0.72742580973146597767 0.20619661031855263111 0.06637757994998146061 
0.74718547095233767141 0.21001039223723969029 0.04280413681042253421 
0.74352928698959308562 0.20989253051881745504 0.04657818249158957730 
0.73664438976184265506 0.21013033988300719446 0.05322527035515006721 
0.73296146706133180615 0.19266352437670827835 0.07437500856195992938 
0.74147106222427938693 0.22039664128083358285 0.03813229649488704409 
0.73637641282816135302 0.22073070880107928393 0.04289287837075952958 
0.72077511529345006380 0.22070195374678230893 0.05852293095976756482 
0.96357226318582456237 0.00000000099999999998 0.03642773581417545897 
0.84937469675633525679 0.14298090362931567543 0.00764439961434891773 
0.96251522508807751954 0.02993419825843959131 0.00755057665348283103 
0.97532980587227824376 0.01939795890540637821 0.00527223522231550033 
0.95787870308071121350 0.03268041568581074585 0.00944088123347800075 
0.91976003116908666701 0.07189088254565355329 0.00834908628525974326 
0.92290246223732241848 0.07709753666075606915 0.00000000110192153863 
0.92612131361318872358 0.05870233224579567838 0.01517635414101566396 
0.99529683928454537600 0.00470315971545460457 0.00000000099999999999 
0.98870936261597563988 0.01129063638402431208 0.00000000100000000000 
0.95461197724802893116 0.03787011808658691941 0.00751790466538424223 
0.99093001349635756458 0.00906988818180385660 0.00000009832183852665 
0.97250864949410009697 0.01983193976076706722 0.00765941074513281934 
0.77720179521689580771 0.10239836382350367416 0.12039984095960054589 
0.72728524247858583607 0.20776957455191330526 0.06494518296950088643 
0.73498700755868073831 0.19952317263359503619 0.06548981980772417000 
0.73012719337517684171 0.20603650457457453604 0.06383630205024858062 
0.73331482989783181026 0.19782332452434903125 0.06886184557781933890 
0.74505499272103881125 0.18978435370956517336 0.06516065356939609865 
0.72968515390343469118 0.20885643850193433280 0.06145840759463115643 
0.74141616107375551969 0.19113431396557614694 0.06744952496066833336 
0.35110293193951658264 0.64396140410606605986 0.00493566395441737745 
0.49807128956909318962 0.46209626814801391115 0.03983244228289287842 
0.37615189313305080754 0.60638388882444649308 0.01746421804250277918 
0.93434451063340273613 0.02368920455723512106 0.04196628480936211852 
0.92901782608179805933 0.02473496798587461465 0.04624720593232735377 
0.86472137990633346494 0.07175291641661964148 0.06352570367704689358 
0.89299278595104658596 0.05040243484195549434 0.05660477920699790583 
0.99999999800000005656 0.00000000099999999998 0.00000000099999999998 
0.99999999799999994554 0.00000000099999999995 0.00000000099999999995 
0.99999999799999994554 0.00000000099999999995 0.00000000099999999995 
0.99999999800000005656 0.00000000099999999995 0.00000000099999999995 
0.87319816865355470714 0.06847915461640415036 0.05832267673004111475 
0.82194825054150422172 0.17805174845849566778 0.00000000099999999999 
0.93162897599880345467 0.00920944817203903435 0.05916157582915750751 
0.99999999800000005656 0.00000000099999999997 0.00000000099999999997 
0.85841341423310624226 0.13080637649467455330 0.01078020927221930506 
0.79584468105465921983 0.17305270878499531828 0.03110261016034545495 
0.86800567561257035987 0.06062267158751694085 0.07137165279991265765 
0.99912571111139170110 0.00000000100000000000 0.00087428788860826126 
0.99999999799999994554 0.00000000099999999998 0.00000000099999999998 
0.99999999799999994554 0.00000000099999999997 0.00000000099999999997 
0.85506350407140419012 0.10108527957923790774 0.04385121634935779805 
0.84562424721102003033 0.09570528729203542362 0.05867046549694455299 
0.83245460045788521874 0.09178093246134547134 0.07576446708076925440 
0.76693595485667198641 0.23306404414332795860 0.00000000100000000000 
0.92854473006614690611 0.00901005731445726245 0.06244521261939579154 
0.90386315634896507998 0.03906229730294973751 0.05707454634808527272 
0.75322778879314467027 0.19206484803930012895 0.05470736316755529793 
0.72828736200301780190 0.22258687885682573726 0.04912575914015641920 
0.76425932838708754424 0.16181377021079515477 0.07392690140211725935 
0.90029751489100173778 0.09970248410899809621 0.00000000099999999999 
0.89744333396231745770 0.10255666503768248732 0.00000000099999999998 
0.87115857955374664812 0.12884141944625335241 0.00000000099999999999 
0.91157354904453968825 0.08842644995546031228 0.00000000100000000000 
0.91421890245428116817 0.08537969217571762803 0.00040140537000125085 
0.72202796678598313296 0.20164201237791837262 0.07633002083609852217 
0.00000000099999999981 0.99999999799999994554 0.00000000099999999981 
0.00000000099999999982 0.99999999799999994554 0.00000000099999999982 
0.00000000099999999983 0.99999999800000005656 0.00000000099999999983 
0.00000000099999999979 0.99999999800000005656 0.00000000099999999979 
0.00000000099999999980 0.99999999799999994554 0.00000000099999999980 
0.00000000099999999979 0.99999999800000005656 0.00000000099999999979 
0.00000000099999999975 0.00000000099999999975 0.99999999799999994554 
0.00000000099999999970 0.00000000099999999970 0.99999999799999994554 
0.00000000099999999971 0.00000000099999999971 0.99999999800000005656 
0.00000000099999999970 0.00000000099999999970 0.99999999799999994554 
0.11898280353114758234 0.03426243357336667544 0.84675476289548579079 
0.00000000099999999974 0.00000000099999999974 0.99999999799999994554 
0.00000000099999999975 0.00000000099999999975 0.99999999799999994554 
0.00000000099999999971 0.00000000099999999971 0.99999999800000005656 
0.00000000099999999971 0.00000000099999999971 0.99999999800000005656 
0.00000000099999999969 0.00000000099999999969 0.99999999800000005656 
0.00000000099999999970 0.00000000099999999970 0.99999999800000005656 
0.00000000099999999970 0.00000000099999999970 0.99999999799999994554 
0.00000000099999999972 0.00000000099999999972 0.99999999800000005656 
0.00000000099999999971 0.00000000099999999971 0.99999999799999994554 
0.82715926019475904951 0.15292504785272967305 0.01991569195251132254 
0.77060166307211019898 0.16129497770850953486 0.06810335921938021064 
0.78104760411134477316 0.15594701141361388963 0.06300538447504130946 
0.78065930079357581661 0.15470194397155459520 0.06463875523486942165 
0.94825298317664030723 0.00759969518391765287 0.04414732163944206506 
0.93935066045273707402 0.01308783885003652475 0.04756150069722640816 
0.77582772302823976851 0.15642454319367418702 0.06774773377808614161 
0.93284897132349053894 0.02850026234670284195 0.03865076632980658095 
0.92565079982576226048 0.02643522669098755801 0.04791397348325020233 
