0.00000000099999999969 0.00000000099999999969 0.00000000099999999969 0.99999999699999997382 
0.00000000099999999968 0.00000000099999999968 0.00000000099999999968 0.99999999699999997382 
0.00000000099999999966 0.00000000099999999966 0.00000000099999999966 0.99999999699999997382 
0.45942755218820952035 0.20887079415945780658 0.30947749736417640154 0.02222415628815625419 
0.46656510102497122938 0.19878410477083643948 0.30964706074067194219 0.02500373346352030568 
0.00000000099999999984 0.00000000099999999984 0.99999999699999986280 0.00000000099999999984 
0.00000000099999999993 0.00000000099999999993 0.99999999699999986280 0.00000000099999999993 
0.08805019298741713352 0.02719959775843504984 0.85090728988590769166 0.03384291936824008334 
0.00000000099999999988 0.00000000099999999988 0.99999999699999997382 0.00000000099999999988 
0.00000000099999999990 0.00000000099999999990 0.99999999699999986280 0.00000000099999999990 
0.00000000099999999994 0.00000000099999999994 0.99999999699999986280 0.00000000099999999994 
0.09229742509207292112 0.03391181238971798656 0.84461834109750000277 0.02917242142070911731 
0.00000000099999999985 0.00000000099999999985 0.99999999699999997382 0.00000000099999999985 
0.00000000099999999994 0.00000000099999999994 0.99999999699999997382 0.00000000099999999994 
0.05983098035366037071 0.01113111724621467305 0.88124611683232345616 0.04779178556780139947 
0.88487192281178728148 0.03768557255990655913 0.07744250362830625012 0.00000000099999999997 
0.76374662107832824720 0.00444810591006355484 0.10713274496302414851 0.12467252804858411364 
0.89087924017211350680 0.00507048955626695705 0.08670361353102697122 0.01734665674059241228 
0.91548762619389467687 0.00394350117089628440 0.07146311950425630888 0.00910575313095284000 
0.88352376615370986634 0.00771193322253920129 0.08896904281258120883 0.01979525781116974609 
0.84958134998255863124 0.00643634270134673531 0.08480079657308704777 0.05918151074300768977 
0.87980860281160311320 0.00000000100000000000 0.04988075132013002067 0.07031064486826706095 
0.86289686914511876115 0.01467872981245965137 0.07381063571250331967 0.04861376532991822791 
0.98373904469399642281 0.00000000100000000000 0.00995035021497559652 0.00631060409102803584 
0.95263016946803613649 0.00000000100000000000 0.03987270737819194333 0.00749712215377196841 
0.89886241176466297187 0.00737073035905260344 0.06433716845551723518 0.02942968942076723549 
0.95315839505985799907 0.00001264917794480626 0.04193637012311155626 0.00489258563908559225 
0.92984699143885751749 0.00810643528657173720 0.04787027599326609817 0.01417629728130475816 
0.51302051551436689270 0.10479909618579551223 0.33877736765992422230 0.04340302063991332421 
0.52438595088185435689 0.05608512788340110078 0.26130691195986105457 0.15822200927488358491 
0.52986039154728303835 0.05634105699510981446 0.26356609580606488175 0.15023245565154227932 
0.52488999869206853788 0.05451103844105318480 0.26485476554519893355 0.15574419732167935071 
0.53411231845665563256 0.06015607634451601571 0.25484627722319397325 0.15088532797563455889 
0.53782103734836406161 0.05585336291274406451 0.26565219010854546067 0.14067340963034646872 
0.52249505454157585405 0.05223730192890162216 0.26673201907542914979 0.15853562445409338788 
0.53230299712545425805 0.05792196503132473334 0.26927302033202304976 0.14050201751119803517 
0.17806420768010927658 0.00000000100000000000 0.23994942537698857321 0.58198636594290209523 
0.34005305189753021189 0.03137297621267126635 0.21660700308439465034 0.41196696880540384367 
0.20539686263775469577 0.00634522111618420620 0.24205018859317301017 0.54620772765288805317 
0.82587396744490526590 0.04007476900054553204 0.13183004340851081637 0.00222122014603827684 
0.84147909444617685626 0.04569446042525961843 0.10465686671259466500 0.00816957841596881347 
0.72284903916910359101 0.05857374408427676316 0.17644954006680796388 0.04212767667981170278 
0.76430241889600258887 0.05284261901384198351 0.15913202091694564344 0.02372294117320988133 
0.99999999700000008485 0.00000000099999999997 0.00000000099999999997 0.00000000099999999997 
0.99999999699999997382 0.00000000099999999991 0.00000000099999999991 0.00000000099999999991 
0.99999999699999997382 0.00000000099999999991 0.00000000099999999991 0.00000000099999999991 
0.99999999700000008485 0.00000000099999999991 0.00000000099999999991 0.00000000099999999991 
0.74744520323477936508 0.05464051494757591471 0.15556553143312343290 0.04234875038452138446 
0.74037331721425470032 0.00000000099999999999 0.10012026250300520847 0.15950641928274003623 
0.81812351339183564392 0.05672070705529542317 0.12515577855286891262 0.00000000099999999999 
0.99999999700000008485 0.00000000099999999996 0.00000000099999999996 0.00000000099999999996 
0.78452419750584678759 0.00917847265740084559 0.08953209123331808128 0.11676523860343435146 
0.68359141510385323937 0.02740229808029725350 0.14180322785003093844 0.14720305896581853400 
0.72313712370866967127 0.06638450474758025854 0.18071454296730551925 0.02976382857644443644 
0.99579739056899463368 0.00420260743100531360 0.00000000099999999999 0.00000000099999999999 
0.99999999699999997382 0.00000000099999999996 0.00000000099999999996 0.00000000099999999996 
0.99999999699999997382 0.00000000099999999995 0.00000000099999999995 0.00000000099999999995 
0.74931282874750415601 0.04162016907871699672 0.12859091562197252911 0.08047608655180625570 
0.75287059117620647175 0.05771429591915993446 0.11035609141819169299 0.07905902148644179672 
0.66928405155319592446 0.06934567186785860204 0.20484965356911932766 0.05652062300982618748 
0.68029463083585084426 0.00000000099999999999 0.10648873295831363939 0.21321663520583555851 
0.77794070825949779291 0.05739440909377557104 0.16466488164672668515 0.00000000099999999999 
0.79364451319263573659 0.05464700506262228780 0.13425943432602929772 0.01744904741871263279 
0.00000000099999999990 0.00000000099999999990 0.99999999699999986280 0.00000000099999999990 
0.00000000099999999990 0.00000000099999999990 0.99999999699999986280 0.00000000099999999990 
0.60540365825665465316 0.06789589244007727953 0.20117193159269769476 0.12552851771057041419 
0.89522889189133436627 0.00000000099999999999 0.00357503215331313358 0.10119607495535255792 
0.89508101366264836152 0.00000000099999999998 0.00000000099999999998 0.10491898433735176444 
0.85280497804890897928 0.00000000099999999999 0.01934154751738624903 0.12785347343370484507 
0.85748546542362136247 0.00000000100000000000 0.06455941214301828823 0.07795512143336041921 
0.85997099476297644838 0.00000000100000000000 0.06522059982044964288 0.07480840441657397866 
0.50320680149782959223 0.06526637771848527170 0.28280558786163995100 0.14872123292204508793 
0.00000000099999999973 0.00000000099999999973 0.00000000099999999973 0.99999999700000008485 
0.00000000099999999974 0.00000000099999999974 0.00000000099999999974 0.99999999699999997382 
0.00000000099999999976 0.00000000099999999976 0.00000000099999999976 0.99999999700000008485 
0.00000000099999999969 0.00000000099999999969 0.00000000099999999969 0.99999999699999997382 
0.00000000099999999971 0.00000000099999999971 0.00000000099999999971 0.99999999699999997382 
0.00000000099999999969 0.00000000099999999969 0.00000000099999999969 0.99999999699999997382 
0.00000000099999999964 0.99999999700000008485 0.00000000099999999964 0.00000000099999999964 
0.00000000099999999956 0.99999999699999997382 0.00000000099999999956 0.00000000099999999956 
0.00000000099999999958 0.99999999699999997382 0.00000000099999999958 0.00000000099999999958 
0.00000000099999999956 0.99999999700000008485 0.00000000099999999956 0.00000000099999999956 
0.08188025783246238865 0.84534413721133228048 0.04735170732173350078 0.02542389763447190643 
0.00000000099999999962 0.99999999700000008485 0.00000000099999999962 0.00000000099999999962 
0.00000000099999999963 0.99999999699999997382 0.00000000099999999963 0.00000000099999999963 
0.00000000099999999957 0.99999999700000008485 0.00000000099999999957 0.00000000099999999957 
0.00000000099999999956 0.99999999699999997382 0.00000000099999999956 0.00000000099999999956 
0.00000000099999999954 0.99999999699999997382 0.00000000099999999954 0.00000000099999999954 
0.00000000099999999955 0.99999999700000008485 0.00000000099999999955 0.00000000099999999955 
0.00000000099999999955 0.99999999700000008485 0.00000000099999999955 0.00000000099999999955 
0.00000000099999999958 0.99999999699999997382 0.00000000099999999958 0.00000000099999999958 
0.00000000099999999957 0.99999999699999997382 0.00000000099999999957 0.00000000099999999957 
0.68890324986162398968 0.01466513852847341898 0.17548303745019833144 0.12094857415970418357 
0.62779278751532885394 0.06339293543237017881 0.17815602876971434188 0.13065824828258673640 
0.63853489427723997274 0.05835670430917247464 0.17823021367306413065 0.12487818774052335258 
0.63329494454669410519 0.05967406942888467403 0.18408118112798327326 0.12294980489643793364 
0.83493568676103913084 0.04206271002819681609 0.12300160221076397726 0.00000000099999999999 
0.83011071149032900074 0.04565943286421076525 0.12422985464546024148 0.00000000100000000000 
0.63910372604179166434 0.06312171340940256337 0.17135221640146092170 0.12642234414734496162 
0.82309098117745571610 0.03670123827746490930 0.13282229538460471607 0.00738548516047468108 
0.82672214506698582515 0.04666635030694990527 0.11833839019754081867 0.00827311442852339193 
