0.99999999600000000211 0.00000000099999999923 0.00000000099999999923 0.00000000099999999923 0.00000000099999999923 
0.99999999600000011313 0.00000000099999999918 0.00000000099999999918 0.00000000099999999918 0.00000000099999999918 
0.99999999600000000211 0.00000000099999999918 0.00000000099999999918 0.00000000099999999918 0.00000000099999999918 
0.00432253590648749852 0.31473096392373595132 0.20860888127121715585 0.45917140265585643100 0.01316621624270308301 
0.00318218180023989352 0.31378246721827246501 0.19850664780606452897 0.46525285389204956710 0.01927584928337355147 
0.00000000099999999979 0.99999999600000000211 0.00000000099999999979 0.00000000099999999979 0.00000000099999999979 
0.00000000099999999991 0.99999999600000000211 0.00000000099999999991 0.00000000099999999991 0.00000000099999999991 
0.00267565557879903982 0.85397523198146896295 0.02713639629443224260 0.08687598821541814287 0.02933672792988171671 
0.00000000099999999984 0.99999999600000011313 0.00000000099999999984 0.00000000099999999984 0.00000000099999999984 
0.00000000099999999987 0.99999999600000011313 0.00000000099999999987 0.00000000099999999987 0.00000000099999999987 
0.00000000099999999992 0.99999999600000011313 0.00000000099999999992 0.00000000099999999992 0.00000000099999999992 
0.00349642823863295432 0.84716415036186376586 0.03380559162802588419 0.09130482244920092028 0.02422900732227649401 
0.00000000099999999981 0.99999999600000011313 0.00000000099999999981 0.00000000099999999981 0.00000000099999999981 
0.00000000099999999992 0.99999999600000011313 0.00000000099999999992 0.00000000099999999992 0.00000000099999999992 
0.00054854190705525268 0.88561960456213884019 0.01081319674430654756 0.05799302860889305605 0.04502562817760633745 
0.00000000099999999995 0.07861210842027245571 0.03764671446113200537 0.88374117511859540119 0.00000000099999999995 
0.02572606523766094583 0.10925879844736187396 0.00439577284101217575 0.76422074898080605276 0.09639861449315906272 
0.00099174883310324284 0.08771346830247939153 0.00505170634870616246 0.89074143588442966646 0.01550164063128160741 
0.00000000100000000000 0.07144188020694255958 0.00387001233230957779 0.91441276084623979159 0.01027534561450795490 
0.00000000100000000000 0.08971355006630017670 0.00764570600340608482 0.88308002099329396817 0.01956072193699970665 
0.00622066202080674268 0.08627985242960296841 0.00639984023002801439 0.84988135683543897247 0.05121828848412347812 
0.01062200857113816677 0.05109163786834406557 0.00000000100000000000 0.88046572028647174246 0.05782063227404604655 
0.01024958443045065337 0.07545224251501987667 0.01469333564586964604 0.86301884170633647031 0.03658599570232319576 
0.00000000099999999999 0.00955252980101777699 0.00000000099999999999 0.98323842862811106080 0.00720903957087123612 
0.00000000099999999999 0.03892521185503471787 0.00000000099999999999 0.95121801822666207649 0.00985676791830319456 
0.00000000100000000000 0.06459761792450983975 0.00732980277280310174 0.89864078893788912339 0.02943178936479794519 
0.00000000100000000000 0.04215839958241523328 0.00000000271589027157 0.95274212036496097600 0.00509947633673344617 
0.00000000100000000000 0.04820790586958407370 0.00807011802056683408 0.92956363522507834407 0.01415833988477071745 
0.00386151349507852376 0.34237529691310308877 0.10463111183377538094 0.51192406501139187114 0.03720801274665119784 
0.01835645405437401345 0.27092390830237284005 0.05585828319773959022 0.52159829873282659296 0.13326305571268687311 
0.02049895678466200077 0.27276396121562507258 0.05591850792811868531 0.52738281964996769346 0.12343575442162650624 
0.02473451248485689438 0.27455698168422293381 0.05416025234793730297 0.52281135787563348671 0.12373689560734932313 
0.02042668135921959366 0.26320648640698335319 0.05978828953609884728 0.53171193047913745122 0.12486661221856085180 
0.02203525559642688716 0.27509406566734789790 0.05544073965049407110 0.53553015113210933329 0.11189978795362198749 
0.01403612626094459005 0.27674684686129402689 0.05172622783519518347 0.51918229297868623284 0.13830850606387998236 
0.01061470088470428501 0.27937054289740570479 0.05742241400326862644 0.52944322828817413917 0.12314911392644718735 
0.11479661421353715145 0.25163405083392675898 0.00000000100000000000 0.17056678776735503811 0.46300254618518105199 
0.08341917326505521313 0.22326381134550951635 0.03103947455034310188 0.33869550576321760804 0.32358203507587462999 
0.09482650846667786682 0.25371043311392943442 0.00495415419457695405 0.19763230304793685810 0.44887660117687894212 
0.00077219381061295102 0.13345319873755476237 0.04000713414765849629 0.82502587354611667259 0.00074159975805713260 
0.00352087176668395164 0.10639922114710186063 0.04559149887722414168 0.84085144337393769032 0.00363696483505244724 
0.00771181692672465429 0.17925184688165374247 0.05851040865292703869 0.72214541471057080990 0.03238051282812361154 
0.00000000100000000000 0.16086624049356904043 0.05278071967880796495 0.76324369060247632124 0.02310934822514661494 
0.00000000099999999996 0.00000000099999999996 0.00000000099999999996 0.99999999599999989108 0.00000000099999999996 
0.00000000099999999987 0.00000000099999999987 0.00000000099999999987 0.99999999599999989108 0.00000000099999999987 
0.00000000099999999989 0.00000000099999999989 0.00000000099999999989 0.99999999599999989108 0.00000000099999999989 
0.00000000099999999988 0.00000000099999999988 0.00000000099999999988 0.99999999599999989108 0.00000000099999999988 
0.01281650261949057040 0.15799226445053721202 0.05456199147259509913 0.74687974203758267233 0.02774949941979431081 
0.03738794102958443999 0.10266601801869477961 0.00000000099999999999 0.74144337411715965924 0.11850266583456102454 
0.00000000099999999999 0.12653665002515154803 0.05661996403309083742 0.81684338394175748377 0.00000000099999999999 
0.00000000099999999994 0.00000000099999999994 0.00000000099999999994 0.99999999599999989108 0.00000000099999999994 
0.02624550975026792785 0.09176160802052713006 0.00914825707838980845 0.78486368150920760023 0.08798094364160755076 
0.03372725559215322688 0.14440892910985841935 0.02733266227346346430 0.68362451451466876851 0.11090663850985604810 
0.00523605838401944041 0.18303693635779827442 0.06632819400775104290 0.72242161385004632912 0.02297719740038481340 
0.00000000099999999999 0.00000000099999999999 0.00428755841820651663 0.99571243858179347974 0.00000000099999999999 
0.00000000099999999995 0.00000000099999999995 0.00000000099999999995 0.99999999600000000211 0.00000000099999999995 
0.00000000099999999993 0.00000000099999999993 0.00000000099999999993 0.99999999599999989108 0.00000000099999999993 
0.02625874075320779044 0.13109843400885140552 0.04155550359111790520 0.74909791861242069899 0.05198940303440215821 
0.01149318247788968898 0.11268712011819458085 0.05763083282673062135 0.75250698890288281184 0.06568187567430226748 
0.00957734061044875767 0.20811964699268450940 0.06922420993637698472 0.66874284135854666911 0.04433596110194316237 
0.02758920627646470683 0.11116136307850914278 0.00000000099999999999 0.68165622858508945203 0.17959320105993675787 
0.00000000099999999998 0.16618890275061887207 0.05725312144059985925 0.77655797380878122116 0.00000000099999999998 
0.00097189990857347028 0.13633080007693054725 0.05456516476537850296 0.79271834082128922461 0.01541379442782815287 
0.00000000099999999987 0.99999999600000011313 0.00000000099999999987 0.00000000099999999987 0.00000000099999999987 
0.00000000099999999987 0.99999999600000000211 0.00000000099999999987 0.00000000099999999987 0.00000000099999999987 
0.02563577400245570931 0.20759276064867396294 0.06766937944868892107 0.60501600108782427334 0.09408608481235709864 
0.01854535539575214581 0.00491597962087622284 0.00000000099999999999 0.89706052598821151012 0.07947813799516011135 
0.01885155491456546803 0.00000000099999999998 0.00000000099999999998 0.89799765209960324963 0.08315079098583125217 
0.02264930548665615440 0.02076566642191813444 0.00000000099999999999 0.85427154310326225417 0.10231348398816333956 
0.01560425712935633973 0.06574898066775392014 0.00000000100000000000 0.85838967477742722512 0.06025708642546254157 
0.01205985001051198234 0.06631621483086864999 0.00000000100000000000 0.86074442085431335236 0.06087951330430589614 
0.03105686394697877023 0.28797438051318013930 0.06500123957160837407 0.50233139953862671057 0.11363611642960616543 
0.00000000099999999959 0.00000000099999999959 0.00000000099999999959 0.00000000099999999959 0.99999999599999989108 
0.00000000099999999960 0.00000000099999999960 0.00000000099999999960 0.00000000099999999960 0.99999999600000000211 
0.00000000099999999962 0.00000000099999999962 0.00000000099999999962 0.00000000099999999962 0.99999999599999989108 
0.00000000099999999955 0.00000000099999999955 0.00000000099999999955 0.00000000099999999955 0.99999999599999989108 
0.00000000099999999958 0.00000000099999999958 0.00000000099999999958 0.00000000099999999958 0.99999999599999989108 
0.00000000099999999957 0.00000000099999999957 0.00000000099999999957 0.00000000099999999957 0.99999999599999989108 
0.00000000099999999951 0.00000000099999999951 0.99999999599999989108 0.00000000099999999951 0.00000000099999999951 
0.00000000099999999941 0.00000000099999999941 0.99999999599999989108 0.00000000099999999941 0.00000000099999999941 
0.00000000099999999943 0.00000000099999999943 0.99999999599999989108 0.00000000099999999943 0.00000000099999999943 
0.00000000099999999941 0.00000000099999999941 0.99999999600000000211 0.00000000099999999941 0.00000000099999999941 
0.00000000100000000000 0.05001414237017761527 0.84524217025155801153 0.08097426824021367042 0.02376941813805081086 
0.00000000099999999949 0.00000000099999999949 0.99999999600000000211 0.00000000099999999949 0.00000000099999999949 
0.00000000099999999950 0.00000000099999999950 0.99999999599999989108 0.00000000099999999950 0.00000000099999999950 
0.00000000099999999943 0.00000000099999999943 0.99999999599999989108 0.00000000099999999943 0.00000000099999999943 
0.00000000099999999942 0.00000000099999999942 0.99999999599999989108 0.00000000099999999942 0.00000000099999999942 
0.00000000099999999938 0.00000000099999999938 0.99999999600000000211 0.00000000099999999938 0.00000000099999999938 
0.00000000099999999940 0.00000000099999999940 0.99999999600000000211 0.00000000099999999940 0.00000000099999999940 
0.00000000099999999940 0.00000000099999999940 0.99999999600000000211 0.00000000099999999940 0.00000000099999999940 
0.00000000099999999943 0.00000000099999999943 0.99999999599999989108 0.00000000099999999943 0.00000000099999999943 
0.00000000099999999942 0.00000000099999999942 0.99999999600000000211 0.00000000099999999942 0.00000000099999999942 
0.02055405000914084859 0.17881956166288195953 0.01476356488365726354 0.68881318603397356792 0.09704963741034622338 
0.02754494461239280489 0.18454519642589048423 0.06313473894009143106 0.62733536948843471315 0.09743975053319060831 
0.02300737635919181470 0.18422335396106631622 0.05810556246271950109 0.63804346829296343380 0.09662023892405900705 
0.02519694844347923970 0.19025089673021922110 0.05942089489859282703 0.63293917739685023882 0.09219208253085843519 
0.00000000099999999999 0.12413567169259442924 0.04204195855317845870 0.83382236775422702291 0.00000000099999999999 
0.00000000099999999999 0.12544902972521970730 0.04567971084043769003 0.82887125743434253433 0.00000000099999999999 
0.02719218184712803368 0.17404437067050107513 0.06300369384679557760 0.63871842991651595067 0.09704132371905942189 
0.00000000100000000000 0.13361121738648876200 0.03663039688627661716 0.82180596280608853021 0.00795242192114614665 
0.00678304154361433764 0.11981879048738960925 0.04659890109196172803 0.82601432441712796528 0.00078494245990635612 
