0.00000000099999999949 0.99999999500000014141 0.00000000099999999949 0.00000000099999999949 0.00000000099999999949 0.00000000099999999949 
0.00000000099999999947 0.99999999500000003039 0.00000000099999999947 0.00000000099999999947 0.00000000099999999947 0.00000000099999999947 
0.00000000099999999944 0.99999999500000014141 0.00000000099999999944 0.00000000099999999944 0.00000000099999999944 0.00000000099999999944 
0.51395314814487325084 0.00000038495250392852 0.17897891470686402848 0.17270869094611510097 0.00000000386155714791 0.13435885738808636680 
0.52414425835298850131 0.00000053607903820374 0.18381817968111621719 0.16197061241385099506 0.00000000100000000000 0.13006641247300615438 
0.00000000099999999973 0.00000000099999999973 0.00000000099999999973 0.00000000099999999973 0.00000000099999999973 0.99999999499999991937 
0.00000000099999999988 0.00000000099999999988 0.00000000099999999988 0.00000000099999999988 0.00000000099999999988 0.99999999499999991937 
0.15090236839582713002 0.01622994515952780673 0.01081244385622798752 0.01928499130222036118 0.00000000100000000000 0.80277025028619664049 
0.00000000099999999979 0.00000000099999999979 0.00000000099999999979 0.00000000099999999979 0.00000000099999999979 0.99999999499999991937 
0.00000000099999999983 0.00000000099999999983 0.00000000099999999983 0.00000000099999999983 0.00000000099999999983 0.99999999499999991937 
0.00000000099999999990 0.00000000099999999990 0.00000000099999999990 0.00000000099999999990 0.00000000099999999990 0.99999999499999991937 
0.12051012733052772485 0.01646037474666624256 0.03765286848487851140 0.02829362437504910621 0.00000000099999999999 0.79708300406287846407 
0.00000000099999999974 0.00000000099999999974 0.00000000099999999974 0.00000000099999999974 0.00000000099999999974 0.99999999500000003039 
0.00000000099999999990 0.00000000099999999990 0.00000000099999999990 0.00000000099999999990 0.00000000099999999990 0.99999999500000003039 
0.13196398224170488578 0.03293135906609863384 0.00018221985228410791 0.00501650275012710013 0.00000000100000000000 0.82990593508978527382 
0.33196128596618074136 0.00000000099999999996 0.62344484199941374580 0.01880528578769140660 0.02578858424671394770 0.00000000099999999996 
0.12243782993255711289 0.09468144697299830936 0.47487054430169800545 0.00000000100000000000 0.24187766836319529729 0.06613250942955119227 
0.17231998644796853171 0.00000000099999999999 0.56018494664401530247 0.00000000099999999999 0.23389905933293056450 0.03359600557508565788 
0.17534935627191505780 0.00000000099999999999 0.57494811368703369059 0.00000000099999999999 0.23662337187233276059 0.01307915616871862391 
0.19268079355708292444 0.00000000099999999999 0.54265158619491693504 0.00000000099999999999 0.23207975482883705376 0.03258786341916322660 
0.13727681102976757588 0.02336328315965617922 0.49436718005841401302 0.00000028445683652790 0.30157048472754449664 0.04342195656778129187 
0.04505155895090585949 0.00159694256609547308 0.36066369637236411760 0.00000000099999999999 0.59268780011063448843 0.00000000099999999999 
0.19137416996785400203 0.02088015566295550046 0.57075874658877112644 0.00601968203129963231 0.18685115085197140372 0.02411609489714822141 
0.07624252109051629644 0.00000000099999999998 0.70988970874043810788 0.00000000099999999998 0.21386776716904548623 0.00000000099999999998 
0.11758621411256900413 0.00000000099999999999 0.66573892969948056386 0.00000000099999999999 0.21667485318795043359 0.00000000099999999999 
0.16432548107236469304 0.00554078692782670242 0.63481402867117731059 0.00000002634534100757 0.17372791828044131801 0.02159175870284891011 
0.12055652902705904506 0.00000000099999999999 0.68815683407994143739 0.00000000099999999999 0.19128660374694750335 0.00000003114605204077 
0.14460458117066299355 0.00000000100000000000 0.65891021453128639784 0.00084627154127069580 0.19118624757127913871 0.00445268418550058206 
0.44885935790241293653 0.00000000099999999999 0.26239891472925291893 0.07777069348529687398 0.00000000099999999999 0.21097103188303728549 
0.99999999500000014141 0.00000000099999999986 0.00000000099999999986 0.00000000099999999986 0.00000000099999999986 0.00000000099999999986 
0.99999999500000003039 0.00000000099999999986 0.00000000099999999986 0.00000000099999999986 0.00000000099999999986 0.00000000099999999986 
0.99999999500000003039 0.00000000099999999990 0.00000000099999999990 0.00000000099999999990 0.00000000099999999990 0.00000000099999999990 
0.99999999500000003039 0.00000000099999999990 0.00000000099999999990 0.00000000099999999990 0.00000000099999999990 0.00000000099999999990 
0.99999999500000014141 0.00000000099999999989 0.00000000099999999989 0.00000000099999999989 0.00000000099999999989 0.00000000099999999989 
0.99999999500000003039 0.00000000099999999980 0.00000000099999999980 0.00000000099999999980 0.00000000099999999980 0.00000000099999999980 
0.99999999500000014141 0.00000000099999999981 0.00000000099999999981 0.00000000099999999981 0.00000000099999999981 0.00000000099999999981 
0.18768130047820474893 0.51651608912464930246 0.00000000099999999997 0.00000000099999999997 0.17088798754947331915 0.12491462084767260277 
0.27968423532099134787 0.35595700451333955883 0.07101708586506952359 0.01935942941071428641 0.14208346676349697946 0.13189877812638814425 
0.23643041438922393627 0.48245262609962780154 0.00000000099999999998 0.00000000099999999998 0.14134175007641919253 0.13977520743472923725 
0.31529103688863557853 0.00000000099999999998 0.62346585531602105590 0.01896978911118472541 0.00000000099999999998 0.04227331668415872101 
0.29016069130338478788 0.00000000099999999999 0.65756653979356582962 0.02642037814900669718 0.00000000099999999999 0.02585238875404258577 
0.34270899505991231360 0.01118817783632493866 0.48775342767502544161 0.03888365161986471336 0.02987405337216983425 0.08959169443670268740 
0.30292692028348755517 0.00000577244095998690 0.56386437185570703612 0.03547074389787158166 0.01480521581356461676 0.08292697570840917853 
0.00000000099999999995 0.00000000099999999995 0.99999999499999991937 0.00000000099999999995 0.00000000099999999995 0.00000000099999999995 
0.00000000099999999976 0.00000000099999999976 0.99999999499999991937 0.00000000099999999976 0.00000000099999999976 0.00000000099999999976 
0.00000000099999999977 0.00000000099999999977 0.99999999500000003039 0.00000000099999999977 0.00000000099999999977 0.00000000099999999977 
0.00000000099999999977 0.00000000099999999977 0.99999999500000003039 0.00000000099999999977 0.00000000099999999977 0.00000000099999999977 
0.31452680988964815123 0.01721908374066862327 0.53421610127325103168 0.03691630808606403275 0.02222292674395492246 0.07489877026641336699 
0.04095869927086815548 0.13331402645472245627 0.43613104391103135749 0.00000000099999999999 0.31668554872886583995 0.07291068063451205949 
0.33824827418181013794 0.00000000099999999998 0.59307488872146763015 0.03553352561702501078 0.00000001703158851512 0.03314329344810870714 
0.00000000099999999994 0.00000000099999999994 0.99999999499999991937 0.00000000099999999994 0.00000000099999999994 0.00000000099999999994 
0.14407065065638038903 0.09357492864290994916 0.53561267777193122264 0.00273345575972604561 0.17451713655997194707 0.04949115060908040875 
0.18895546387309541947 0.11586911222796446308 0.42464749983647032128 0.01891176990040957864 0.16275171423001461024 0.08886443993204556913 
0.31655123968450743499 0.00360347360242706033 0.51455433965292896037 0.04727726722675202470 0.01664634721455619457 0.10136733261882827084 
0.05353371090719732245 0.00000000099999999999 0.93115706472583070763 0.00000000099999999999 0.01530922136697196977 0.00000000099999999999 
0.00000000099999999995 0.00000000099999999995 0.99666490209114044774 0.00000000099999999995 0.00333509390885952748 0.00000000099999999995 
0.00000000099999999987 0.00000000099999999987 0.99999999499999991937 0.00000000099999999987 0.00000000099999999987 0.00000000099999999987 
0.33349775675963050370 0.05756903844741895898 0.54006359718005025883 0.02177005191212984248 0.00000000100000000000 0.04709955470077036715 
0.35339030714658536958 0.05333869707080312467 0.52915357889651204459 0.03606440062182894590 0.00000000100000000000 0.02805301526427044986 
0.37534772014318190658 0.02076894079565645354 0.40176335974883059521 0.04910793086907811605 0.04641044041267688297 0.10660160803057622259 
0.18479051514419850277 0.15910656017552898822 0.24045300572350003510 0.00000000099999999999 0.39059169008626248853 0.02505822787051002060 
0.38205218165742743652 0.00000000099999999997 0.52751866897550603319 0.03389770785341175013 0.00000000099999999997 0.05653143951365480896 
0.34403405879868348416 0.00000000099999999999 0.57910005685152710075 0.03466153422741812679 0.00000000099999999999 0.04220434812237134486 
0.00000000099999999983 0.00000000099999999983 0.00000000099999999983 0.00000000099999999983 0.00000000099999999983 0.99999999499999991937 
0.00000000099999999983 0.00000000099999999983 0.00000000099999999983 0.00000000099999999983 0.00000000099999999983 0.99999999499999991937 
0.99999999500000014141 0.00000000099999999992 0.00000000099999999992 0.00000000099999999992 0.00000000099999999992 0.00000000099999999992 
0.00000000099999999961 0.00000000099999999961 0.00000000099999999961 0.00000000099999999961 0.99999999499999991937 0.00000000099999999961 
0.00000000099999999955 0.00000000099999999955 0.00000000099999999955 0.00000000099999999955 0.99999999499999991937 0.00000000099999999955 
0.00000000099999999964 0.00000000099999999964 0.00000000099999999964 0.00000000099999999964 0.99999999499999991937 0.00000000099999999964 
0.00000000099999999999 0.00497734143976165128 0.31500060035409599424 0.00000000099999999999 0.68002205520614222856 0.00000000099999999999 
0.00000000099999999999 0.00012927522992388206 0.31728867349225209349 0.00000000099999999999 0.68258204827782398283 0.00000000099999999999 
0.49986875787223733481 0.08972098422163118925 0.20211829131267464166 0.03792231201092464282 0.02182188228981804881 0.14854777229271404204 
0.00000000099999999956 0.99999999500000003039 0.00000000099999999956 0.00000000099999999956 0.00000000099999999956 0.00000000099999999956 
0.00000000099999999957 0.99999999500000014141 0.00000000099999999957 0.00000000099999999957 0.00000000099999999957 0.00000000099999999957 
0.00000000099999999961 0.99999999500000003039 0.00000000099999999961 0.00000000099999999961 0.00000000099999999961 0.00000000099999999961 
0.00000000099999999949 0.99999999500000014141 0.00000000099999999949 0.00000000099999999949 0.00000000099999999949 0.00000000099999999949 
0.00000000099999999951 0.99999999500000003039 0.00000000099999999951 0.00000000099999999951 0.00000000099999999951 0.00000000099999999951 
0.00000000099999999949 0.99999999500000014141 0.00000000099999999949 0.00000000099999999949 0.00000000099999999949 0.00000000099999999949 
0.00000000099999999940 0.00000000099999999940 0.00000000099999999940 0.99999999499999991937 0.00000000099999999940 0.00000000099999999940 
0.00000000099999999926 0.00000000099999999926 0.00000000099999999926 0.99999999499999991937 0.00000000099999999926 0.00000000099999999926 
0.00000000099999999930 0.00000000099999999930 0.00000000099999999930 0.99999999499999991937 0.00000000099999999930 0.00000000099999999930 
0.00000000099999999927 0.00000000099999999927 0.00000000099999999927 0.99999999499999991937 0.00000000099999999927 0.00000000099999999927 
0.18082101416496804136 0.00000000099999999988 0.00000000099999999988 0.81917898183503212728 0.00000000099999999988 0.00000000099999999988 
0.00000000099999999937 0.00000000099999999937 0.00000000099999999937 0.99999999500000003039 0.00000000099999999937 0.00000000099999999937 
0.00000000099999999938 0.00000000099999999938 0.00000000099999999938 0.99999999500000003039 0.00000000099999999938 0.00000000099999999938 
0.00000000099999999929 0.00000000099999999929 0.00000000099999999929 0.99999999500000003039 0.00000000099999999929 0.00000000099999999929 
0.00000000099999999927 0.00000000099999999927 0.00000000099999999927 0.99999999500000003039 0.00000000099999999927 0.00000000099999999927 
0.00000000099999999923 0.00000000099999999923 0.00000000099999999923 0.99999999499999991937 0.00000000099999999923 0.00000000099999999923 
0.00000000099999999925 0.00000000099999999925 0.00000000099999999925 0.99999999500000003039 0.00000000099999999925 0.00000000099999999925 
0.00000000099999999925 0.00000000099999999925 0.00000000099999999925 0.99999999499999991937 0.00000000099999999925 0.00000000099999999925 
0.00000000099999999930 0.00000000099999999930 0.00000000099999999930 0.99999999499999991937 0.00000000099999999930 0.00000000099999999930 
0.00000000099999999928 0.00000000099999999928 0.00000000099999999928 0.99999999499999991937 0.00000000099999999928 0.00000000099999999928 
0.26961011137291140960 0.07523097124628387589 0.35243086670225842738 0.00233433662760802177 0.19700378939095727904 0.10338992465998082804 
0.99999999500000014141 0.00000000099999999992 0.00000000099999999992 0.00000000099999999992 0.00000000099999999992 0.00000000099999999992 
0.99999999500000014141 0.00000000099999999995 0.00000000099999999995 0.00000000099999999995 0.00000000099999999995 0.00000000099999999995 
0.99999999500000014141 0.00000000099999999995 0.00000000099999999995 0.00000000099999999995 0.00000000099999999995 0.00000000099999999995 
0.34853860932653890625 0.00000000099999999998 0.60947605730450038486 0.01971169693212544011 0.00000000099999999998 0.02227363443683529065 
0.35035714392563910291 0.00000000099999999998 0.60151311416063812931 0.02330762067594164752 0.00000000099999999998 0.02482211923778120111 
0.33416751839371477972 0.10100090343603428111 0.43463666907207765266 0.04340622597544779165 0.00157029657909630509 0.08521838654362923204 
0.34860893901080280965 0.00000000099999999999 0.59693058016113675901 0.01513481931233906334 0.00000000099999999999 0.03932565951572142976 
0.35056711653205335777 0.00000000099999999999 0.60316138012075870556 0.02433963909327376343 0.00000000099999999999 0.02193186225391441715 
