0.00000000099999999938 0.00000000099999999938 0.00000000099999999938 0.00000000099999999938 0.99999999400000005867 0.00000000099999999938 0.00000000099999999938 
0.00000000099999999936 0.00000000099999999936 0.00000000099999999936 0.00000000099999999936 0.99999999399999994765 0.00000000099999999936 0.00000000099999999936 
0.00000000099999999932 0.00000000099999999932 0.00000000099999999932 0.00000000099999999932 0.99999999399999994765 0.00000000099999999932 0.00000000099999999932 
0.07555166096540308351 0.13474709771981271955 0.00000003022555542768 0.09467537272654441560 0.00000305487602322609 0.17943464061180744440 0.51558814287485366101 
0.05483114120380843531 0.13065571512298054802 0.00000000100000000000 0.10515940371684374954 0.00000380154205527807 0.18468426294617501515 0.52466567446813716646 
0.00000000099999999967 0.99999999400000005867 0.00000000099999999967 0.00000000099999999967 0.00000000099999999967 0.00000000099999999967 0.00000000099999999967 
0.00000000099999999986 0.99999999400000016969 0.00000000099999999986 0.00000000099999999986 0.00000000099999999986 0.00000000099999999986 0.00000000099999999986 
0.00000000099999999999 0.80275790653495138205 0.00000000099999999999 0.02059721546719019830 0.01632899268165484072 0.01044209172869717088 0.14987379158750646635 
0.00000000099999999975 0.99999999400000005867 0.00000000099999999975 0.00000000099999999975 0.00000000099999999975 0.00000000099999999975 0.00000000099999999975 
0.00000000099999999979 0.99999999400000016969 0.00000000099999999979 0.00000000099999999979 0.00000000099999999979 0.00000000099999999979 0.00000000099999999979 
0.00000000099999999989 0.99999999400000005867 0.00000000099999999989 0.00000000099999999989 0.00000000099999999989 0.00000000099999999989 0.00000000099999999989 
0.02321932908054135866 0.79716350068464758571 0.00000000099999999999 0.00480641338404663547 0.01617031955418129358 0.03748594107244091617 0.12115449522414210859 
0.00000000099999999969 0.99999999400000005867 0.00000000099999999969 0.00000000099999999969 0.00000000099999999969 0.00000000099999999969 0.00000000099999999969 
0.00000000099999999988 0.99999999400000016969 0.00000000099999999988 0.00000000099999999988 0.00000000099999999988 0.00000000099999999988 0.00000000099999999988 
0.00600934588507458407 0.82939799096874100570 0.00000000100000000000 0.00000000100000000000 0.03283018496025778138 0.00011873089230314131 0.13164374529362363186 
0.00505043590425053972 0.00000000099999999996 0.02582306249401577006 0.01335430630883320882 0.00000000099999999996 0.62346506667209389274 0.33230712662080663655 
0.00000000100000000000 0.06616383484322271857 0.24198049934221496637 0.00000000100000000000 0.09472120288516845676 0.47485649945598057409 0.12227796147341318811 
0.00000000099999999999 0.03356736110422500058 0.23404169044891842688 0.00000000099999999999 0.00000000099999999999 0.55993689903580701195 0.17245404641104952748 
0.00000000099999999998 0.01307784239102220344 0.23675169290101594211 0.00000000099999999998 0.00000000099999999998 0.57473375171057505817 0.17543670999738678051 
0.00000000099999999999 0.03253009496515564536 0.23218720067367840110 0.00000000099999999999 0.00000000099999999999 0.54242407220342281349 0.19285862915774301674 
0.00000000100000000000 0.04302889575937797473 0.30149083967692641428 0.00171900815316659958 0.02334769257036754114 0.49384351158622857847 0.13657005125393287259 
0.00000000099999999998 0.00000000099999999998 0.59275335594816302986 0.00000000099999999998 0.00159720401122382121 0.36049088991434902196 0.04515854712626411055 
0.00000000100000000000 0.02406788765622126444 0.18692961825718421021 0.00637969053639005686 0.02092180049341581249 0.57057843751745052074 0.19112256453933809675 
0.00000000099999999997 0.00000000099999999997 0.21399012051054308592 0.00000000099999999997 0.00000000099999999997 0.70968483575838636757 0.07632503973107053474 
0.00000000099999999998 0.00000000099999999998 0.21680287674829112898 0.00000000099999999998 0.00000000099999999998 0.66552128198367310752 0.11767583726803568234 
0.00000000100000000000 0.02149284569379156934 0.17378216062299259304 0.00033376574913157082 0.00553870929759354806 0.63453638787437194324 0.16431612976211873445 
0.00000000099999999999 0.00000010996754528444 0.19135548142045455400 0.00000000099999999999 0.00000000099999999999 0.68791082012604376494 0.12073358548595641837 
0.00000001500981986031 0.00432306775538568357 0.19124178210635497943 0.00124061040027742368 0.00000000100000000000 0.65862867240538314206 0.14456585132277885442 
0.04019897760102445622 0.21091003035175051594 0.00000000099999999999 0.03712203015488441116 0.00000000099999999999 0.26250358259220779589 0.44926537730013288430 
0.00000000099999999984 0.00000000099999999984 0.00000000099999999984 0.00000000099999999984 0.00000000099999999984 0.00000000099999999984 0.99999999400000005867 
0.00000000099999999983 0.00000000099999999983 0.00000000099999999983 0.00000000099999999983 0.00000000099999999983 0.00000000099999999983 0.99999999400000005867 
0.00000000099999999988 0.00000000099999999988 0.00000000099999999988 0.00000000099999999988 0.00000000099999999988 0.00000000099999999988 0.99999999400000005867 
0.00000000099999999988 0.00000000099999999988 0.00000000099999999988 0.00000000099999999988 0.00000000099999999988 0.00000000099999999988 0.99999999399999994765 
0.00000000099999999987 0.00000000099999999987 0.00000000099999999987 0.00000000099999999987 0.00000000099999999987 0.00000000099999999987 0.99999999399999994765 
0.00000000099999999976 0.00000000099999999976 0.00000000099999999976 0.00000000099999999976 0.00000000099999999976 0.00000000099999999976 0.99999999399999994765 
0.00000000099999999977 0.00000000099999999977 0.00000000099999999977 0.00000000099999999977 0.00000000099999999977 0.00000000099999999977 0.99999999400000005867 
0.00000000099999999996 0.12479771002055657647 0.17097181136191350048 0.00000000099999999996 0.51647532669910545255 0.00000000099999999996 0.18775514891842440268 
0.01578534407405973033 0.13166465534656235370 0.14236260143357767904 0.00331637932677016772 0.35581360317441435015 0.07089215628125355995 0.28016526036336197869 
0.00000000099999999998 0.13956346863621979515 0.14136520336070654280 0.00000000099999999998 0.48235178651856197574 0.00000000099999999998 0.23671953848451168789 
0.01062070665478125585 0.04229385639756232801 0.00000000099999999998 0.00786975179337986823 0.00000000099999999998 0.62343364767936304549 0.31578203547491334735 
0.01701937303476195804 0.02578927049366059113 0.00000000099999999999 0.00886084625754414955 0.00000000099999999999 0.65753029346369418207 0.29080021475033901446 
0.01398674408050274397 0.08965539697234159444 0.02986724764851994909 0.02452845997224985253 0.01124402860104984497 0.48784761934400544536 0.34287050338133062688 
0.02784266828075983996 0.08257896427767144609 0.01486049831201717575 0.00712677071476455672 0.00000375817463191962 0.56392023789998924066 0.30366710234016586201 
0.00000000099999999994 0.00000000099999999994 0.00000000099999999994 0.00000000099999999994 0.00000000099999999994 0.99999999399999994765 0.00000000099999999994 
0.00000000099999999971 0.00000000099999999971 0.00000000099999999971 0.00000000099999999971 0.00000000099999999971 0.99999999399999994765 0.00000000099999999971 
0.00000000099999999973 0.00000000099999999973 0.00000000099999999973 0.00000000099999999973 0.00000000099999999973 0.99999999400000005867 0.00000000099999999973 
0.00000000099999999972 0.00000000099999999972 0.00000000099999999972 0.00000000099999999972 0.00000000099999999972 0.99999999400000005867 0.00000000099999999972 
0.01106510011748939454 0.07509453071112789924 0.02213501210321226764 0.02560220092187887389 0.01726917830366482901 0.53429299799458096487 0.31454097984804585408 
0.00000000099999999998 0.07290112130677421642 0.31679452609664054963 0.00000000099999999998 0.13333882631939902863 0.43604450788380949566 0.04092101639337675234 
0.01710257916231848127 0.03319341986074296480 0.00000009005761457156 0.01798949786429389699 0.00000000099999999998 0.59309964423247130139 0.33861476782255872653 
0.00000000099999999992 0.00000000099999999992 0.00000000099999999992 0.00000000099999999992 0.00000000099999999992 0.99999999400000005867 0.00000000099999999992 
0.00000001238085441454 0.04942037338853304262 0.17455389939471491201 0.00295942376196963244 0.09358494127668548490 0.53544089879670131449 0.14404045100054116424 
0.01097185301473405095 0.08884928299126752804 0.16286026491795191351 0.00783428141789569918 0.11585888929190824026 0.42467625024254240795 0.18894917812370021215 
0.01394487851556854008 0.10164202841120946463 0.01663159878110170853 0.03272815322980267977 0.00365282786127722617 0.51468535303867879449 0.31671516016236156421 
0.00000000099999999999 0.00000000099999999999 0.01534840058829100434 0.00000000099999999999 0.00000000099999999999 0.93093463021631728260 0.05371696519539189557 
0.00000000099999999993 0.00000000099999999993 0.00340044902663052357 0.00000000099999999993 0.00000000099999999993 0.99659954597336952720 0.00000000099999999993 
0.00000000099999999984 0.00000000099999999984 0.00000000099999999984 0.00000000099999999984 0.00000000099999999984 0.99999999400000005867 0.00000000099999999984 
0.00775123301652087728 0.04713248714640238396 0.00000000100000000000 0.01363139256524801245 0.05757792029398378642 0.54006024286425613479 0.33384672311358876140 
0.01531444980844806451 0.02811780848702917154 0.00000000341354653950 0.02027854358460652595 0.05334069396842019972 0.52917869011593421380 0.35376981062201529049 
0.02188285198732762768 0.10669154443429380852 0.04647194283811013904 0.02674631450978613365 0.02077676816685232811 0.40182483356357173720 0.37560574450005829172 
0.00000000099999999998 0.02484859414986822362 0.39089496419819425022 0.00000000099999999998 0.15903027036171693553 0.23999808326780036616 0.18522808602242007980 
0.01248553626279100097 0.05664246937954749150 0.00000000099999999997 0.02088809388437736295 0.00000000099999999997 0.52755663733119095848 0.38242726114209318888 
0.01539568583735051455 0.04224189365788980077 0.00000000099999999999 0.01888007835245575014 0.00000000099999999999 0.57905793566209973200 0.34442440449020422788 
0.00000000099999999980 0.99999999400000005867 0.00000000099999999980 0.00000000099999999980 0.00000000099999999980 0.00000000099999999980 0.00000000099999999980 
0.00000000099999999979 0.99999999400000005867 0.00000000099999999979 0.00000000099999999979 0.00000000099999999979 0.00000000099999999979 0.00000000099999999979 
0.00000000099999999991 0.00000000099999999991 0.00000000099999999991 0.00000000099999999991 0.00000000099999999991 0.00000000099999999991 0.99999999399999994765 
0.00000000099999999952 0.00000000099999999952 0.99999999400000005867 0.00000000099999999952 0.00000000099999999952 0.00000000099999999952 0.00000000099999999952 
0.00000000099999999946 0.00000000099999999946 0.99999999399999994765 0.00000000099999999946 0.00000000099999999946 0.00000000099999999946 0.00000000099999999946 
0.00000000099999999956 0.00000000099999999956 0.99999999399999994765 0.00000000099999999956 0.00000000099999999956 0.00000000099999999956 0.00000000099999999956 
0.00000000099999999999 0.00000001509876429868 0.68010019328811377459 0.00000000099999999999 0.00501103935519557186 0.31488871321184991325 0.00000003704607651855 
0.00000000099999999999 0.00000000099999999999 0.68260327683051469361 0.00000000099999999999 0.00025367380502517250 0.31714304536446003002 0.00000000099999999999 
0.02208253970204585720 0.14837571181200626125 0.02196660911661116669 0.01580974049324013891 0.08963307827551138252 0.20209795275119202262 0.50003436784939303550 
0.00000000099999999946 0.00000000099999999946 0.00000000099999999946 0.00000000099999999946 0.99999999399999994765 0.00000000099999999946 0.00000000099999999946 
0.00000000099999999948 0.00000000099999999948 0.00000000099999999948 0.00000000099999999948 0.99999999400000005867 0.00000000099999999948 0.00000000099999999948 
0.00000000099999999953 0.00000000099999999953 0.00000000099999999953 0.00000000099999999953 0.99999999399999994765 0.00000000099999999953 0.00000000099999999953 
0.00000000099999999939 0.00000000099999999939 0.00000000099999999939 0.00000000099999999939 0.99999999399999994765 0.00000000099999999939 0.00000000099999999939 
0.00000000099999999941 0.00000000099999999941 0.00000000099999999941 0.00000000099999999941 0.99999999399999994765 0.00000000099999999941 0.00000000099999999941 
0.00000000099999999938 0.00000000099999999938 0.00000000099999999938 0.00000000099999999938 0.99999999400000005867 0.00000000099999999938 0.00000000099999999938 
0.99999999399999994765 0.00000000099999999896 0.00000000099999999896 0.00000000099999999896 0.00000000099999999896 0.00000000099999999896 0.00000000099999999896 
0.99999999400000005867 0.00000000099999999886 0.00000000099999999886 0.00000000099999999886 0.00000000099999999886 0.00000000099999999886 0.00000000099999999886 
0.00000000099999999895 0.00000000099999999895 0.00000000099999999895 0.99999999399999983662 0.00000000099999999895 0.00000000099999999895 0.00000000099999999895 
0.00000000099999999893 0.00000000099999999893 0.00000000099999999893 0.99999999399999983662 0.00000000099999999893 0.00000000099999999893 0.00000000099999999893 
0.00000000099999999985 0.00000000099999999985 0.00000000099999999985 0.82994747349975761530 0.00000000099999999985 0.00000000099999999985 0.17005252150024249835 
0.99999999399999994765 0.00000000099999999893 0.00000000099999999893 0.00000000099999999893 0.00000000099999999893 0.00000000099999999893 0.00000000099999999893 
0.00000000099999999904 0.00000000099999999904 0.00000000099999999904 0.99999999400000005867 0.00000000099999999904 0.00000000099999999904 0.00000000099999999904 
0.50213977668774201213 0.00000000099999999929 0.00000000099999999929 0.49786021831225801826 0.00000000099999999929 0.00000000099999999929 0.00000000099999999929 
0.51006138845280546423 0.00000000099999999928 0.00000000099999999928 0.48993860654719462167 0.00000000099999999928 0.00000000099999999928 0.00000000099999999928 
0.52341372140459196949 0.00000000099999999923 0.00000000099999999923 0.47658627359540794988 0.00000000099999999923 0.00000000099999999923 0.00000000099999999923 
0.50667389841397003636 0.00000000099999999926 0.00000000099999999926 0.49332609658603004954 0.00000000099999999926 0.00000000099999999926 0.00000000099999999926 
0.49403669843611830448 0.00000000099999999925 0.00000000099999999925 0.50596329656388161489 0.00000000099999999925 0.00000000099999999925 0.00000000099999999925 
0.47279116709574847688 0.00000000099999999931 0.00000000099999999931 0.52720882790425138698 0.00000000099999999931 0.00000000099999999931 0.00000000099999999931 
0.43997737747697890365 0.00000000099999999929 0.00000000099999999929 0.56002261752302118225 0.00000000099999999929 0.00000000099999999929 0.00000000099999999929 
0.00081615960291996678 0.10328315933888936040 0.19711965731436767446 0.00166896779978360017 0.07519634095396968143 0.35215983242421899924 0.26975588256585070202 
0.00000000099999999991 0.00000000099999999991 0.00000000099999999991 0.00000000099999999991 0.00000000099999999991 0.00000000099999999991 0.99999999400000005867 
0.00000000099999999993 0.00000000099999999993 0.00000000099999999993 0.00000000099999999993 0.00000000099999999993 0.00000000099999999993 0.99999999400000005867 
0.00000000099999999994 0.00000000099999999994 0.00000000099999999994 0.00000000099999999994 0.00000000099999999994 0.00000000099999999994 0.99999999399999994765 
0.00087389804141061204 0.02252197294960686311 0.00000000099999999998 0.01826947218535378628 0.00000000099999999998 0.60964883092174870782 0.34868582390187996545 
0.00250333442734195942 0.02499696469940183852 0.00000000099999999998 0.02010246150825925962 0.00000000099999999998 0.60161692521693810320 0.35078031214805882598 
0.02799929223095022623 0.08501472617928057529 0.00166241850990223755 0.01504699188555462530 0.10086854593671806812 0.43467030951035595665 0.33473771574723826250 
0.00000005575358286491 0.03936595436619989841 0.00000000099999999999 0.01491951127715939775 0.00000000099999999999 0.59696743801910434613 0.34874703858395345035 
0.01181385342557614813 0.02191938275272858894 0.00000000099999999999 0.01221812449566917792 0.00000000099999999999 0.60307986469017971221 0.35096877263584630446 
