0.00000000099999999928 0.00000000099999999928 0.99999999299999997593 0.00000000099999999928 0.00000000099999999928 0.00000000099999999928 0.00000000099999999928 0.00000000099999999928 
0.00000000099999999926 0.00000000099999999926 0.99999999300000008695 0.00000000099999999926 0.00000000099999999926 0.00000000099999999926 0.00000000099999999926 0.00000000099999999926 
0.00000000099999999921 0.00000000099999999921 0.99999999300000008695 0.00000000099999999921 0.00000000099999999921 0.00000000099999999921 0.00000000099999999921 0.00000000099999999921 
0.00000000100000000000 0.11624617463374614657 0.00000005013033269655 0.05297580872572085764 0.08481554435308753803 0.67465360470650626024 0.00000145504569114738 0.07130736140491521213 
0.00000000100000000000 0.12570566014572948088 0.00000015945141713613 0.05176723635224460968 0.09533126757524881811 0.67827387487535972799 0.00000589468113833062 0.04891590591886180173 
0.00000000099999999962 0.00000000099999999962 0.00000000099999999962 0.99999999299999997593 0.00000000099999999962 0.00000000099999999962 0.00000000099999999962 0.00000000099999999962 
0.00000000099999999984 0.00000000099999999984 0.00000000099999999984 0.99999999300000008695 0.00000000099999999984 0.00000000099999999984 0.00000000099999999984 0.00000000099999999984 
0.00000000099999999999 0.03210319003899304163 0.02073149743580082402 0.78756440264750604552 0.01720225234580529880 0.14239865453189476385 0.00000000099999999999 0.00000000099999999999 
0.00000000099999999971 0.00000000099999999971 0.00000000099999999971 0.99999999299999997593 0.00000000099999999971 0.00000000099999999971 0.00000000099999999971 0.00000000099999999971 
0.00000000099999999976 0.00000000099999999976 0.00000000099999999976 0.99999999299999997593 0.00000000099999999976 0.00000000099999999976 0.00000000099999999976 0.00000000099999999976 
0.00000000099999999987 0.00000000099999999987 0.00000000099999999987 0.99999999299999997593 0.00000000099999999987 0.00000000099999999987 0.00000000099999999987 0.00000000099999999987 
0.00000000099999999999 0.02259259729880355380 0.01936204530373165575 0.79237901594363702173 0.00346605122509372051 0.13330225497973960391 0.00602151658654406612 0.02287651766245027418 
0.00000000099999999964 0.00000000099999999964 0.00000000099999999964 0.99999999299999997593 0.00000000099999999964 0.00000000099999999964 0.00000000099999999964 0.00000000099999999964 
0.00000000099999999986 0.00000000099999999986 0.00000000099999999986 0.99999999299999997593 0.00000000099999999986 0.00000000099999999986 0.00000000099999999986 0.00000000099999999986 
0.00000000099999999999 0.04021500177643154428 0.03610202152951019761 0.81341642899780208786 0.00000000099999999999 0.10612467771921053894 0.00000000099999999999 0.00414186697704561815 
0.04166675378262939961 0.02819089964080658331 0.00000000099999999995 0.00000000099999999995 0.00091238729284632777 0.56541654324208778792 0.36381341304162995165 0.00000000099999999995 
0.26233749919109028426 0.05140232418704478862 0.09118608892284404965 0.06604663669908264478 0.00000000100000000000 0.13602864638209008485 0.39299880261784803093 0.00000000100000000000 
0.27156521736567545977 0.03667840479922200581 0.00000000099999999998 0.02310475704737080527 0.00000000099999999998 0.26595004553032802752 0.40270157225740355056 0.00000000099999999998 
0.27389513669995252387 0.03351315714183634997 0.00000000099999999998 0.00191442271928784417 0.00000000099999999998 0.27273219447879215593 0.41794508596013096868 0.00000000099999999998 
0.26970566827131692289 0.03811466432466936727 0.00000000099999999998 0.02011638091343281171 0.00000000099999999998 0.29035745531680307030 0.38170582817377751716 0.00000000099999999998 
0.33640694026073059142 0.02211814155697766973 0.01980687196217091259 0.03799990901681069011 0.00000000100000000000 0.21339183651668586217 0.37027629868662415014 0.00000000100000000000 
0.62475199402604320031 0.00203544249741759425 0.00000000099999999998 0.00000000099999999998 0.00000000099999999998 0.10136371102464060423 0.27184884845189855040 0.00000000099999999998 
0.21546091435633080158 0.07099534397990411860 0.01708474440486255908 0.01979351121954496875 0.00349834303708289199 0.23278649306626553184 0.44038064893600903371 0.00000000100000000000 
0.24276490248638335490 0.00000000099999999996 0.00000000099999999996 0.00000000099999999996 0.00000000099999999996 0.19119851374125665378 0.56603657877235991069 0.00000000099999999996 
0.24774684052925174949 0.01048005176098253804 0.00000000099999999997 0.00000000099999999997 0.00000000099999999997 0.21844588289150562721 0.52332722081825999716 0.00000000099999999997 
0.19944870310000961666 0.04652522858221780355 0.00183171220949544539 0.01877319633774691618 0.00000000100000000000 0.22534766232735273239 0.50807349544317759182 0.00000000100000000000 
0.21880903740489179854 0.00994508834879513810 0.00000000099999999998 0.00000000099999999998 0.00000000099999999998 0.21755305628664797779 0.55369281395966507553 0.00000000099999999998 
0.21938717051631634325 0.02492517772766598277 0.00000000099999999999 0.00000000179411476872 0.00000000099999999999 0.24022207655169508511 0.51546557041020790724 0.00000000099999999999 
0.00000000099999999999 0.15303583369928916436 0.00000000099999999999 0.18564480550619949506 0.03078945093510409084 0.49411485472803334806 0.10057620140958375976 0.03583885172179013950 
0.00000000099999999969 0.99999999300000008695 0.00000000099999999969 0.00000000099999999969 0.00000000099999999969 0.00000000099999999969 0.00000000099999999969 0.00000000099999999969 
0.00000000099999999970 0.99999999300000019797 0.00000000099999999970 0.00000000099999999970 0.00000000099999999970 0.00000000099999999970 0.00000000099999999970 0.00000000099999999970 
0.00000000099999999975 0.99999999300000019797 0.00000000099999999975 0.00000000099999999975 0.00000000099999999975 0.00000000099999999975 0.00000000099999999975 0.00000000099999999975 
0.00000000099999999976 0.99999999300000019797 0.00000000099999999976 0.00000000099999999976 0.00000000099999999976 0.00000000099999999976 0.00000000099999999976 0.00000000099999999976 
0.00000000099999999979 0.99999999300000019797 0.00000000099999999979 0.00000000099999999979 0.00000000099999999979 0.00000000099999999979 0.00000000099999999979 0.00000000099999999979 
0.00000000099999999954 0.99999999300000019797 0.00000000099999999954 0.00000000099999999954 0.00000000099999999954 0.00000000099999999954 0.00000000099999999954 0.00000000099999999954 
0.00000000099999999957 0.99999999300000019797 0.00000000099999999957 0.00000000099999999957 0.00000000099999999957 0.00000000099999999957 0.00000000099999999957 0.00000000099999999957 
0.17591767299302421557 0.18527452716393133514 0.51278568343547514807 0.12602211240756933108 0.00000000099999999994 0.00000000099999999994 0.00000000099999999994 0.00000000099999999994 
0.15332652552130066059 0.19236504414290422904 0.35616503639163732409 0.12997488678486043834 0.00302124820385093855 0.10574646357153469345 0.04322499075946047153 0.01617580462445119063 
0.16106866771174152553 0.19171836585167709166 0.48622210463462395280 0.15787988759159171659 0.00000000099999999998 0.00000000184105389645 0.00000000099999999998 0.00311097036931192675 
0.00000000099999999999 0.07483108751792739988 0.00000000099999999999 0.02521929911380958733 0.00145857289241227515 0.46173084434497468909 0.43050643652048098398 0.00625375761039503181 
0.00000000099999999999 0.06655579354768763334 0.00000000099999999999 0.00839660604872018330 0.00220772175191051492 0.44642732949284597010 0.46280453159611983915 0.01360801556271578477 
0.04269713626469319456 0.13433259922307677625 0.00934052380066528742 0.07565994220738379850 0.01994570961411962218 0.36658521285209111351 0.33974290471460227847 0.01169597132336795686 
0.02680406927397971026 0.10075567429341385217 0.00000000100000000000 0.07018142683054684472 0.00299224249052334676 0.35836376281533083299 0.41520178428928944392 0.02570103900691608073 
0.00000000099999999993 0.00000000099999999993 0.00000000099999999993 0.00000000099999999993 0.00000000099999999993 0.00000000099999999993 0.99999999299999986491 0.00000000099999999993 
0.00000000099999999957 0.00000000099999999957 0.00000000099999999957 0.00000000099999999957 0.00000000099999999957 0.00000000099999999957 0.99999999299999997593 0.00000000099999999957 
0.00000000099999999959 0.00000000099999999959 0.00000000099999999959 0.00000000099999999959 0.00000000099999999959 0.00000000099999999959 0.99999999299999986491 0.00000000099999999959 
0.00000000099999999957 0.00000000099999999957 0.00000000099999999957 0.00000000099999999957 0.00000000099999999957 0.00000000099999999957 0.99999999299999986491 0.00000000099999999957 
0.03444856674224922727 0.11311796069849250346 0.01577408885330845376 0.06285245692221462510 0.02120440123141589112 0.35288790971090228110 0.39062435514074939080 0.00909026070066756668 
0.34181896280771145724 0.02446715948597654941 0.12889535914401953343 0.07828364501948671672 0.00000000099999999998 0.04426015342822776227 0.38227471811457786055 0.00000000099999999998 
0.01141338763848610653 0.08038784082679492626 0.00000000099999999998 0.00903579828136846092 0.01172474117609023300 0.48934081702982362705 0.38491336208676185660 0.01318405196067483874 
0.00000000099999999990 0.00000000099999999990 0.00000000099999999990 0.00000000099999999990 0.00000000099999999990 0.00000000099999999990 0.99999999299999986491 0.00000000099999999990 
0.19656739930268055105 0.03916886053234715226 0.09005776872774620689 0.04673464021076653707 0.00068916416549534868 0.20007798230786455473 0.42670418375309954184 0.00000000100000000000 
0.17945979607649267806 0.07059275737291485775 0.11365715108090111707 0.08362132212757791838 0.00557780186694989064 0.21118507335222597154 0.32573056342748946124 0.01017553469544805848 
0.02898669252817737130 0.10899783386544185937 0.00210637860496845197 0.08782915637482320570 0.02787015362383823275 0.36853814372383586484 0.36388337465040743179 0.01178826662850752938 
0.00131722581337477421 0.02341569150411526232 0.00000000099999999998 0.00000000099999999998 0.00000000099999999998 0.08890268345892707313 0.88636439522358290155 0.00000000099999999998 
0.00000000099999999992 0.00000000099999999992 0.00000000099999999992 0.00000000099999999992 0.00000000099999999992 0.00000000099999999992 0.99999999299999997593 0.00000000099999999992 
0.00000000099999999978 0.00000000099999999978 0.00000000099999999978 0.00000000099999999978 0.00000000099999999978 0.00000000099999999978 0.99999999299999997593 0.00000000099999999978 
0.00179093211807791991 0.06942909062841469414 0.05849070426806549095 0.02259142245757107467 0.00604716699722153070 0.50365652810057104372 0.33575930449661678390 0.00223485093346148436 
0.00233811761698458995 0.07912215284791244974 0.05380978451603958546 0.00000496416135500908 0.01315816074722673916 0.51459137541547028682 0.32645099475939204359 0.01052444993561930768 
0.06155842246959934705 0.16160031659284510019 0.01860082219788840655 0.09146382582914595882 0.02208369552616782153 0.36766409042679298880 0.25730848362584024525 0.01972034333172021162 
0.45276603072828713881 0.14274235911697269463 0.15505052150456469229 0.02323622235390052082 0.00000000099999999998 0.05551606474941665759 0.17068879954685844957 0.00000000099999999998 
0.00000000164395435060 0.08174208347599852542 0.00000000099999999998 0.02606777984215316243 0.01091154880932192726 0.57143015123309681691 0.30222070159027025760 0.00762773240520493463 
0.00000000099999999999 0.09886486087291412872 0.00000000099999999999 0.02065812522575527152 0.01319232753862273344 0.46808919984791114155 0.38768148295808535497 0.01151400155671140207 
0.00000000099999999977 0.00000000099999999977 0.00000000099999999977 0.99999999300000008695 0.00000000099999999977 0.00000000099999999977 0.00000000099999999977 0.00000000099999999977 
0.00000000099999999976 0.00000000099999999976 0.00000000099999999976 0.99999999300000008695 0.00000000099999999976 0.00000000099999999976 0.00000000099999999976 0.00000000099999999976 
0.00000000099999999971 0.00000000099999999971 0.00000000099999999971 0.00000000099999999971 0.00000000099999999971 0.99999999299999997593 0.00000000099999999971 0.00000000099999999971 
0.99999999300000019797 0.00000000099999999947 0.00000000099999999947 0.00000000099999999947 0.00000000099999999947 0.00000000099999999947 0.00000000099999999947 0.00000000099999999947 
0.99999999300000019797 0.00000000099999999940 0.00000000099999999940 0.00000000099999999940 0.00000000099999999940 0.00000000099999999940 0.00000000099999999940 0.00000000099999999940 
0.99999999300000008695 0.00000000099999999952 0.00000000099999999952 0.00000000099999999952 0.00000000099999999952 0.00000000099999999952 0.00000000099999999952 0.00000000099999999952 
0.71043811096782316650 0.00000000099999999998 0.00000000099999999998 0.00000000099999999998 0.00000000099999999998 0.05452525438445147282 0.23503662964772542576 0.00000000099999999998 
0.71058243891209371679 0.00000000099999999998 0.00000000099999999998 0.00000000099999999998 0.00000000099999999998 0.05322146492077796387 0.23619609116712825259 0.00000000099999999998 
0.02816923319584241706 0.29466854173058509847 0.08941650735001061001 0.13405289852361956804 0.01134231150564724878 0.31412102826642496201 0.10754764176556649846 0.02068183766230368217 
0.00000000099999999938 0.00000000099999999938 0.99999999300000008695 0.00000000099999999938 0.00000000099999999938 0.00000000099999999938 0.00000000099999999938 0.00000000099999999938 
0.00000000099999999940 0.00000000099999999940 0.99999999299999997593 0.00000000099999999940 0.00000000099999999940 0.00000000099999999940 0.00000000099999999940 0.00000000099999999940 
0.00000000099999999945 0.00000000099999999945 0.99999999300000008695 0.00000000099999999945 0.00000000099999999945 0.00000000099999999945 0.00000000099999999945 0.00000000099999999945 
0.00000000099999999929 0.00000000099999999929 0.99999999299999997593 0.00000000099999999929 0.00000000099999999929 0.00000000099999999929 0.00000000099999999929 0.00000000099999999929 
0.00000000099999999932 0.00000000099999999932 0.99999999300000008695 0.00000000099999999932 0.00000000099999999932 0.00000000099999999932 0.00000000099999999932 0.00000000099999999932 
0.00000000099999999928 0.00000000099999999928 0.99999999299999997593 0.00000000099999999928 0.00000000099999999928 0.00000000099999999928 0.00000000099999999928 0.00000000099999999928 
0.00000000099999999878 0.00000000099999999878 0.00000000099999999878 0.00000000099999999878 0.00000000099999999878 0.00000000099999999878 0.00000000099999999878 0.99999999299999997593 
0.00000000099999999866 0.00000000099999999866 0.00000000099999999866 0.00000000099999999866 0.00000000099999999866 0.00000000099999999866 0.00000000099999999866 0.99999999300000008695 
0.00000000099999999876 0.00000000099999999876 0.00000000099999999876 0.00000000099999999876 0.99999999299999997593 0.00000000099999999876 0.00000000099999999876 0.00000000099999999876 
0.00000000099999999874 0.00000000099999999874 0.00000000099999999874 0.00000000099999999874 0.99999999299999997593 0.00000000099999999874 0.00000000099999999874 0.00000000099999999874 
0.00000000099999999977 0.17755690460166748124 0.00000000099999999977 0.00000000099999999977 0.82244308939833254968 0.00000000099999999977 0.00000000099999999977 0.00000000099999999977 
0.00000000099999999875 0.00000000099999999875 0.00000000099999999875 0.00000000099999999875 0.00000000099999999875 0.00000000099999999875 0.00000000099999999875 0.99999999299999997593 
0.00000000099999999887 0.00000000099999999887 0.00000000099999999887 0.00000000099999999887 0.99999999299999997593 0.00000000099999999887 0.00000000099999999887 0.00000000099999999887 
0.00000000099999999915 0.00000000099999999915 0.00000000099999999915 0.00000000099999999915 0.49803338237116545617 0.00000000099999999915 0.00000000099999999915 0.50196661162883449148 
0.00000000099999999914 0.00000000099999999914 0.00000000099999999914 0.00000000099999999914 0.48966129768117855336 0.00000000099999999914 0.00000000099999999914 0.51033869631882144979 
0.00000000099999999909 0.00000000099999999909 0.00000000099999999909 0.00000000099999999909 0.47640259903071408010 0.00000000099999999909 0.00000000099999999909 0.52359739496928592306 
0.00000000099999999912 0.00000000099999999912 0.00000000099999999912 0.00000000099999999912 0.49332922234609305479 0.00000000099999999912 0.00000000099999999912 0.50667077165390694837 
0.00000000099999999911 0.00000000099999999911 0.00000000099999999911 0.00000000099999999911 0.50597903927842435845 0.00000000099999999911 0.00000000099999999911 0.49402095472157570022 
0.00000000099999999918 0.00000000099999999918 0.00000000099999999918 0.00000000099999999918 0.52721526860632950129 0.00000000099999999918 0.00000000099999999918 0.47278472539367044636 
0.00000000099999999916 0.00000000099999999916 0.00000000099999999916 0.00000000099999999916 0.56003123246953112613 0.00000000099999999916 0.00000000099999999916 0.43996876153046882152 
0.22818302793843875387 0.10512552389490437132 0.07319254197051201782 0.09160630172879585809 0.00000000100000000000 0.27833109551610868415 0.22356150695124024641 0.00000000100000000000 
0.00000000099999999972 0.00000000099999999972 0.00000000099999999972 0.00000000099999999972 0.00000000099999999972 0.99999999300000008695 0.00000000099999999972 0.00000000099999999972 
0.00000000099999999977 0.00000000099999999977 0.00000000099999999977 0.00000000099999999977 0.00000000099999999977 0.99999999299999997593 0.00000000099999999977 0.00000000099999999977 
0.00000000099999999976 0.00000000099999999976 0.00000000099999999976 0.00000000099999999976 0.00000000099999999976 0.99999999300000008695 0.00000000099999999976 0.00000000099999999976 
0.00000000099999999994 0.00000000099999999994 0.00000000099999999994 0.00000000099999999994 0.00000000099999999994 0.72922313877763333956 0.27077685522236677462 0.00000000099999999994 
0.00000000099999999995 0.00000000099999999995 0.00000000099999999995 0.00000000099999999995 0.00000000099999999995 0.72271382622291990838 0.27728616777708020580 0.00000000099999999995 
0.00731767208255263389 0.05257085412222303050 0.10265651897590691299 0.04955565895728328979 0.00396444662393948249 0.57045147657441375166 0.19136404165257484000 0.02211933101110605260 
0.00000000099999999995 0.00000000099999999995 0.00000000099999999995 0.00000000099999999995 0.00000000099999999995 0.73535115322606736665 0.26464884077393258099 0.00000000099999999995 
0.00000000099999999994 0.00000000099999999994 0.00000000099999999994 0.00000000099999999994 0.00000000099999999994 0.74658188835841055031 0.25341810564158939734 0.00000000099999999994 
