0.00000000099999999847 0.00000000099999999847 0.00000000099999999847 0.00000000099999999847 0.00000000099999999847 0.00000000099999999847 0.00000000099999999847 0.00000000099999999847 0.99999999200000000421 
0.00000000099999999837 0.00000000099999999837 0.00000000099999999837 0.00000000099999999837 0.00000000099999999837 0.00000000099999999837 0.00000000099999999837 0.00000000099999999837 0.99999999199999989319 
0.00000000099999999838 0.00000000099999999838 0.00000000099999999838 0.00000000099999999838 0.00000000099999999838 0.00000000099999999838 0.00000000099999999838 0.00000000099999999838 0.99999999199999989319 
0.11628646836864695024 0.00000000100000000000 0.00000074769078261844 0.00000000100000000000 0.15839382828556841654 0.00000000100000000000 0.05251397400029796103 0.67280493807212249369 0.00000004058258147340 
0.12573472995055390289 0.00000000100000000000 0.00000390524468385017 0.00000000794812214421 0.14634054224229303687 0.00000000100000000000 0.05107517175092635142 0.67684562493481170709 0.00000001592860907963 
0.00000000099999999958 0.00000000099999999958 0.00000000099999999958 0.00000000099999999958 0.00000000099999999958 0.00000000099999999958 0.99999999200000000421 0.00000000099999999958 0.00000000099999999958 
0.00000000099999999983 0.00000000099999999983 0.00000000099999999983 0.00000000099999999983 0.00000000099999999983 0.00000000099999999983 0.99999999200000000421 0.00000000099999999983 0.00000000099999999983 
0.03334697106892141327 0.00000000099999999999 0.00000000099999999999 0.00241829195733656412 0.01532353041456054575 0.01543334195662052731 0.78884701698754788879 0.14378886898387596704 0.00084197663113705584 
0.00000000099999999967 0.00000000099999999967 0.00000000099999999967 0.00000000099999999967 0.00000000099999999967 0.00000000099999999967 0.99999999200000000421 0.00000000099999999967 0.00000000099999999967 
0.00000000099999999973 0.00000000099999999973 0.00000000099999999973 0.00000000099999999973 0.00000000099999999973 0.00000000099999999973 0.99999999199999989319 0.00000000099999999973 0.00000000099999999973 
0.00000000099999999985 0.00000000099999999985 0.00000000099999999985 0.00000000099999999985 0.00000000099999999985 0.00000000099999999985 0.99999999199999989319 0.00000000099999999985 0.00000000099999999985 
0.02310805316348503100 0.00000000099999999999 0.00594398032917193946 0.00840233689129898410 0.02644201392372886456 0.00731948601282342466 0.79312919848779261933 0.13324087175210688749 0.00241405843959233493 
0.00000000099999999960 0.00000000099999999960 0.00000000099999999960 0.00000000099999999960 0.00000000099999999960 0.00000000099999999960 0.99999999200000000421 0.00000000099999999960 0.00000000099999999960 
0.00000000099999999985 0.00000000099999999985 0.00000000099999999985 0.00000000099999999985 0.00000000099999999985 0.00000000099999999985 0.99999999200000000421 0.00000000099999999985 0.00000000099999999985 
0.04175534720166627217 0.00000000099999999999 0.00000000099999999999 0.02217418518738918307 0.00249169434303138761 0.01042360904943703467 0.81588783549537635675 0.10725464769827001976 0.00001267902482973804 
0.02786632135050626929 0.04165014230570038278 0.36350249117857191816 0.00000000099999999987 0.00000885368539405499 0.00000000099999999987 0.00000000099999999987 0.56697218747982736087 0.00000000099999999987 
0.05348219534779756479 0.26287018182385257781 0.39226098008789334060 0.02602733219950598836 0.00000000100000000000 0.03680714380682945791 0.06804135207885103620 0.13704318950189059434 0.02346762415337948215 
0.03671217989263895337 0.27173063964892429922 0.40185600003126120683 0.00000000099999999997 0.00000000099999999997 0.00000000099999999997 0.02315119566733826392 0.26654998075983726835 0.00000000099999999997 
0.03359024188362586677 0.27419351766231159218 0.41705074588828400239 0.00000000099999999995 0.00000000099999999995 0.00000000099999999995 0.00191246606348847623 0.27325302450229005391 0.00000000099999999995 
0.03811074552791966080 0.27002257092779230474 0.38077568028886438212 0.00000000099999999997 0.00000000099999999997 0.00000000099999999997 0.02015960956686348518 0.29093138968856013804 0.00000000099999999997 
0.02304356391565555440 0.33728323878788413204 0.36925821642302447678 0.00775526637975823465 0.00000000100000000000 0.00974930157692387341 0.03884135833601522897 0.21406905257714581303 0.00000000100359276454 
0.00219947350076772847 0.62513720760243385310 0.27125003986285972646 0.00000000099999999998 0.00000000099999999998 0.00000000099999999998 0.00000000099999999998 0.10141327403393879392 0.00000000099999999998 
0.07196383329366805304 0.21604613219605980912 0.43965551682329068184 0.00000000301267774937 0.00268186449586023000 0.00930388366481373942 0.02057821292062262872 0.23376785399399305221 0.00600269959901400616 
0.00000000099999999995 0.24308188879498027202 0.56518096093794478740 0.00000000099999999995 0.00000000099999999995 0.00000000099999999995 0.00000000099999999995 0.19173714426707508252 0.00000000099999999995 
0.01046103536468805800 0.24813795091122053948 0.52246203034501104145 0.00000000099999999996 0.00000000099999999996 0.00000000099999999996 0.00000000099999999996 0.21893897837908027348 0.00000000099999999996 
0.04581002274091774268 0.19917269584418068051 0.50735174992462650501 0.00000000099999999999 0.00000000099999999999 0.00423889225362457898 0.01799914005687601112 0.22542749617977458909 0.00000000099999999999 
0.00987906706152773435 0.21914622648759715662 0.55291698631611352344 0.00000000099999999996 0.00000000099999999996 0.00000000099999999996 0.00000000099999999996 0.21805771513476174261 0.00000000099999999996 
0.02487627370605902458 0.21973999833954838135 0.51465114687096658042 0.00000000099999999998 0.00000000099999999998 0.00000000099999999998 0.00000000099999999998 0.24073257608342610303 0.00000000099999999998 
0.15289872714704319523 0.00000000099999999999 0.10011567432848994530 0.00063425885789790534 0.06683775054563180495 0.00000000099999999999 0.18543007145030160343 0.49408351467063554852 0.00000000099999999999 
0.99999999200000011523 0.00000000099999999966 0.00000000099999999966 0.00000000099999999966 0.00000000099999999966 0.00000000099999999966 0.00000000099999999966 0.00000000099999999966 0.00000000099999999966 
0.99999999200000022626 0.00000000099999999966 0.00000000099999999966 0.00000000099999999966 0.00000000099999999966 0.00000000099999999966 0.00000000099999999966 0.00000000099999999966 0.00000000099999999966 
0.99999999200000011523 0.00000000099999999972 0.00000000099999999972 0.00000000099999999972 0.00000000099999999972 0.00000000099999999972 0.00000000099999999972 0.00000000099999999972 0.00000000099999999972 
0.99999999200000011523 0.00000000099999999973 0.00000000099999999973 0.00000000099999999973 0.00000000099999999973 0.00000000099999999973 0.00000000099999999973 0.00000000099999999973 0.00000000099999999973 
0.99999999200000022626 0.00000000099999999975 0.00000000099999999975 0.00000000099999999975 0.00000000099999999975 0.00000000099999999975 0.00000000099999999975 0.00000000099999999975 0.00000000099999999975 
0.99999999200000022626 0.00000000099999999949 0.00000000099999999949 0.00000000099999999949 0.00000000099999999949 0.00000000099999999949 0.00000000099999999949 0.00000000099999999949 0.00000000099999999949 
0.99999999200000011523 0.00000000099999999950 0.00000000099999999950 0.00000000099999999950 0.00000000099999999950 0.00000000099999999950 0.00000000099999999950 0.00000000099999999950 0.00000000099999999950 
0.19713805944195975095 0.17002552627170919308 0.00000000099999999995 0.12760477307613612985 0.00000000099999999995 0.24523370385249410042 0.13475214430894197348 0.00000000099999999995 0.12524579004875890931 
0.20006021895862027837 0.15306799944041440953 0.03988600698068465317 0.09576367935415512622 0.01855454225515397459 0.16052783567933651132 0.13727845187208295719 0.10787801715014583293 0.08698324830940638852 
0.20415613122149808834 0.15087394816978025314 0.00000000099999999998 0.11777978132399349875 0.00000000099999999998 0.25500226270294112929 0.16793502792945536051 0.00000000099999999998 0.10425284565233157441 
0.07457051937808933939 0.00000000099999999997 0.43008027060837084043 0.00000000099999999997 0.00798575087585102344 0.00000000099999999997 0.02511645296355055970 0.46224700217413838832 0.00000000099999999997 
0.06632725958019417001 0.00000000099999999998 0.46224940611449616412 0.00000000099999999998 0.01614457267258068845 0.00000000099999999998 0.00851015152365309363 0.44676860610907576099 0.00000000099999999998 
0.13387755388770816722 0.04231004343824815855 0.33939991167605304545 0.00000000100000000000 0.03190348169195070249 0.00842438182610372698 0.07528282879790984539 0.36685107132028677013 0.00195072636173949585 
0.09933615440445756062 0.02602344468011378101 0.41500248738484063482 0.00000000099999999999 0.02910976711028379765 0.00344498224615766161 0.06923265251397700548 0.35785050966016956897 0.00000000099999999999 
0.00000000099999999991 0.00000000099999999991 0.99999999200000011523 0.00000000099999999991 0.00000000099999999991 0.00000000099999999991 0.00000000099999999991 0.00000000099999999991 0.00000000099999999991 
0.00000000099999999950 0.00000000099999999950 0.99999999200000000421 0.00000000099999999950 0.00000000099999999950 0.00000000099999999950 0.00000000099999999950 0.00000000099999999950 0.00000000099999999950 
0.00000000099999999953 0.00000000099999999953 0.99999999200000011523 0.00000000099999999953 0.00000000099999999953 0.00000000099999999953 0.00000000099999999953 0.00000000099999999953 0.00000000099999999953 
0.00000000099999999951 0.00000000099999999951 0.99999999200000011523 0.00000000099999999951 0.00000000099999999951 0.00000000099999999951 0.00000000099999999951 0.00000000099999999951 0.00000000099999999951 
0.11333317887367905241 0.03453145648440855697 0.39025846688712717558 0.00001208398245800158 0.03042815216148032909 0.00615046386624505063 0.06283458767524562061 0.35347439651714113173 0.00897721355221513424 
0.02765378484686581081 0.34278839548776446344 0.38095819463218211220 0.03061199745126013880 0.00000000099999999999 0.05413484702833126772 0.08105202134167598105 0.04558806102880730987 0.03721269718311281255 
0.08017462510160709710 0.01139926968629462536 0.38445213071951800377 0.00000000099999999995 0.02523192748247932160 0.00000000099999999995 0.00884525609921672090 0.48989678791088414611 0.00000000099999999995 
0.00000000099999999988 0.00000000099999999988 0.99999999200000000421 0.00000000099999999988 0.00000000099999999988 0.00000000099999999988 0.00000000099999999988 0.00000000099999999988 0.00000000099999999988 
0.04120765496739382111 0.19775422403343642652 0.42568480552600601596 0.03867585364316306062 0.00011577716609495811 0.02336325265772423027 0.04877172597827633682 0.20122068323951619595 0.02320602278838877416 
0.07211656808322086665 0.17970142836468613878 0.32507878412801682888 0.03329381212304506621 0.01572094832861020697 0.04628580709428072731 0.08528082986959679979 0.21204069566272273906 0.03048112634582051880 
0.10869617319180260862 0.02884440363207243715 0.36344784839549870714 0.00000000100000000000 0.04020335198312523922 0.00225915763498872732 0.08731159501483511109 0.36863024185829401658 0.00060722728938309323 
0.02339246625654784958 0.00145638187973374470 0.88598299595394058858 0.00000000099999999998 0.00000000099999999998 0.00000000099999999998 0.00000000099999999998 0.08916815090977789349 0.00000000099999999998 
0.00000000099999999990 0.00000000099999999990 0.99999999200000011523 0.00000000099999999990 0.00000000099999999990 0.00000000099999999990 0.00000000099999999990 0.00000000099999999990 0.00000000099999999990 
0.00000000099999999975 0.00000000099999999975 0.99999999200000011523 0.00000000099999999975 0.00000000099999999975 0.00000000099999999975 0.00000000099999999975 0.00000000099999999975 0.00000000099999999975 
0.07054164853624332598 0.00224706504509692177 0.33517324878196758098 0.03014357423318281964 0.00826698488928197597 0.00240464110247412197 0.02330082252626968289 0.50527618394926376855 0.02264583093621995447 
0.08029620569476600411 0.00274553243825295624 0.32597282492275359012 0.03233505839743538307 0.02389833610007390322 0.01247881138248050324 0.00000638947780668348 0.51578443901316917142 0.00648240257326174098 
0.16222596223058718956 0.06167424667904375379 0.25671109021308902154 0.00261570751840304195 0.04211229922594116742 0.00948258383853458481 0.09203767280598380840 0.36827280680207308272 0.00486763068634436455 
0.15059498674797219819 0.45707453399509695435 0.16563973855108463096 0.04037258434519398753 0.00000000099999999999 0.07166669421690488595 0.03171242636223279426 0.05746958262887596341 0.02546945215263842280 
0.08144054957036228615 0.00000000099999999993 0.30176627996865579284 0.00000000099999999993 0.01886032195239713272 0.00000000099999999993 0.02592936291154868123 0.57200348159703606754 0.00000000099999999993 
0.09866264089173416851 0.00000000099999999998 0.38725896358302136502 0.00000000099999999998 0.02495785479845701385 0.00000000099999999998 0.02052986101652224185 0.46859067571026508103 0.00000000099999999998 
0.00000000099999999973 0.00000000099999999973 0.00000000099999999973 0.00000000099999999973 0.00000000099999999973 0.00000000099999999973 0.99999999200000000421 0.00000000099999999973 0.00000000099999999973 
0.00000000099999999974 0.00000000099999999974 0.00000000099999999974 0.00000000099999999974 0.00000000099999999974 0.00000000099999999974 0.99999999199999989319 0.00000000099999999974 0.00000000099999999974 
0.00000000099999999971 0.00000000099999999971 0.00000000099999999971 0.00000000099999999971 0.00000000099999999971 0.00000000099999999971 0.00000000099999999971 0.99999999199999989319 0.00000000099999999971 
0.00000000099999999941 0.99999999200000022626 0.00000000099999999941 0.00000000099999999941 0.00000000099999999941 0.00000000099999999941 0.00000000099999999941 0.00000000099999999941 0.00000000099999999941 
0.00000000099999999933 0.99999999200000022626 0.00000000099999999933 0.00000000099999999933 0.00000000099999999933 0.00000000099999999933 0.00000000099999999933 0.00000000099999999933 0.00000000099999999933 
0.00000000099999999948 0.99999999200000011523 0.00000000099999999948 0.00000000099999999948 0.00000000099999999948 0.00000000099999999948 0.00000000099999999948 0.00000000099999999948 0.00000000099999999948 
0.00000000099999999999 0.71114046609742287419 0.23445004661950338831 0.00000000099999999999 0.00000000099999999999 0.00000000099999999999 0.00000000099999999999 0.05440948128307385168 0.00000000099999999999 
0.00000000099999999998 0.71120468814603066132 0.23563005184082963517 0.00000000099999999998 0.00000000099999999998 0.00000000099999999998 0.00000000099999999998 0.05316525401313978993 0.00000000099999999998 
0.29580393032814655818 0.02801613277473126093 0.10721570790051483668 0.01762014601444948647 0.03194763101072861655 0.04444768976051950704 0.13530004926666452936 0.31499284659745691028 0.02465586634678823552 
0.00000000099999999869 0.00000000099999999869 0.00000000099999999869 0.00000000099999999869 0.00000000099999999869 0.99999999200000000421 0.00000000099999999869 0.00000000099999999869 0.00000000099999999869 
0.00000000099999999866 0.00000000099999999866 0.00000000099999999866 0.00000000099999999866 0.00000000099999999866 0.99999999199999989319 0.00000000099999999866 0.00000000099999999866 0.00000000099999999866 
0.00000000099999999884 0.00000000099999999884 0.00000000099999999884 0.00000000099999999884 0.00000000099999999884 0.99999999199999989319 0.00000000099999999884 0.00000000099999999884 0.00000000099999999884 
0.00000000099999999860 0.00000000099999999860 0.00000000099999999860 0.99999999200000000421 0.00000000099999999860 0.00000000099999999860 0.00000000099999999860 0.00000000099999999860 0.00000000099999999860 
0.00000000099999999862 0.00000000099999999862 0.00000000099999999862 0.99999999200000000421 0.00000000099999999862 0.00000000099999999862 0.00000000099999999862 0.00000000099999999862 0.00000000099999999862 
0.00000000099999999863 0.00000000099999999863 0.00000000099999999863 0.99999999199999989319 0.00000000099999999863 0.00000000099999999863 0.00000000099999999863 0.00000000099999999863 0.00000000099999999863 
0.00000000099999999904 0.00000000099999999904 0.00000000099999999904 0.00000000099999999904 0.99999999200000000421 0.00000000099999999904 0.00000000099999999904 0.00000000099999999904 0.00000000099999999904 
0.00000000099999999883 0.00000000099999999883 0.00000000099999999883 0.00000000099999999883 0.99999999199999989319 0.00000000099999999883 0.00000000099999999883 0.00000000099999999883 0.00000000099999999883 
0.00000000099999999888 0.00000000099999999888 0.00000000099999999888 0.00000000099999999888 0.99999999199999989319 0.00000000099999999888 0.00000000099999999888 0.00000000099999999888 0.00000000099999999888 
0.00000000099999999884 0.00000000099999999884 0.00000000099999999884 0.00000000099999999884 0.99999999199999989319 0.00000000099999999884 0.00000000099999999884 0.00000000099999999884 0.00000000099999999884 
0.18162759164163394532 0.00000000099999999974 0.00000000099999999974 0.00000000099999999974 0.81837240135836608612 0.00000000099999999974 0.00000000099999999974 0.00000000099999999974 0.00000000099999999974 
0.00000000099999999899 0.00000000099999999899 0.00000000099999999899 0.00000000099999999899 0.99999999199999989319 0.00000000099999999899 0.00000000099999999899 0.00000000099999999899 0.00000000099999999899 
0.00000000099999999901 0.00000000099999999901 0.00000000099999999901 0.00000000099999999901 0.99999999200000000421 0.00000000099999999901 0.00000000099999999901 0.00000000099999999901 0.00000000099999999901 
0.00000000099999999886 0.00000000099999999886 0.00000000099999999886 0.00000000099999999886 0.99999999199999989319 0.00000000099999999886 0.00000000099999999886 0.00000000099999999886 0.00000000099999999886 
0.00000000099999999884 0.00000000099999999884 0.00000000099999999884 0.00000000099999999884 0.99999999199999989319 0.00000000099999999884 0.00000000099999999884 0.00000000099999999884 0.00000000099999999884 
0.00000000099999999876 0.00000000099999999876 0.00000000099999999876 0.00000000099999999876 0.99999999200000000421 0.00000000099999999876 0.00000000099999999876 0.00000000099999999876 0.00000000099999999876 
0.00000000099999999881 0.00000000099999999881 0.00000000099999999881 0.00000000099999999881 0.99999999199999989319 0.00000000099999999881 0.00000000099999999881 0.00000000099999999881 0.00000000099999999881 
0.00000000099999999881 0.00000000099999999881 0.00000000099999999881 0.00000000099999999881 0.99999999199999989319 0.00000000099999999881 0.00000000099999999881 0.00000000099999999881 0.00000000099999999881 
0.00000000099999999888 0.00000000099999999888 0.00000000099999999888 0.00000000099999999888 0.99999999200000000421 0.00000000099999999888 0.00000000099999999888 0.00000000099999999888 0.00000000099999999888 
0.00000000099999999885 0.00000000099999999885 0.00000000099999999885 0.00000000099999999885 0.99999999200000000421 0.00000000099999999885 0.00000000099999999885 0.00000000099999999885 0.00000000099999999885 
0.10723479511417645382 0.22910230833496700309 0.22240495626878495350 0.01971716349956527739 0.00000000100000000000 0.03150897011642878054 0.09414429425005950425 0.27943584601053050864 0.01645166540548756093 
0.00000000099999999972 0.00000000099999999972 0.00000000099999999972 0.00000000099999999972 0.00000000099999999972 0.00000000099999999972 0.00000000099999999972 0.99999999200000000421 0.00000000099999999972 
0.00000000099999999977 0.00000000099999999977 0.00000000099999999977 0.00000000099999999977 0.00000000099999999977 0.00000000099999999977 0.00000000099999999977 0.99999999199999989319 0.00000000099999999977 
0.00000000099999999977 0.00000000099999999977 0.00000000099999999977 0.00000000099999999977 0.00000000099999999977 0.00000000099999999977 0.00000000099999999977 0.99999999200000000421 0.00000000099999999977 
0.00000000099999999989 0.00000000099999999989 0.27019515071282174112 0.00000000099999999989 0.00000000099999999989 0.00000000099999999989 0.00000000099999999989 0.72980484228717823481 0.00000000099999999989 
0.00000000099999999991 0.00000000099999999991 0.27672303211184845484 0.00000000099999999991 0.00000000099999999991 0.00000000099999999991 0.00000000099999999991 0.72327696088815141007 0.00000000099999999991 
0.05390053850043313027 0.00797958590301130199 0.19074982549803173870 0.04486741284937357382 0.02625082700578292710 0.03212557885967004534 0.05106804511673328911 0.57075998772127245484 0.02229819854569166718 
0.00000000099999999993 0.00000000099999999993 0.26407903237180574418 0.00000000099999999993 0.00000000099999999993 0.00000000099999999993 0.00000000099999999993 0.73592096062819412072 0.00000000099999999993 
0.00000000099999999992 0.00000000099999999992 0.25279636474888533826 0.00000000099999999992 0.00000000099999999992 0.00000000099999999992 0.00000000099999999992 0.74720362825111452665 0.00000000099999999992 
