1.2834475 1.2032611 1.1665117 -0.0245895 -0.0206965 -0.0148304 -0.0114879 -0.0158876 -0.0220840 -0.0160303 -0.0159977 -0.0211463 -0.0151281 -0.0119392 -0.0076278 -0.1242553 -0.0225934 -0.0876828 -0.0901762 -0.0855920 -0.0659011 -0.0552542 -0.0642353 -0.0926350 -0.0840626 -0.0857354 -0.0883461 -0.0912383 -0.0694924 -0.0114765 -0.0184983 -0.0083701 -0.0201629 -0.0143473 -0.0224530 -0.0256174 0.2364407 0.1458375 0.1978383 -0.0950289 -0.0970402 -0.0722200 -0.0894052 -0.1038534 -0.1185138 -0.1016360 -0.1128614 -0.0727047 0.0065450 -0.1093593 -0.1108398 -0.0192758 -0.0030692 -0.0765104 -0.1017884 -0.1087243 -0.1083877 -0.0449958 -0.0564848 -0.0564110 0.0108816 -0.1086812 -0.0920775 -0.0167546 -0.0180846 -0.0274754 -0.0441860 -0.0423984 -0.0320832 -0.0493374 -0.0534540 0.0011415 0.3548691 0.3477130 0.3469765 0.3758104 0.3685608 0.3866582 -0.1833907 -0.1762471 -0.1814785 -0.1831192 -0.1582723 -0.1811565 -0.1777236 -0.1797091 -0.1767640 -0.1826351 -0.1847669 -0.1798945 -0.1851225 -0.1851152 -0.0232267 -0.0245223 -0.0339662 -0.0300823 -0.1044394 -0.1065688 -0.0284124 -0.0978698 -0.0977584
1.2032611 1.2992704 1.2377114 -0.0244266 -0.0204458 -0.0178518 -0.0115965 -0.0177381 -0.0218187 -0.0192326 -0.0187910 -0.0211508 -0.0185157 -0.0110641 -0.0131243 -0.1224016 -0.0258237 -0.0871581 -0.0917659 -0.0880659 -0.0659256 -0.0588425 -0.0677039 -0.0908006 -0.0841697 -0.0853029 -0.0903049 -0.0919294 -0.0719068 -0.0109569 -0.0172457 -0.0082884 -0.0170789 -0.0185106 -0.0184197 -0.0238015 0.2312516 0.1393273 0.1904036 -0.0963825 -0.0974270 -0.0737165 -0.0884056 -0.1057829 -0.1173383 -0.1019260 -0.1106224 -0.0737982 0.0013476 -0.1088231 -0.1121635 -0.0192359 -0.0040255 -0.0780287 -0.1003880 -0.1120930 -0.1080014 -0.0445892 -0.0568491 -0.0572339 0.0107331 -0.1067946 -0.0917699 -0.0214219 -0.0180625 -0.0264524 -0.0463767 -0.0460889 -0.0375079 -0.0528418 -0.0570965 0.0035365 0.3608006 0.3511818 0.3474592 0.3667774 0.3641894 0.3763366 -0.1791047 -0.1721288 -0.1790752 -0.1848353 -0.1573045 -0.1788855 -0.1788238 -0.1787336 -0.1753844 -0.1814407 -0.1816490 -0.1778639 -0.1834053 -0.1842099 -0.0229428 -0.0263633 -0.0328457 -0.0322076 -0.1056855 -0.1057724 -0.0279480 -0.0996770 -0.0946156
1.1665117 1.2377114 1.3425030 -0.0248353 -0.0207226 -0.0169200 -0.0084108 -0.0150618 -0.0217241 -0.0170928 -0.0154001 -0.0223684 -0.0138129 -0.0104265 -0.0081891 -0.1251886 -0.0266634 -0.0890090 -0.0947921 -0.0903033 -0.0672533 -0.0595496 -0.0704130 -0.0937484 -0.0867825 -0.0881196 -0.0928466 -0.0943331 -0.0727920 -0.0132325 -0.0177725 -0.0112971 -0.0209335 -0.0173179 -0.0218780 -0.0267709 0.2348056 0.1458705 0.1989177 -0.0971281 -0.0986208 -0.0732024 -0.0894409 -0.1054513 -0.1204220 -0.1040325 -0.1124707 -0.0758361 0.0005628 -0.1106679 -0.1120526 -0.0201013 -0.0053297 -0.0784418 -0.1036068 -0.1105313 -0.1095738 -0.0443406 -0.0552539 -0.0582943 0.0098451 -0.1076624 -0.0930376 -0.0228194 -0.0185846 -0.0283019 -0.0436715 -0.0444079 -0.0342866 -0.0527905 -0.0570715 -0.0014065 0.3613069 0.3537039 0.3523364 0.3839170 0.3817327 0.3965777 -0.1835012 -0.1736931 -0.1827960 -0.1869760 -0.1600151 -0.1809875 -0.1814843 -0.1821105 -0.1778188 -0.1832557 -0.1851745 -0.1797392 -0.1867459 -0.1860979 -0.0232845 -0.0265032 -0.0313683 -0.0303123 -0.1064254 -0.1049018 -0.0273779 -0.0985319 -0.0969347
-0.0245895 -0.0244266 -0.0248353 0.9074759 0.0244806 -0.0124846 -0.0103563 -0.0086011 -0.0115328 -0.0120072 -0.0118322 -0.0082477 -0.0117667 -0.0116117 -0.0099149 -0.0061560 -0.0147996 -0.0115717 -0.0116171 -0.0106555 -0.0128620 -0.0148476 -0.0113129 -0.0128355 -0.0130754 -0.0116874 -0.0121383 -0.0111711 0.0019188 -0.0063608 -0.0057331 -0.0060720 -0.0057075 -0.0053698 -0.0065471 -0.0065076 -0.0175520 -0.0138394 -0.0157024 -0.0064315 -0.0062662 -0.0056117 -0.0061812 -0.0127932 -0.0146052 -0.0150355 -0.0148677 -0.0054717 -0.0168626 -0.0048871 -0.0128268 -0.0126497 -0.0127439 -0.0047003 -0.0114317 -0.0129890 -0.0139904 -0.0078949 -0.0055831 -0.0047475 -0.0141970 -0.0036915 -0.0051314 -0.0099328 -0.0113974 -0.0057100 -0.0183396 -0.0183625 -0.0181090 -0.0162128 -0.0160372 -0.0059619 -0.0242972 -0.0244655 -0.0238786 -0.0245030 -0.0238890 -0.0241457 0.0657935 0.0674535 0.0671844 0.0674523 0.0545733 0.0660048 0.0662633 0.0669158 0.0674189 0.0681324 0.0675610 0.0677652 0.0672458 0.0675636 -0.0117476 -0.0062390 -0.0064134 -0.0061182 -0.0061040 -0.0061535 -0.0060976 -0.0071261 -0.0061513
-0.0206965 -0.0204458 -0.0207226 0.0244806 0.9112424 -0.0105580 -0.0087260 -0.0067542 -0.0096231 -0.0103168 -0.0100784 -0.0065287 -0.0099004 -0.0100237 -0.0078814 -0.0049131 -0.0123640 -0.0097032 -0.0097610 -0.0089660 -0.0106587 -0.0125095 -0.0093873 -0.0105843 -0.0111079 -0.0097128 -0.0103472 -0.0093900 0.0021781 -0.0051456 -0.0045326 -0.0049601 -0.0040965 -0.0039097 -0.0055084 -0.0053032 -0.0145193 -0.0110922 -0.0130585 -0.0049087 -0.0050837 -0.0043875 -0.0048156 -0.0105081 -0.0120653 -0.0125275 -0.0123681 -0.0042002 -0.0140926 -0.0039719 -0.0105371 -0.0106569 -0.0103945 -0.0037355 -0.0095014 -0.0109880 -0.0116019 -0.0064723 -0.0045138 -0.0038186 -0.0121524 -0.0023455 -0.0038199 -0.0081594 -0.0093876 -0.0044765 -0.0156214 -0.0160938 -0.0155634 -0.0135941 -0.0137094 -0.0049323 -0.0204154 -0.0206322 -0.0200854 -0.0206187 -0.0200024 -0.0201661 0.0533053 0.0544804 0.0549259 0.0551005 0.0444676 0.0535190 0.0536711 0.0542897 0.0545135 0.0551034 0.0549606 0.0548839 0.0548398 0.0549702 -0.0095338 -0.0049001 -0.0048258 -0.0049127 -0.0045943 -0.0051382 -0.0048882 -0.0058897 -0.0050484
-0.0148304 -0.0178518 -0.0169200 -0.0124846 -0.0105580 0.9701637 0.2644597 0.2074763 0.3735105 0.3002202 0.2934944 0.2143562 0.5836488 0.3053662 0.2150254 -0.0462482 -0.0309989 -0.0376669 -0.0411376 -0.0366567 -0.0320933 -0.0430775 -0.0437739 -0.0518947 -0.0414164 -0.0430856 -0.0475504 -0.0472717 -0.0034613 -0.0296528 -0.0327028 -0.0346236 -0.0385298 -0.0305651 -0.0414651 -0.0343651 0.0105492 0.0017022 0.0076362 -0.0404733 -0.0475413 -0.0320114 -0.0336098 -0.0618831 -0.0737380 -0.0679949 -0.0748371 -0.0386832 -0.0202274 -0.0382702 -0.0618524 -0.0380991 -0.0273753 -0.0353152 -0.0632031 -0.0634638 -0.0667504 -0.0375675 -0.0465034 -0.0237585 -0.0292731 -0.0303666 -0.0375943 0.2843304 0.3279677 -0.0364866 -0.0428387 -0.0462089 -0.0401390 -0.0365340 -0.0361346 -0.0087757 -0.0202098 -0.0126930 -0.0208882 -0.0119161 -0.0141939 -0.0131136 -0.1180378 -0.1271640 -0.1353159 -0.1323054 -0.1146599 -0.1220864 -0.1319013 -0.1258282 -0.1324149 -0.1287639 -0.1285753 -0.1288316 -0.1292776 -0.1302337 -0.0210514 -0.0418889 -0.0466552 -0.0371561 -0.0467660 -0.0438584 -0.0292804 -0.0409997 -0.0477451
-0.0114879 -0.0115965 -0.0084108 -0.0103563 -0.0087260 0.2644597 1.0124532 0.1927134 0.2937843 0.3160632 0.3530726 0.1956516 0.2703083 0.2523806 0.1997766 -0.0463767 -0.0335673 -0.0346887 -0.0372896 -0.0332424 -0.0343875 -0.0379474 -0.0372317 -0.0452977 -0.0439305 -0.0393979 -0.0466518 -0.0484804 -0.0005000 -0.0258471 -0.0335557 -0.0215369 -0.0304523 -0.0289367 -0.0319466 -0.0356294 0.0208371 0.0046190 0.0134657 -0.0423873 -0.0528544 -0.0354027 -0.0331804 -0.0606719 -0.0736609 -0.0681893 -0.0728465 -0.0367526 -0.0217373 -0.0436932 -0.0542210 -0.0317749 -0.0234645 -0.0269245 -0.0556303 -0.0610972 -0.0648366 -0.0345948 -0.0433550 -0.0156984 -0.0234004 -0.0346356 -0.0409502 0.2721834 0.3062916 -0.0310398 -0.0377897 -0.0376602 -0.0398371 -0.0288374 -0.0292151 -0.0130534 -0.0108995 -0.0071486 -0.0096104 -0.0097294 -0.0096330 -0.0145857 -0.1116379 -0.1175981 -0.1161879 -0.1160483 -0.1003159 -0.1117766 -0.1114890 -0.1161705 -0.1184593 -0.1150171 -0.1149004 -0.1155124 -0.1152366 -0.1146990 -0.0213949 -0.0334775 -0.0328053 -0.0302370 -0.0480289 -0.0486832 -0.0318838 -0.0443659 -0.0456731
-0.0158876 -0.0177381 -0.0150618 -0.0086011 -0.0067542 0.2074763 0.1927134 0.9663541 0.1992321 0.1946473 0.1977433 0.2512426 0.2150814 0.2073708 0.2625833 -0.0344764 -0.0274527 -0.0336080 -0.0346084 -0.0324095 -0.0301911 -0.0349238 -0.0400877 -0.0396325 -0.0391684 -0.0349687 -0.0430170 -0.0404310 0.0013156 -0.0252756 -0.0209506 -0.0201819 -0.0298549 -0.0180520 -0.0266946 -0.0267097 0.0175722 0.0044164 0.0118718 -0.0282312 -0.0333118 -0.0167609 -0.0249118 -0.0523338 -0.0614425 -0.0607318 -0.0662416 -0.0205684 -0.0170996 -0.0290884 -0.0547024 -0.0262530 -0.0188684 -0.0221606 -0.0495186 -0.0550507 -0.0593571 -0.0256758 -0.0344831 -0.0104475 -0.0242475 -0.0166967 -0.0334133 0.2111031 0.2266896 -0.0159639 -0.0373307 -0.0383890 -0.0322934 -0.0289056 -0.0280981 0.0063499 -0.0065511 -0.0071095 -0.0080958 -0.0209262 -0.0141387 -0.0163314 -0.1010306 -0.1070584 -0.1042864 -0.0980866 -0.0853623 -0.1026529 -0.0988526 -0.0987837 -0.1002613 -0.1081060 -0.1035530 -0.1057391 -0.1023413 -0.1028048 -0.0120831 -0.0246972 -0.0229109 -0.0207553 -0.0301054 -0.0310919 -0.0224876 -0.0312611 -0.0345400
-0.0220840 -0.0218187 -0.0217241 -0.0115328 -0.0096231 0.3735105 0.2937843 0.1992321 1.0066252 0.3137401 0.2944975 0.2129965 0.3829071 0.3135809 0.2199065 -0.0431864 -0.0300270 -0.0328780 -0.0375320 -0.0360089 -0.0320046 -0.0403605 -0.0396694 -0.0480509 -0.0404910 -0.0456646 -0.0475982 -0.0465698 -0.0121794 -0.0320950 -0.0314466 -0.0290299 -0.0316498 -0.0298410 -0.0250802 -0.0392887 0.0122902 -0.0057896 0.0078033 -0.0355645 -0.0423696 -0.0328428 -0.0344953 -0.0601717 -0.0702771 -0.0666428 -0.0758486 -0.0344704 -0.0180425 -0.0407331 -0.0610463 -0.0305275 -0.0251426 -0.0283368 -0.0597731 -0.0639702 -0.0663507 -0.0386941 -0.0435668 -0.0173417 -0.0273750 -0.0353756 -0.0311824 0.2380649 0.3204565 -0.0435328 -0.0404480 -0.0418183 -0.0404835 -0.0339747 -0.0326749 -0.0025272 -0.0226734 -0.0200953 -0.0215187 -0.0247562 -0.0211189 -0.0234469 -0.1078173 -0.1171153 -0.1252143 -0.1243494 -0.1046706 -0.1091989 -0.1268295 -0.1181069 -0.1249195 -0.1197198 -0.1181871 -0.1197506 -0.1174219 -0.1228497 -0.0157075 -0.0433056 -0.0426616 -0.0413519 -0.0426411 -0.0436495 -0.0323706 -0.0426711 -0.0461057
-0.0160303 -0.0192326 -0.0170928 -0.0120072 -0.0103168 0.3002202 0.3160632 0.1946473 0.3137401 0.8584815 0.6266803 0.2078373 0.2880242 0.2561482 0.2004210 -0.0405455 -0.0235699 -0.0338632 -0.0370094 -0.0350083 -0.0351338 -0.0368660 -0.0372524 -0.0473487 -0.0426748 -0.0414362 -0.0444286 -0.0482711 -0.0012517 -0.0311902 -0.0276980 -0.0259936 -0.0310001 -0.0299336 -0.0351391 -0.0284299 0.0130854 -0.0061156 0.0106156 -0.0410019 -0.0489883 -0.0239964 -0.0332305 -0.0596441 -0.0722384 -0.0643228 -0.0703213 -0.0346732 -0.0194385 -0.0446620 -0.0583289 -0.0290949 -0.0180946 -0.0277702 -0.0586283 -0.0656364 -0.0652520 -0.0377217 -0.0455505 -0.0160054 -0.0299709 -0.0325093 -0.0369129 0.3437866 0.2946830 -0.0351636 -0.0378209 -0.0386018 -0.0369630 -0.0290173 -0.0300150 -0.0036644 -0.0161992 -0.0125261 -0.0176341 -0.0208938 -0.0210882 -0.0185836 -0.1212388 -0.1301480 -0.1270358 -0.1249770 -0.1116700 -0.1265585 -0.1240199 -0.1255507 -0.1307660 -0.1282373 -0.1276117 -0.1281472 -0.1248423 -0.1266256 -0.0176908 -0.0422627 -0.0426130 -0.0429749 -0.0403500 -0.0444499 -0.0277280 -0.0405835 -0.0460270
-0.0159977 -0.0187910 -0.0154001 -0.0118322 -0.0100784 0.2934944 0.3530726 0.1977433 0.2944975 0.6266803 0.8624575 0.2020700 0.2777330 0.2529606 0.2053407 -0.0419049 -0.0175190 -0.0334264 -0.0361664 -0.0347929 -0.0329374 -0.0357439 -0.0377510 -0.0471926 -0.0417859 -0.0414056 -0.0455344 -0.0487341 0.0057981 -0.0295067 -0.0273840 -0.0253072 -0.0295279 -0.0303709 -0.0343767 -0.0284960 0.0143596 -0.0026956 0.0124422 -0.0399661 -0.0472560 -0.0231837 -0.0333317 -0.0608953 -0.0729538 -0.0641664 -0.0716679 -0.0338279 -0.0200971 -0.0419169 -0.0598999 -0.0305156 -0.0128497 -0.0274836 -0.0581392 -0.0644390 -0.0656575 -0.0374827 -0.0432332 -0.0155077 -0.0290040 -0.0297522 -0.0354759 0.3118555 0.2814139 -0.0329967 -0.0371060 -0.0372059 -0.0361333 -0.0279880 -0.0291422 -0.0046298 -0.0173325 -0.0131697 -0.0175896 -0.0189108 -0.0196931 -0.0198779 -0.1186061 -0.1287531 -0.1276061 -0.1241319 -0.1108275 -0.1242936 -0.1225402 -0.1223715 -0.1300912 -0.1266443 -0.1266811 -0.1276946 -0.1241799 -0.1257423 -0.0173542 -0.0408407 -0.0409085 -0.0399643 -0.0405649 -0.0455854 -0.0287914 -0.0399574 -0.0464351
-0.0211463 -0.0211508 -0.0223684 -0.0082477 -0.0065287 0.2143562 0.1956516 0.2512426 0.2129965 0.2078373 0.2020700 1.0123518 0.2127785 0.2183677 0.2290273 -0.0336454 -0.0299601 -0.0298486 -0.0316840 -0.0282625 -0.0302824 -0.0381498 -0.0359636 -0.0425587 -0.0378667 -0.0380671 -0.0418663 -0.0410457 0.0044279 -0.0255919 -0.0247054 -0.0211361 -0.0257105 -0.0234503 -0.0374141 -0.0314781 0.0035442 -0.0088365 -0.0022598 -0.0211586 -0.0321842 -0.0129052 -0.0217140 -0.0477173 -0.0601747 -0.0567878 -0.0599033 -0.0176041 -0.0239852 -0.0261587 -0.0474746 -0.0245511 -0.0189665 -0.0108051 -0.0487879 -0.0545580 -0.0541204 -0.0295846 -0.0321773 -0.0046683 -0.0336641 -0.0227039 -0.0276280 0.1968423 0.2257985 -0.0135393 -0.0399892 -0.0442711 -0.0364027 -0.0323369 -0.0319688 0.0006814 -0.0189454 -0.0180083 -0.0194708 -0.0224992 -0.0200858 -0.0255079 -0.0876353 -0.0907245 -0.1009111 -0.0939699 -0.0843547 -0.0899629 -0.0959700 -0.0904371 -0.0913107 -0.0947367 -0.0960290 -0.0954791 -0.0921465 -0.0954939 -0.0165867 -0.0288308 -0.0227237 -0.0300997 -0.0344819 -0.0339427 -0.0259130 -0.0296628 -0.0379523
-0.0151281 -0.0185157 -0.0138129 -0.0117667 -0.0099004 0.5836488 0.2703083 0.2150814 0.3829071 0.2880242 0.2777330 0.2127785 1.0051804 0.3233000 0.1896036 -0.0492930 -0.0325704 -0.0387036 -0.0408748 -0.0381762 -0.0385660 -0.0430281 -0.0428659 -0.0535204 -0.0453930 -0.0420204 -0.0476422 -0.0509121 -0.0083750 -0.0235887 -0.0284168 -0.0320273 -0.0296432 -0.0272963 -0.0370731 -0.0301082 0.0120690 -0.0034040 0.0005231 -0.0412992 -0.0468123 -0.0310982 -0.0324767 -0.0613141 -0.0726006 -0.0673208 -0.0754176 -0.0353955 -0.0201292 -0.0386328 -0.0627026 -0.0375493 -0.0282635 -0.0311187 -0.0616934 -0.0671259 -0.0667110 -0.0419992 -0.0474057 -0.0225094 -0.0313605 -0.0355984 -0.0423005 0.2624325 0.3141385 -0.0304188 -0.0482675 -0.0504276 -0.0443667 -0.0396248 -0.0395728 -0.0006721 -0.0135454 -0.0084217 -0.0125839 -0.0182947 -0.0207228 -0.0149735 -0.1154112 -0.1220155 -0.1271600 -0.1226129 -0.1069250 -0.1185845 -0.1232864 -0.1205263 -0.1253769 -0.1239299 -0.1218675 -0.1245726 -0.1224267 -0.1238667 -0.0252147 -0.0395448 -0.0389881 -0.0379468 -0.0464609 -0.0453733 -0.0303938 -0.0434388 -0.0504725
-0.0119392 -0.0110641 -0.0104265 -0.0116117 -0.0100237 0.3053662 0.2523806 0.2073708 0.3135809 0.2561482 0.2529606 0.2183677 0.3233000 1.0415626 0.2232532 -0.0437268 -0.0283428 -0.0337164 -0.0340672 -0.0335595 -0.0332533 -0.0380118 -0.0364417 -0.0428516 -0.0385237 -0.0418126 -0.0446980 -0.0407680 -0.0033374 -0.0260684 -0.0283297 -0.0270413 -0.0256384 -0.0197960 -0.0318570 -0.0293154 0.0159519 0.0130581 0.0045100 -0.0375038 -0.0439646 -0.0265076 -0.0257978 -0.0588023 -0.0673650 -0.0624334 -0.0665358 -0.0337181 -0.0200022 -0.0390533 -0.0578767 -0.0310600 -0.0233010 -0.0299682 -0.0581741 -0.0558032 -0.0659011 -0.0357571 -0.0390385 -0.0254291 -0.0271463 -0.0308448 -0.0347457 0.2618862 0.3252038 -0.0347628 -0.0403012 -0.0429195 -0.0397467 -0.0323300 -0.0324404 -0.0070152 -0.0037144 -0.0059438 -0.0073154 -0.0174215 -0.0192278 -0.0178229 -0.1184855 -0.1210486 -0.1208708 -0.1228969 -0.1044025 -0.1173771 -0.1193145 -0.1205044 -0.1238134 -0.1229595 -0.1212488 -0.1199101 -0.1205424 -0.1207690 -0.0201700 -0.0387251 -0.0381667 -0.0362640 -0.0440435 -0.0399130 -0.0236056 -0.0408716 -0.0420466
-0.0076278 -0.0131243 -0.0081891 -0.0099149 -0.0078814 0.2150254 0.1997766 0.2625833 0.2199065 0.2004210 0.2053407 0.2290273 0.1896036 0.2232532 1.0069426 -0.0362156 -0.0241653 -0.0303862 -0.0364354 -0.0311999 -0.0283021 -0.0360122 -0.0339323 -0.0412280 -0.0371280 -0.0379701 -0.0378737 -0.0412848 0.0006877 -0.0229819 -0.0173215 -0.0210005 -0.0249793 -0.0221499 -0.0282186 -0.0252323 0.0239790 0.0088130 0.0157012 -0.0282260 -0.0384499 -0.0201703 -0.0245758 -0.0499333 -0.0630746 -0.0579588 -0.0647123 -0.0269858 -0.0181320 -0.0307251 -0.0535685 -0.0239061 -0.0191123 -0.0184034 -0.0537785 -0.0559160 -0.0564934 -0.0251892 -0.0313700 -0.0130401 -0.0221736 -0.0179351 -0.0352512 0.2510284 0.2195225 -0.0192230 -0.0381106 -0.0414738 -0.0336152 -0.0320050 -0.0320569 0.0020606 -0.0044698 -0.0027914 -0.0059713 -0.0064585 -0.0053331 -0.0053147 -0.1033472 -0.1054175 -0.1116173 -0.1120813 -0.0961850 -0.1024429 -0.1084900 -0.1079280 -0.1120883 -0.1092863 -0.1095106 -0.1078367 -0.1093428 -0.1090105 -0.0047115 -0.0272969 -0.0297171 -0.0296779 -0.0368963 -0.0349444 -0.0195773 -0.0344807 -0.0404188
-0.1242553 -0.1224016 -0.1251886 -0.0061560 -0.0049131 -0.0462482 -0.0463767 -0.0344764 -0.0431864 -0.0405455 -0.0419049 -0.0336454 -0.0492930 -0.0437268 -0.0362156 1.1788809 0.0120968 0.0553336 0.0570259 0.0554100 0.0336288 0.0226007 0.0474293 0.0474674 0.0484778 0.0469121 0.0470565 0.0528088 0.0191666 -0.0064262 -0.0018700 0.0004512 0.0002300 0.0009302 -0.0088984 -0.0098651 -0.1017796 -0.0603995 -0.0930794 0.0571243 0.0636279 0.0446412 0.0507135 0.0330442 0.0345422 0.0322145 0.0320916 0.0468456 -0.0100947 0.0970314 0.0337197 0.0239172 0.0155352 0.0423459 0.0342938 0.0355585 0.0383979 0.0687961 0.0669223 0.0332191 -0.0098649 0.0927495 0.0559016 -0.0374814 -0.0453307 0.0183824 -0.0089319 -0.0102888 -0.0153561 0.0133053 0.0121692 0.0055551 -0.1269518 -0.1266827 -0.1254442 -0.1282126 -0.1266962 -0.1297321 -0.0936583 -0.0984025 -0.0912718 -0.0931045 -0.0749782 -0.0924396 -0.0888588 -0.0937249 -0.0969202 -0.0949647 -0.0921689 -0.0951412 -0.0937274 -0.0926492 0.0218993 0.0230083 0.0216557 0.0238150 0.0811497 0.0830138 0.0417593 0.0797307 0.0840059
-0.0225934 -0.0258237 -0.0266634 -0.0147996 -0.0123640 -0.0309989 -0.0335673 -0.0274527 -0.0300270 -0.0235699 -0.0175190 -0.0299601 -0.0325704 -0.0283428 -0.0241653 0.0120968 0.9294956 0.0469433 0.0492155 0.0498320 0.0589396 0.0832907 0.0477358 0.0602988 0.0624078 0.0537851 0.0587623 0.0576658 -0.0231427 -0.0273422 -0.0241418 -0.0264497 -0.0258471 -0.0267219 -0.0323050 -0.0329209 0.0183758 0.0195525 0.0081817 0.0099169 0.0117987 0.0038092 0.0083989 0.0760029 0.0549210 0.0528807 0.0583404 0.0075900 0.2607844 0.0073873 0.0751151 0.0914545 0.1354998 0.0041685 0.0695825 0.0729184 0.0576956 0.0075682 0.0042950 -0.0063873 0.0389497 -0.0035586 0.0004297 -0.0346431 -0.0308563 -0.0247022 0.0681577 0.0663894 0.0614603 0.0770366 0.0772465 -0.0235015 -0.0211888 -0.0208610 -0.0220175 -0.0213466 -0.0229717 -0.0226575 -0.1540316 -0.1576904 -0.1567566 -0.1571784 -0.1325717 -0.1538052 -0.1522197 -0.1565827 -0.1575833 -0.1577885 -0.1570102 -0.1554497 -0.1563907 -0.1560370 0.0250584 -0.0178468 -0.0169823 -0.0226076 -0.0062698 -0.0089585 -0.0158153 -0.0058406 -0.0044117
-0.0876828 -0.0871581 -0.0890090 -0.0115717 -0.0097032 -0.0376669 -0.0346887 -0.0336080 -0.0328780 -0.0338632 -0.0334264 -0.0298486 -0.0387036 -0.0337164 -0.0303862 0.0553336 0.0469433 1.0533037 0.1653010 0.1652187 0.1208505 0.0714407 0.0938474 0.1071200 0.1069477 0.0899717 0.0990498 0.1078319 -0.0060017 -0.0246132 -0.0203841 -0.0198264 -0.0207879 -0.0203709 -0.0237389 -0.0223571 -0.0508406 -0.0380021 -0.0484193 0.0181749 0.0167030 0.0140517 0.0202877 0.0423069 0.0419348 0.0344126 0.0373033 0.0193149 0.0373878 0.0251095 0.0428823 0.0506063 0.0240936 0.0143848 0.0402881 0.0423829 0.0449078 0.0106429 0.0037533 0.0291515 0.0706516 0.0234434 0.0127330 -0.0377165 -0.0334317 -0.0201551 0.0427405 0.0415576 0.0335459 0.0615412 0.0621385 -0.0165207 -0.0829592 -0.0827343 -0.0818239 -0.0895260 -0.0882538 -0.0898320 -0.1310476 -0.1360741 -0.1316706 -0.1319812 -0.1100911 -0.1344391 -0.1272614 -0.1311342 -0.1330047 -0.1360668 -0.1354823 -0.1351017 -0.1327253 -0.1337625 0.0742983 -0.0082675 -0.0058459 -0.0086499 0.0223416 0.0197469 -0.0080198 0.0203179 0.0145472
-0.0901762 -0.0917659 -0.0947921 -0.0116171 -0.0097610 -0.0411376 -0.0372896 -0.0346084 -0.0375320 -0.0370094 -0.0361664 -0.0316840 -0.0408748 -0.0340672 -0.0364354 0.0570259 0.0492155 0.1653010 1.0421413 0.1649065 0.1138322 0.0772715 0.0914598 0.1108367 0.1032055 0.0911134 0.0978400 0.1104392 -0.0127743 -0.0187913 -0.0202081 -0.0195589 -0.0174043 -0.0187294 -0.0237672 -0.0230432 -0.0563780 -0.0355153 -0.0525741 0.0243680 0.0210583 0.0204466 0.0212001 0.0461642 0.0436897 0.0380676 0.0423116 0.0249053 0.0377450 0.0281593 0.0513204 0.0481278 0.0210134 0.0193911 0.0435139 0.0495215 0.0462213 0.0098424 0.0053472 0.0243598 0.0778888 0.0259465 0.0197749 -0.0356813 -0.0381941 -0.0106175 0.0432543 0.0434263 0.0360866 0.0638725 0.0635343 -0.0195256 -0.0890706 -0.0883845 -0.0875758 -0.0908710 -0.0896003 -0.0907378 -0.1348086 -0.1395336 -0.1323130 -0.1344122 -0.1095835 -0.1359888 -0.1292735 -0.1344468 -0.1363516 -0.1355768 -0.1361549 -0.1369134 -0.1339964 -0.1341069 0.0784417 -0.0048771 -0.0042536 -0.0078754 0.0294205 0.0232986 -0.0021333 0.0258690 0.0208271
-0.0855920 -0.0880659 -0.0903033 -0.0106555 -0.0089660 -0.0366567 -0.0332424 -0.0324095 -0.0360089 -0.0350083 -0.0347929 -0.0282625 -0.0381762 -0.0335595 -0.0311999 0.0554100 0.0498320 0.1652187 0.1649065 1.0261981 0.1147772 0.0709179 0.0861488 0.1066937 0.0992285 0.0883820 0.0952353 0.1039982 -0.0047022 -0.0186147 -0.0215074 -0.0178643 -0.0154175 -0.0175866 -0.0242394 -0.0229613 -0.0501636 -0.0320475 -0.0488408 0.0211263 0.0158243 0.0171267 0.0186105 0.0362977 0.0297721 0.0273983 0.0309088 0.0163163 0.0336340 0.0264534 0.0402973 0.0491565 0.0220737 0.0145209 0.0325802 0.0369164 0.0366882 0.0106821 0.0068144 0.0262118 0.0742683 0.0269503 0.0161591 -0.0336981 -0.0340567 -0.0117777 0.0403078 0.0369608 0.0303126 0.0584235 0.0584030 -0.0162325 -0.0813421 -0.0811080 -0.0810002 -0.0850739 -0.0871205 -0.0889528 -0.1276749 -0.1321636 -0.1284186 -0.1307033 -0.1068180 -0.1297776 -0.1253570 -0.1300302 -0.1300178 -0.1319164 -0.1306997 -0.1319545 -0.1292339 -0.1290371 0.0816799 -0.0023118 -0.0014987 -0.0020191 0.0288044 0.0213100 -0.0052729 0.0239944 0.0231391
-0.0659011 -0.0659256 -0.0672533 -0.0128620 -0.0106587 -0.0320933 -0.0343875 -0.0301911 -0.0320046 -0.0351338 -0.0329374 -0.0302824 -0.0385660 -0.0332533 -0.0283021 0.0336288 0.0589396 0.1208505 0.1138322 0.1147772 1.1176238 0.0909828 0.0721002 0.0974481 0.0881845 0.0807732 0.0886660 0.0893555 -0.0118663 -0.0286918 -0.0355955 -0.0296891 -0.0278492 -0.0313391 -0.0328387 -0.0308568 -0.0225304 -0.0151522 -0.0247864 0.0075215 0.0081764 0.0098225 0.0145719 0.0465815 0.0373858 0.0306843 0.0368104 0.0101579 0.0608256 0.0088876 0.0475451 0.0493746 0.0275154 0.0039796 0.0368528 0.0436516 0.0371005 0.0002136 0.0013242 0.0157925 0.0760423 0.0066183 0.0075896 -0.0363803 -0.0359265 -0.0185497 0.0716673 0.0724430 0.0597480 0.0859234 0.0842977 -0.0240956 -0.0601209 -0.0570666 -0.0598131 -0.0612529 -0.0596523 -0.0606442 -0.1359354 -0.1445363 -0.1369673 -0.1383922 -0.1178799 -0.1370033 -0.1325882 -0.1375977 -0.1413642 -0.1424226 -0.1405810 -0.1381032 -0.1398718 -0.1405223 0.0624634 -0.0105931 -0.0091418 -0.0064324 0.0058275 0.0038735 -0.0118497 0.0104850 0.0034583
-0.0552542 -0.0588425 -0.0595496 -0.0148476 -0.0125095 -0.0430775 -0.0379474 -0.0349238 -0.0403605 -0.0368660 -0.0357439 -0.0381498 -0.0430281 -0.0380118 -0.0360122 0.0226007 0.0832907 0.0714407 0.0772715 0.0709179 0.0909828 1.1222876 0.0669110 0.0803313 0.0765769 0.0692958 0.0769969 0.0695352 -0.0319770 -0.0343207 -0.0350361 -0.0331970 -0.0334233 -0.0355761 -0.0385838 -0.0370610 -0.0148976 -0.0113185 -0.0213926 0.0024581 0.0024973 0.0024953 0.0012191 0.0481402 0.0360537 0.0324813 0.0360738 0.0042144 0.0768568 0.0018608 0.0487846 0.0493361 0.0410935 -0.0041509 0.0380393 0.0486556 0.0395741 -0.0041261 -0.0043077 -0.0035260 0.0582212 -0.0020118 -0.0049459 -0.0418633 -0.0427434 -0.0329450 0.2015010 0.2029613 0.1728550 0.2168143 0.2153719 -0.0305952 -0.0533819 -0.0516032 -0.0521391 -0.0561431 -0.0568638 -0.0576181 -0.1536371 -0.1563388 -0.1519248 -0.1537118 -0.1305203 -0.1522599 -0.1484341 -0.1543185 -0.1546450 -0.1546718 -0.1542951 -0.1539584 -0.1533827 -0.1528502 0.0337510 -0.0232905 -0.0206241 -0.0246940 0.0033065 0.0015295 -0.0169616 0.0055686 0.0022803
-0.0642353 -0.0677039 -0.0704130 -0.0113129 -0.0093873 -0.0437739 -0.0372317 -0.0400877 -0.0396694 -0.0372524 -0.0377510 -0.0359636 -0.0428659 -0.0364417 -0.0339323 0.0474293 0.0477358 0.0938474 0.0914598 0.0861488 0.0721002 0.0669110 1.0066338 0.1145282 0.0999295 0.0887264 0.0955830 0.0943363 -0.0066558 -0.0182656 -0.0164362 -0.0158224 -0.0131229 -0.0166016 -0.0222849 -0.0212035 -0.0354397 -0.0213397 -0.0352653 0.0192306 0.0238081 0.0241037 0.0232587 0.0614262 0.0511877 0.0467551 0.0517255 0.0279598 0.0308108 0.0291441 0.0623438 0.0457356 0.0220860 0.0165464 0.0554968 0.0624348 0.0562832 0.0092461 0.0034698 0.0228819 0.0556898 0.0203436 0.0213219 -0.0373886 -0.0425314 -0.0199213 0.0364261 0.0359952 0.0313910 0.0539866 0.0561360 0.0025197 -0.0644636 -0.0648377 -0.0657934 -0.0705943 -0.0707999 -0.0714194 -0.1279171 -0.1323948 -0.1268380 -0.1276796 -0.1056848 -0.1300317 -0.1227879 -0.1295053 -0.1296778 -0.1306544 -0.1306404 -0.1303648 -0.1275055 -0.1287042 0.0419585 -0.0143657 -0.0072048 -0.0139443 0.0173615 0.0183740 -0.0035873 0.0163060 0.0152766
-0.0926350 -0.0908006 -0.0937484 -0.0128355 -0.0105843 -0.0518947 -0.0452977 -0.0396325 -0.0480509 -0.0473487 -0.0471926 -0.0425587 -0.0535204 -0.0428516 -0.0412280 0.0474674 0.0602988 0.1071200 0.1108367 0.1066937 0.0974481 0.0803313 0.1145282 1.1358649 0.1199160 0.1076967 0.1210180 0.1234807 -0.0223115 -0.0393631 -0.0339915 -0.0349406 -0.0352393 -0.0325432 -0.0408076 -0.0410329 -0.0575924 -0.0378664 -0.0586494 0.0303232 0.0301877 0.0223793 0.0271883 0.0935867 0.0838772 0.0766442 0.0852392 0.0260656 0.0475423 0.0274299 0.0971674 0.0670958 0.0300620 0.0187991 0.0793901 0.0946743 0.0856460 0.0142678 0.0088943 0.0132824 0.0478451 0.0209412 0.0239884 -0.0466604 -0.0471067 -0.0256270 0.0508316 0.0509388 0.0398648 0.0728309 0.0705420 -0.0348659 -0.0885017 -0.0888035 -0.0881058 -0.0911906 -0.0903098 -0.0934139 -0.1415298 -0.1498678 -0.1379189 -0.1399853 -0.1206025 -0.1428142 -0.1354798 -0.1442054 -0.1458964 -0.1458310 -0.1433069 -0.1440434 -0.1413319 -0.1405136 0.0407841 -0.0219436 -0.0199631 -0.0223379 0.0250813 0.0256338 -0.0037122 0.0240446 0.0223492
-0.0840626 -0.0841697 -0.0867825 -0.0130754 -0.0111079 -0.0414164 -0.0439305 -0.0391684 -0.0404910 -0.0426748 -0.0417859 -0.0378667 -0.0453930 -0.0385237 -0.0371280 0.0484778 0.0624078 0.1069477 0.1032055 0.0992285 0.0881845 0.0765769 0.0999295 0.1199160 1.0699630 0.0979064 0.1063732 0.1231000 -0.0214149 -0.0289080 -0.0287296 -0.0279981 -0.0277372 -0.0286699 -0.0285411 -0.0273568 -0.0530910 -0.0337090 -0.0541071 0.0256029 0.0285561 0.0148878 0.0281069 0.0754244 0.0713387 0.0622281 0.0679300 0.0273452 0.0445278 0.0310524 0.0810570 0.0517218 0.0307422 0.0193331 0.0676090 0.0786044 0.0731077 0.0119516 0.0074816 0.0153537 0.0482431 0.0247464 0.0233276 -0.0359229 -0.0441140 -0.0188297 0.0488786 0.0469549 0.0396756 0.0644748 0.0640475 -0.0195886 -0.0778665 -0.0769724 -0.0766915 -0.0789893 -0.0797357 -0.0812024 -0.1396763 -0.1481120 -0.1387582 -0.1395467 -0.1195251 -0.1436802 -0.1361835 -0.1401870 -0.1441709 -0.1471840 -0.1442688 -0.1429861 -0.1419931 -0.1421797 0.0499067 -0.0154384 -0.0127941 -0.0149333 0.0243777 0.0215448 -0.0032916 0.0211409 0.0216266
-0.0857354 -0.0853029 -0.0881196 -0.0116874 -0.0097128 -0.0430856 -0.0393979 -0.0349687 -0.0456646 -0.0414362 -0.0414056 -0.0380671 -0.0420204 -0.0418126 -0.0379701 0.0469121 0.0537851 0.0899717 0.0911134 0.0883820 0.0807732 0.0692958 0.0887264 0.1076967 0.0979064 0.9561923 0.1072148 0.0975247 -0.0148257 -0.0228578 -0.0243133 -0.0258311 -0.0205472 -0.0195060 -0.0275236 -0.0292836 -0.0478749 -0.0365610 -0.0443360 0.0299526 0.0327242 0.0266545 0.0336172 0.0827792 0.0807608 0.0688267 0.0781481 0.0315582 0.0369518 0.0307454 0.0843982 0.0553609 0.0263361 0.0237221 0.0743186 0.0845249 0.0773119 0.0152122 0.0110338 0.0230834 0.0415194 0.0276505 0.0207467 -0.0428545 -0.0400566 -0.0173501 0.0383601 0.0355085 0.0267090 0.0561412 0.0562608 -0.0116024 -0.0781240 -0.0783560 -0.0782038 -0.0833468 -0.0797518 -0.0812148 -0.1312353 -0.1344398 -0.1315594 -0.1313971 -0.1124642 -0.1329953 -0.1291056 -0.1346242 -0.1358436 -0.1356925 -0.1339193 -0.1369527 -0.1303856 -0.1288500 0.0347378 -0.0076652 -0.0091340 -0.0048527 0.0262628 0.0223506 -0.0008935 0.0187494 0.0172699
-0.0883461 -0.0903049 -0.0928466 -0.0121383 -0.0103472 -0.0475504 -0.0466518 -0.0430170 -0.0475982 -0.0444286 -0.0455344 -0.0418663 -0.0476422 -0.0446980 -0.0378737 0.0470565 0.0587623 0.0990498 0.0978400 0.0952353 0.0886660 0.0769969 0.0955830 0.1210180 0.1063732 0.1072148 1.0862730 0.1022544 -0.0168779 -0.0311382 -0.0296805 -0.0284395 -0.0291764 -0.0296310 -0.0372077 -0.0353193 -0.0609563 -0.0390648 -0.0575848 0.0302907 0.0374139 0.0234152 0.0283198 0.0901769 0.0842430 0.0777175 0.0818114 0.0295187 0.0400964 0.0284671 0.0958590 0.0588417 0.0268684 0.0248002 0.0817524 0.0917026 0.0853017 0.0168446 0.0147928 0.0131945 0.0461714 0.0199213 0.0229695 -0.0432402 -0.0445647 -0.0190485 0.0451256 0.0418182 0.0311103 0.0648400 0.0628459 -0.0217811 -0.0891146 -0.0883222 -0.0866157 -0.0909468 -0.0899741 -0.0927325 -0.1342958 -0.1400535 -0.1373021 -0.1371100 -0.1178152 -0.1375928 -0.1338000 -0.1362168 -0.1390972 -0.1408828 -0.1404573 -0.1399203 -0.1365035 -0.1372732 0.0383528 -0.0109669 -0.0120437 -0.0145292 0.0289860 0.0257240 -0.0020974 0.0211090 0.0233787
-0.0912383 -0.0919294 -0.0943331 -0.0111711 -0.0093900 -0.0472717 -0.0484804 -0.0404310 -0.0465698 -0.0482711 -0.0487341 -0.0410457 -0.0509121 -0.0407680 -0.0412848 0.0528088 0.0576658 0.1078319 0.1104392 0.1039982 0.0893555 0.0695352 0.0943363 0.1234807 0.1231000 0.0975247 0.1022544 0.9989535 -0.0073283 -0.0290840 -0.0285957 -0.0279129 -0.0264052 -0.0263802 -0.0322546 -0.0298435 -0.0586169 -0.0365754 -0.0593221 0.0268567 0.0306825 0.0222167 0.0333693 0.0815217 0.0707817 0.0639408 0.0706673 0.0273465 0.0365105 0.0356746 0.0789819 0.0601139 0.0259420 0.0226207 0.0715713 0.0782462 0.0686834 0.0160043 0.0071174 0.0277726 0.0396231 0.0271863 0.0303432 -0.0494102 -0.0430737 -0.0187566 0.0382561 0.0384585 0.0309606 0.0564334 0.0585746 -0.0173906 -0.0881528 -0.0880697 -0.0856466 -0.0910369 -0.0896070 -0.0905219 -0.1271968 -0.1313489 -0.1286417 -0.1316885 -0.1097024 -0.1289347 -0.1263102 -0.1281333 -0.1303175 -0.1316291 -0.1306515 -0.1308736 -0.1311419 -0.1321238 0.0494029 -0.0120773 -0.0111383 -0.0132117 0.0287888 0.0235564 0.0002704 0.0223042 0.0204423
-0.0694924 -0.0719068 -0.0727920 0.0019188 0.0021781 -0.0034613 -0.0005000 0.0013156 -0.0121794 -0.0012517 0.0057981 0.0044279 -0.0083750 -0.0033374 0.0006877 0.0191666 -0.0231427 -0.0060017 -0.0127743 -0.0047022 -0.0118663 -0.0319770 -0.0066558 -0.0223115 -0.0214149 -0.0148257 -0.0168779 -0.0073283 1.1127509 0.0066557 0.0122507 0.0154907 0.0159905 0.0210086 0.0116038 0.0132944 -0.0305072 -0.0071817 -0.0204024 0.0333427 0.0250942 0.0521852 0.0462830 -0.0235656 -0.0429015 -0.0379078 -0.0374219 0.0398817 -0.0506797 0.0362905 -0.0307922 -0.0235421 -0.0124293 0.0531255 -0.0189864 -0.0342929 -0.0371164 0.0235210 0.0369050 0.0284625 -0.0278926 0.0567656 0.0410844 -0.0023182 -0.0080849 0.0160832 -0.0540709 -0.0569291 -0.0499722 -0.0437830 -0.0417673 0.0353006 -0.0746270 -0.0715456 -0.0688405 -0.0614222 -0.0595064 -0.0662106 -0.0332629 -0.0365576 -0.0401181 -0.0365765 -0.0290331 -0.0274236 -0.0329825 -0.0357556 -0.0409158 -0.0424206 -0.0358114 -0.0282247 -0.0382509 -0.0405693 -0.0082190 0.0218455 0.0293931 0.0331883 0.0270651 0.0329250 0.0452088 0.0210106 0.0131146
-0.0114765 -0.0109569 -0.0132325 -0.0063608 -0.0051456 -0.0296528 -0.0258471 -0.0252756 -0.0320950 -0.0311902 -0.0295067 -0.0255919 -0.0235887 -0.0260684 -0.0229819 -0.0064262 -0.0273422 -0.0246132 -0.0187913 -0.0186147 -0.0286918 -0.0343207 -0.0182656 -0.0393631 -0.0289080 -0.0228578 -0.0311382 -0.0290840 0.0066557 0.9546323 0.2671219 0.2771816 0.2525396 0.2442730 0.3137085 0.3449444 0.0317643 0.0237120 0.0221424 -0.0097243 -0.0147422 0.0047697 -0.0044519 -0.0508870 -0.0575968 -0.0506665 -0.0514643 -0.0050003 -0.0324414 0.0020443 -0.0497670 -0.0257380 -0.0163185 -0.0019187 -0.0359639 -0.0437783 -0.0504332 -0.0031414 -0.0081075 0.0061656 -0.0066576 0.0013472 -0.0043666 -0.0331208 -0.0375910 -0.0030468 -0.0477895 -0.0471038 -0.0464236 -0.0384796 -0.0405587 0.0547132 -0.0054980 -0.0061676 -0.0034333 -0.0130383 -0.0179087 -0.0128375 -0.0947390 -0.0943095 -0.0866203 -0.0870824 -0.0201559 -0.0913977 -0.0853633 -0.0939619 -0.0943737 -0.0952957 -0.0915405 -0.0945996 -0.0855824 -0.0882687 -0.0080228 -0.0010456 -0.0033721 0.0006461 -0.0055684 -0.0097637 0.0004899 -0.0109214 -0.0101312
-0.0184983 -0.0172457 -0.0177725 -0.0057331 -0.0045326 -0.0327028 -0.0335557 -0.0209506 -0.0314466 -0.0276980 -0.0273840 -0.0247054 -0.0284168 -0.0283297 -0.0173215 -0.0018700 -0.0241418 -0.0203841 -0.0202081 -0.0215074 -0.0355955 -0.0350361 -0.0164362 -0.0339915 -0.0287296 -0.0243133 -0.0296805 -0.0285957 0.0122507 0.2671219 0.9546610 0.2786933 0.2962488 0.2905369 0.3217127 0.2738834 0.0149987 0.0097962 0.0089773 -0.0052431 -0.0132682 0.0038514 -0.0098165 -0.0449480 -0.0561501 -0.0522347 -0.0534257 0.0023808 -0.0328679 -0.0014878 -0.0451348 -0.0291547 -0.0160319 -0.0031505 -0.0364911 -0.0451079 -0.0497247 -0.0085083 -0.0083011 0.0177228 -0.0132947 0.0070124 -0.0025483 -0.0249240 -0.0372050 -0.0012620 -0.0465470 -0.0516963 -0.0453125 -0.0403844 -0.0425305 0.0525743 -0.0159354 -0.0161615 -0.0149716 -0.0172196 -0.0198601 -0.0179944 -0.0861244 -0.0898478 -0.0864374 -0.0873059 -0.0268282 -0.0855183 -0.0897558 -0.0930741 -0.0883118 -0.0906307 -0.0876692 -0.0899228 -0.0888464 -0.0899512 -0.0074723 -0.0038254 0.0123721 0.0018396 -0.0091124 -0.0109964 -0.0103461 -0.0123292 -0.0140793
-0.0083701 -0.0082884 -0.0112971 -0.0060720 -0.0049601 -0.0346236 -0.0215369 -0.0201819 -0.0290299 -0.0259936 -0.0253072 -0.0211361 -0.0320273 -0.0270413 -0.0210005 0.0004512 -0.0264497 -0.0198264 -0.0195589 -0.0178643 -0.0296891 -0.0331970 -0.0158224 -0.0349406 -0.0279981 -0.0258311 -0.0284395 -0.0279129 0.0154907 0.2771816 0.2786933 0.9367166 0.2806605 0.2525612 0.2931409 0.2494515 0.0275898 0.0217969 0.0194835 -0.0043239 -0.0093124 0.0068518 0.0000801 -0.0471173 -0.0543859 -0.0477861 -0.0501281 0.0008735 -0.0312413 0.0016573 -0.0494773 -0.0262687 -0.0133573 0.0001710 -0.0311988 -0.0429530 -0.0469921 0.0005014 -0.0070680 0.0087435 -0.0072066 0.0014967 0.0037257 -0.0253375 -0.0279644 -0.0098717 -0.0471844 -0.0463759 -0.0415810 -0.0367448 -0.0383453 0.0542815 -0.0130833 -0.0103081 -0.0118476 -0.0160085 -0.0154786 -0.0196129 -0.0897930 -0.0918995 -0.0936202 -0.0897718 -0.0277321 -0.0932257 -0.0894731 -0.0915810 -0.0934638 -0.0931995 -0.0937745 -0.0964826 -0.0870628 -0.0901754 -0.0079963 -0.0072650 -0.0026392 -0.0020330 -0.0105529 -0.0093983 -0.0056310 -0.0065387 -0.0118936
-0.0201629 -0.0170789 -0.0209335 -0.0057075 -0.0040965 -0.0385298 -0.0304523 -0.0298549 -0.0316498 -0.0310001 -0.0295279 -0.0257105 -0.0296432 -0.0256384 -0.0249793 0.0002300 -0.0258471 -0.0207879 -0.0174043 -0.0154175 -0.0278492 -0.0334233 -0.0131229 -0.0352393 -0.0277372 -0.0205472 -0.0291764 -0.0264052 0.0159905 0.2525396 0.2962488 0.2806605 0.9424959 0.2607952 0.2764576 0.2855617 0.0168895 0.0217294 0.0128667 -0.0003239 -0.0057683 0.0041050 -0.0055728 -0.0458319 -0.0537931 -0.0477032 -0.0518003 -0.0008085 -0.0309851 0.0011109 -0.0428782 -0.0262146 -0.0159988 -0.0049805 -0.0313521 -0.0461620 -0.0476554 -0.0047828 -0.0001525 0.0159634 -0.0049467 0.0081009 0.0035961 -0.0347664 -0.0368286 -0.0076536 -0.0475508 -0.0512080 -0.0498447 -0.0393001 -0.0382840 0.0524867 -0.0165102 -0.0125194 -0.0166958 -0.0198132 -0.0230844 -0.0203293 -0.0911229 -0.0898419 -0.0832006 -0.0822177 -0.0240126 -0.0886592 -0.0856666 -0.0936557 -0.0884012 -0.0882808 -0.0877142 -0.0876118 -0.0881255 -0.0858481 -0.0022600 -0.0019670 0.0060172 -0.0009158 -0.0071893 -0.0073900 -0.0038022 -0.0106064 -0.0145965
-0.0143473 -0.0185106 -0.0173179 -0.0053698 -0.0039097 -0.0305651 -0.0289367 -0.0180520 -0.0298410 -0.0299336 -0.0303709 -0.0234503 -0.0272963 -0.0197960 -0.0221499 0.0009302 -0.0267219 -0.0203709 -0.0187294 -0.0175866 -0.0313391 -0.0355761 -0.0166016 -0.0325432 -0.0286699 -0.0195060 -0.0296310 -0.0263802 0.0210086 0.2442730 0.2905369 0.2525612 0.2607952 0.9389011 0.2841173 0.2702326 0.0203613 0.0077130 0.0133181 0.0010841 -0.0120182 0.0109139 -0.0040673 -0.0424735 -0.0492808 -0.0436261 -0.0484437 0.0003316 -0.0303018 -0.0002253 -0.0445833 -0.0222301 -0.0120297 0.0015583 -0.0328625 -0.0407295 -0.0434746 0.0001477 -0.0026734 0.0116036 -0.0110576 0.0101335 0.0013669 -0.0292136 -0.0313492 0.0023466 -0.0481520 -0.0490637 -0.0459140 -0.0382341 -0.0397596 0.0605154 -0.0184375 -0.0191696 -0.0176079 -0.0284771 -0.0236498 -0.0254654 -0.0848504 -0.0896124 -0.0924769 -0.0895875 -0.0274755 -0.0850690 -0.0916154 -0.0936147 -0.0881392 -0.0909917 -0.0931428 -0.0929752 -0.0861574 -0.0883566 -0.0053857 0.0015485 0.0116719 0.0100887 -0.0068533 -0.0116271 -0.0030403 -0.0062077 -0.0108550
-0.0224530 -0.0184197 -0.0218780 -0.0065471 -0.0055084 -0.0414651 -0.0319466 -0.0266946 -0.0250802 -0.0351391 -0.0343767 -0.0374141 -0.0370731 -0.0318570 -0.0282186 -0.0088984 -0.0323050 -0.0237389 -0.0237672 -0.0242394 -0.0328387 -0.0385838 -0.0222849 -0.0408076 -0.0285411 -0.0275236 -0.0372077 -0.0322546 0.0116038 0.3137085 0.3217127 0.2931409 0.2764576 0.2841173 1.0365798 0.4197236 0.0188478 0.0100506 0.0144151 -0.0099972 -0.0203564 0.0021978 -0.0066515 -0.0504261 -0.0614010 -0.0540203 -0.0569992 -0.0093774 -0.0380219 -0.0060039 -0.0510682 -0.0285992 -0.0229132 -0.0078229 -0.0389857 -0.0503309 -0.0549730 -0.0078883 -0.0057684 0.0089036 -0.0154696 0.0025950 0.0009206 -0.0343616 -0.0394888 -0.0080782 -0.0521219 -0.0558106 -0.0508686 -0.0445252 -0.0459935 0.0578960 -0.0121574 -0.0095102 -0.0157874 -0.0168344 -0.0156576 -0.0188715 -0.0939750 -0.0939392 -0.0865292 -0.0896798 -0.0003389 -0.0964570 -0.0884757 -0.0938853 -0.0982215 -0.0959730 -0.0938873 -0.0917367 -0.0898535 -0.0934285 -0.0075285 -0.0086891 -0.0028857 -0.0087754 -0.0094223 -0.0116701 -0.0094929 -0.0152961 -0.0209819
-0.0256174 -0.0238015 -0.0267709 -0.0065076 -0.0053032 -0.0343651 -0.0356294 -0.0267097 -0.0392887 -0.0284299 -0.0284960 -0.0314781 -0.0301082 -0.0293154 -0.0252323 -0.0098651 -0.0329209 -0.0223571 -0.0230432 -0.0229613 -0.0308568 -0.0370610 -0.0212035 -0.0410329 -0.0273568 -0.0292836 -0.0353193 -0.0298435 0.0132944 0.3449444 0.2738834 0.2494515 0.2855617 0.2702326 0.4197236 1.0359459 0.0153380 0.0144901 0.0097039 -0.0103908 -0.0194560 0.0016399 -0.0098206 -0.0497760 -0.0515594 -0.0503716 -0.0473773 -0.0069048 -0.0358321 -0.0021006 -0.0496815 -0.0286316 -0.0181659 -0.0113758 -0.0365636 -0.0501241 -0.0495133 -0.0099874 -0.0106022 0.0146039 -0.0118512 0.0065692 -0.0054505 -0.0291482 -0.0391099 -0.0061655 -0.0500277 -0.0545561 -0.0498024 -0.0416496 -0.0422310 0.0596898 -0.0179777 -0.0188784 -0.0170129 -0.0247333 -0.0261687 -0.0243243 -0.0869547 -0.0893481 -0.0888025 -0.0857638 -0.0080394 -0.0838523 -0.0891428 -0.0888732 -0.0917090 -0.0940120 -0.0895157 -0.0870554 -0.0859991 -0.0879623 -0.0099185 0.0004322 0.0003790 -0.0045549 -0.0107589 -0.0118679 -0.0093252 -0.0169096 -0.0134749
