0.00000000099999999739 0.00000000099999999739 0.00000000099999999739 0.99999999099999981045 0.00000000099999999739 0.00000000099999999739 0.00000000099999999739 0.00000000099999999739 0.00000000099999999739 0.00000000099999999739 
0.00000000099999999933 0.00000000099999999933 0.00000000099999999933 0.54440237069212293886 0.00000000099999999933 0.00000000099999999933 0.00000000099999999933 0.00000000099999999933 0.45559762130787700984 0.00000000099999999933 
0.00000000099999999726 0.00000000099999999726 0.00000000099999999726 0.99999999099999981045 0.00000000099999999726 0.00000000099999999726 0.00000000099999999726 0.00000000099999999726 0.00000000099999999726 0.00000000099999999726 
0.00000000099999999707 0.00000000099999999707 0.00000000099999999707 0.00000000099999999707 0.00000000099999999707 0.00000000099999999707 0.99999999099999981045 0.00000000099999999707 0.00000000099999999707 0.00000000099999999707 
0.00000000099999999951 0.00000000099999999951 0.00000000099999999951 0.00000000099999999951 0.00000000099999999951 0.00000000099999999951 0.00000000099999999951 0.00000000099999999951 0.99999999099999992147 0.00000000099999999951 
0.00000000099999999939 0.00000000099999999939 0.00000000099999999939 0.00000000099999999939 0.00000000099999999939 0.00000000099999999939 0.00000000099999999939 0.00000000099999999939 0.99999999100000003249 0.00000000099999999939 
0.00000000099999999915 0.00000000099999999915 0.00000000099999999915 0.45906338324776074789 0.00000000099999999915 0.00000000099999999915 0.54093660875223925633 0.00000000099999999915 0.00000000099999999915 0.00000000099999999915 
0.00000000099999999778 0.00000000099999999778 0.00000000099999999778 0.99999999099999981045 0.00000000099999999778 0.00000000099999999778 0.00000000099999999778 0.00000000099999999778 0.00000000099999999778 0.00000000099999999778 
0.00000000099999999735 0.00000000099999999735 0.00000000099999999735 0.00000000099999999735 0.00000000099999999735 0.00000000099999999735 0.99999999099999969943 0.00000000099999999735 0.00000000099999999735 0.00000000099999999735 
0.00000000099999999983 0.35118443742386895590 0.00000000099999999983 0.00000000099999999983 0.00000000099999999983 0.07228011784054692856 0.02434188486824196210 0.00000000099999999983 0.32099612836981583630 0.23119742649752608732 
0.00000000099999999968 0.00000000099999999968 0.26023702166079221154 0.00000000099999999968 0.00000000099999999968 0.00000000099999999968 0.00000000099999999968 0.00000000099999999968 0.00000000099999999968 0.73976297033920757062 
0.00000000099999999979 0.00000000099999999979 0.00000000099999999979 0.00000000099999999979 0.65828266154211600991 0.11817872648626200072 0.00000000099999999979 0.13075467500072554539 0.00000000099999999979 0.09278393097089654429 
0.00000000099999999972 0.18981171092590976013 0.06683425458258970830 0.00000000099999999972 0.74335402749150059076 0.00000000099999999972 0.00000000099999999972 0.00000000099999999972 0.00000000099999999972 0.00000000099999999972 
0.00000000099999999957 0.00000000099999999957 0.00000000099999999957 0.00000000099999999957 0.99999999100000014352 0.00000000099999999957 0.00000000099999999957 0.00000000099999999957 0.00000000099999999957 0.00000000099999999957 
0.00000000099999999769 0.00000000099999999769 0.00000000099999999769 0.00000000099999999769 0.00000000099999999769 0.99999999099999992147 0.00000000099999999769 0.00000000099999999769 0.00000000099999999769 0.00000000099999999769 
0.00000000099999999978 0.00000000099999999978 0.11601566909444721576 0.00000000099999999978 0.59761337401039027473 0.00000000099999999978 0.00000000099999999978 0.05566345242312033953 0.00000000099999999978 0.23070749847204233274 
0.00000000099999999896 0.00000000099999999896 0.00000000099999999896 0.00000000099999999896 0.00000000099999999896 0.00000000099999999896 0.00000000099999999896 0.99999999099999981045 0.00000000099999999896 0.00000000099999999896 
0.00000000099999999794 0.00000000099999999794 0.00000000099999999794 0.00000000099999999794 0.00000000099999999794 0.00000000099999999794 0.00000000099999999794 0.99999999099999992147 0.00000000099999999794 0.00000000099999999794 
0.00000000099999999940 0.00000000099999999940 0.00000000099999999940 0.00000000099999999940 0.00000000099999999940 0.00000000099999999940 0.00000000099999999940 0.00000000099999999940 0.00000000099999999940 0.99999999099999992147 
0.00000000099999999936 0.00000000099999999936 0.00000000099999999936 0.00000000099999999936 0.00000000099999999936 0.00000000099999999936 0.00000000099999999936 0.00000000099999999936 0.00000000099999999936 0.99999999099999992147 
0.00000000099999999712 0.00000000099999999712 0.00000000099999999712 0.00000000099999999712 0.00000000099999999712 0.99999999099999992147 0.00000000099999999712 0.00000000099999999712 0.00000000099999999712 0.00000000099999999712 
0.00000000099999999973 0.00000000099999999973 0.00000000099999999973 0.01246374034087996581 0.45884007433228146677 0.00000000099999999973 0.00000000099999999973 0.52869617832683868386 0.00000000099999999973 0.00000000099999999973 
0.00000000099999999937 0.00000000099999999937 0.00000000099999999937 0.00000000099999999937 0.99999999100000014352 0.00000000099999999937 0.00000000099999999937 0.00000000099999999937 0.00000000099999999937 0.00000000099999999937 
0.07194629832912903533 0.03513404966700190563 0.01282072793135582457 0.54346060249796201980 0.13913332170126926912 0.06194151401783300204 0.12642472959576239733 0.00913274904770691211 0.00000600621197942181 0.00000000100000000000 
0.00000000099999999870 0.00000000099999999870 0.99999999099999992147 0.00000000099999999870 0.00000000099999999870 0.00000000099999999870 0.00000000099999999870 0.00000000099999999870 0.00000000099999999870 0.00000000099999999870 
0.00000000099999999989 0.15789562332477044548 0.00000000099999999989 0.01349398424807685126 0.32749747216309221809 0.04148505135837216029 0.19525185334172207030 0.00000000099999999989 0.09882393475644678238 0.16555207780751940438 
0.00000000099999999810 0.00000000099999999810 0.99999999099999992147 0.00000000099999999810 0.00000000099999999810 0.00000000099999999810 0.00000000099999999810 0.00000000099999999810 0.00000000099999999810 0.00000000099999999810 
0.00000000099999999877 0.00000000099999999877 0.99999999099999992147 0.00000000099999999877 0.00000000099999999877 0.00000000099999999877 0.00000000099999999877 0.00000000099999999877 0.00000000099999999877 0.00000000099999999877 
0.00000000099999999868 0.00000000099999999868 0.99999999100000003249 0.00000000099999999868 0.00000000099999999868 0.00000000099999999868 0.00000000099999999868 0.00000000099999999868 0.00000000099999999868 0.00000000099999999868 
0.00000000099999999898 0.99999999100000003249 0.00000000099999999898 0.00000000099999999898 0.00000000099999999898 0.00000000099999999898 0.00000000099999999898 0.00000000099999999898 0.00000000099999999898 0.00000000099999999898 
0.55335932727705050560 0.44664066472294960963 0.00000000099999999873 0.00000000099999999873 0.00000000099999999873 0.00000000099999999873 0.00000000099999999873 0.00000000099999999873 0.00000000099999999873 0.00000000099999999873 
0.99999999100000014352 0.00000000099999999871 0.00000000099999999871 0.00000000099999999871 0.00000000099999999871 0.00000000099999999871 0.00000000099999999871 0.00000000099999999871 0.00000000099999999871 0.00000000099999999871 
0.55500096771755313974 0.44499902428244691999 0.00000000099999999873 0.00000000099999999873 0.00000000099999999873 0.00000000099999999873 0.00000000099999999873 0.00000000099999999873 0.00000000099999999873 0.00000000099999999873 
0.00000000099999999941 0.99999999100000025454 0.00000000099999999941 0.00000000099999999941 0.00000000099999999941 0.00000000099999999941 0.00000000099999999941 0.00000000099999999941 0.00000000099999999941 0.00000000099999999941 
