0.99999999800000005656 0.00000000099999999958 0.00000000099999999958 
0.68810935369120718175 0.24287995044776056197 0.06901069586103225628 
0.99999999799999994554 0.00000000099999999951 0.00000000099999999951 
0.99999999799999994554 0.00000000099999999972 0.00000000099999999972 
0.28450334390445081167 0.32826722709695210778 0.38722942899859696952 
0.31922784096874090576 0.33098157263831190500 0.34979058639294718924 
0.99999999800000005656 0.00000000099999999977 0.00000000099999999977 
0.99999999800000005656 0.00000000099999999957 0.00000000099999999957 
0.99999999799999994554 0.00000000099999999970 0.00000000099999999970 
0.17261886632066550384 0.38563326003273978859 0.44174787364659479083 
0.10815079964275947644 0.41906134766173180894 0.47278785269550871462 
0.00000000099999999997 0.00012034649849548922 0.99987965250150456775 
0.00000000099999999996 0.37378230601268813693 0.62621769298731189135 
0.07483367220353566440 0.25995161162598939830 0.66521471617047489566 
0.00000000099999999975 0.00000000099999999975 0.99999999800000005656 
0.10103950744439636755 0.30555180364348266675 0.59340868891212106284 
0.04034038217234484774 0.00000000099999999997 0.95965961682765510421 
0.00000000099999999988 0.00000000099999999988 0.99999999799999994554 
0.17770901882904066582 0.12020340838280753337 0.70208757278815181468 
0.35232612000555474374 0.17012383929886351619 0.47755004069558176782 
0.00000000099999999977 0.00000000099999999977 0.99999999799999994554 
0.10639079971250751944 0.03232209616071576169 0.86128710412677678132 
0.03595623026168062036 0.14225945148822058406 0.82178431825009878864 
0.67695341946908127451 0.11038055705537994089 0.21266602347553872909 
0.00000000099999999981 0.99999999799999994554 0.00000000099999999981 
0.29592918634485798624 0.25107749118811956146 0.45299332246702239679 
0.00000000099999999972 0.99999999800000005656 0.00000000099999999972 
0.00000000099999999982 0.99999999800000005656 0.00000000099999999982 
0.00000000099999999981 0.99999999799999994554 0.00000000099999999981 
0.00000000099999999996 0.85116737113648877067 0.14883262786351120210 
0.00000000099999999987 0.99999999799999994554 0.00000000099999999987 
0.00666651837775208023 0.74409098929239669840 0.24924249232985129510 
0.00000000099999999987 0.99999999799999994554 0.00000000099999999987 
0.00000000099999999997 0.79817909422435207034 0.20182090477564801345 
