0.00000000099999999914 0.00000000099999999914 0.99999999699999986280 0.00000000099999999914 
0.22252980394879065540 0.00000000099999999995 0.66337487513776394188 0.11409531991344548651 
0.00000000099999999913 0.00000000099999999913 0.99999999699999997382 0.00000000099999999913 
0.00000000099999999906 0.99999999699999997382 0.00000000099999999906 0.00000000099999999906 
0.34880910137881426802 0.11458434366488039202 0.13427678835326437023 0.40232976660304103911 
0.34945576604939521115 0.10345286407833623188 0.17940388165928525255 0.36768748821298341545 
0.00000000099999999977 0.53930251239675630615 0.46069748560324352837 0.00000000099999999977 
0.00000000099999999932 0.00000000099999999932 0.99999999699999986280 0.00000000099999999932 
0.00000000099999999918 0.99999999700000008485 0.00000000099999999918 0.00000000099999999918 
0.52370876431772139803 0.08956978847910108954 0.06263193476934174331 0.32408951243383588015 
0.47053147618148277731 0.03500711749928647060 0.03740675873451171363 0.45705464758471897602 
0.18889032820397491652 0.00008205600354036775 0.00000000099999999995 0.81102761479248475229 
0.42252448228287942111 0.00000000099999999987 0.00000000099999999987 0.57747551571712052443 
0.21847632955315016146 0.00000000099999999999 0.00000101563741252105 0.78152265380943730655 
0.99999999698554076222 0.00000000099999999996 0.00000000099999999996 0.00000000101445919686 
0.16543666337849174952 0.00000000099999999997 0.03407997672143951717 0.80048335890006860893 
0.00000000099999999982 0.00000000099999999982 0.00000000099999999982 0.99999999700000008485 
0.00000000099999999968 0.00000000099999999968 0.00000000099999999968 0.99999999699999997382 
0.09468508104955887517 0.00000000099999999999 0.11034565180031048748 0.79496926615013074890 
0.18727443530609019784 0.05721619944719185530 0.23457950497213131413 0.52092986027458665355 
0.99999999700000008485 0.00000000099999999990 0.00000000099999999990 0.00000000099999999990 
0.00000000099999999993 0.00000000099999999993 0.00609436161356603952 0.99390563638643392164 
0.00000000099999999990 0.00000000099999999990 0.00000000099999999990 0.99999999699999997382 
0.18850677138232588281 0.12008653084361910202 0.54820257029825358863 0.14320412747580144042 
0.99999999700000008485 0.00000000099999999975 0.00000000099999999975 0.00000000099999999975 
0.33122215330161353108 0.22923434573198664399 0.05509315652771234334 0.38445034443868753016 
0.99999999699999997382 0.00000000099999999964 0.00000000099999999964 0.00000000099999999964 
0.99999999700000008485 0.00000000099999999977 0.00000000099999999977 0.00000000099999999977 
0.99999999700000008485 0.00000000099999999976 0.00000000099999999976 0.00000000099999999976 
0.99999999699999997382 0.00000000099999999988 0.00000000099999999988 0.00000000099999999988 
0.99999999700000008485 0.00000000099999999980 0.00000000099999999980 0.00000000099999999980 
0.65611085781241129666 0.00000000099999999993 0.00000000099999999993 0.34388914018758875990 
0.99999999700000008485 0.00000000099999999980 0.00000000099999999980 0.00000000099999999980 
0.99750744983283978762 0.00249254816716019739 0.00000000099999999993 0.00000000099999999993 
