0.99999999600000000211 0.00000000099999999880 0.00000000099999999880 0.00000000099999999880 0.00000000099999999880 
0.67383307999200992011 0.12311574659676985388 0.00000000099999999990 0.00000000099999999990 0.20305117141122014379 
0.99999999599999989108 0.00000000099999999878 0.00000000099999999878 0.00000000099999999878 0.00000000099999999878 
0.00000000099999999869 0.00000000099999999869 0.99999999599999978006 0.00000000099999999869 0.00000000099999999869 
0.17082162235203551814 0.22198923899587913455 0.13635119634272760414 0.04457971627484583199 0.42625822603451191117 
0.21073664988695159361 0.20719545812123410511 0.12258863538408781846 0.03491641941767043705 0.42456283719005605271 
0.45965198594932199505 0.00000000099999999963 0.54034801105067797877 0.00000000099999999963 0.00000000099999999963 
0.99999999600000000211 0.00000000099999999903 0.00000000099999999903 0.00000000099999999903 0.00000000099999999903 
0.00000000099999999883 0.00000000099999999883 0.99999999599999989108 0.00000000099999999883 0.00000000099999999883 
0.07090262010212670940 0.09815585378524777083 0.11664399531071038829 0.10877738863342444053 0.60552014216849070483 
0.07787122223876283278 0.38597685332533337998 0.06357810363202495707 0.07149640140567226076 0.40107741939820668042 
0.03750403305687909083 0.34699727300114929784 0.07223459845864084461 0.18290302346918207999 0.36036107201414863122 
0.00135162281597252850 0.38539586561226230055 0.01157193830723305533 0.08531872221565929559 0.51636185104887277753 
0.08150744761505802904 0.46579274343439525108 0.03986744141519837914 0.06270727606010033373 0.35012509147524800701 
0.00000000099999999892 0.00000000099999999892 0.00000000099999999892 0.99999999599999989108 0.00000000099999999892 
0.12380225352037660391 0.54831501181294639569 0.03950438434834814549 0.03013778660332065359 0.25824056371500825335 
0.16360407952792277442 0.83023347120412704925 0.00616244726795009325 0.00000000099999999996 0.00000000099999999996 
0.05124148407208620193 0.94875851292791379965 0.00000000099999999983 0.00000000099999999983 0.00000000099999999983 
0.21485385762798581144 0.32567836681155332146 0.04331146364960725137 0.07816762929037086860 0.33798868262048276101 
0.30017741755780896762 0.21547800962222488086 0.08354813475385385046 0.04578535507012249789 0.35501108299598982398 
0.00000000099999999870 0.00000000099999999870 0.00000000099999999870 0.99999999599999989108 0.00000000099999999870 
0.15586744906802479926 0.57355800447781613016 0.05658931287864523568 0.03385177890732416622 0.18013345466818964091 
0.05315980919591670878 0.29458250077586284332 0.07337476168936071796 0.03158490620340508037 0.54729802213545453160 
0.56564253789939467065 0.09830794830750992641 0.12485862292212261682 0.07260438318998264917 0.13858650768099017858 
0.00000000099999999952 0.99999999600000000211 0.00000000099999999952 0.00000000099999999952 0.00000000099999999952 
0.08409165514956330745 0.05699947144261530846 0.26729557821131139095 0.08881899933077343212 0.50279429586573654021 
0.00000000099999999929 0.99999999600000011313 0.00000000099999999929 0.00000000099999999929 0.00000000099999999929 
0.00000000099999999956 0.99999999600000000211 0.00000000099999999956 0.00000000099999999956 0.00000000099999999956 
0.00000000099999999953 0.99999999600000011313 0.00000000099999999953 0.00000000099999999953 0.00000000099999999953 
0.00000000099999999988 0.02913537232321973883 0.00000000099999999988 0.03615995886465094011 0.93470466681212938109 
0.00000000099999999950 0.00000000099999999950 0.00000000099999999950 0.00000000099999999950 0.99999999600000000211 
0.00000000099999999979 0.00000000099999999979 0.00000000099999999979 0.00000000099999999979 0.99999999599999989108 
0.00000000099999999950 0.00000000099999999950 0.00000000099999999950 0.00000000099999999950 0.99999999600000000211 
0.00000000099999999987 0.00000000099999999987 0.00000000099999999987 0.05639886164647700539 0.94360113535352307945 
