0.00000000099999999897 0.99999999499999991937 0.00000000099999999897 0.00000000099999999897 0.00000000099999999897 0.00000000099999999897 
0.00000000099999999982 0.61287913933023285828 0.28264927048227228568 0.00000000099999999982 0.00000000099999999982 0.10447158718749489925 
0.00000000099999999881 0.99999999499999991937 0.00000000099999999881 0.00000000099999999881 0.00000000099999999881 0.00000000099999999881 
0.00000000099999999930 0.99999999500000003039 0.00000000099999999930 0.00000000099999999930 0.00000000099999999930 0.00000000099999999930 
0.00000000099999999995 0.22276600900259221905 0.63210370244399205486 0.00000000099999999995 0.00000000099999999995 0.14513028555341564441 
0.00000000099999999994 0.25298049211946821435 0.60914632436693028072 0.00000000602252120825 0.00000000099999999994 0.13787317549108030201 
0.00000000099999999943 0.99999999500000014141 0.00000000099999999943 0.00000000099999999943 0.00000000099999999943 0.00000000099999999943 
0.00000000099999999894 0.99999999500000003039 0.00000000099999999894 0.00000000099999999894 0.00000000099999999894 0.00000000099999999894 
0.00000000099999999926 0.99999999500000014141 0.00000000099999999926 0.00000000099999999926 0.00000000099999999926 0.00000000099999999926 
0.00000000099999999997 0.09833453457380152141 0.54259850080340377154 0.27335922377492904989 0.08002874914070040591 0.00567899070716510346 
0.00000000099999999998 0.00000000099999999998 0.73593617917924925020 0.00001893122449531097 0.01626058813084553523 0.24778429946540975193 
0.19379392180006230206 0.00000000099999999988 0.69416944012333237080 0.00000000099999999988 0.11203663507660543974 0.00000000099999999988 
0.21872937916339127429 0.00000000099999999993 0.41723449468483037039 0.21512090210793533007 0.03856392490967913700 0.11035129813416380551 
0.37036706155207138602 0.00000000099999999999 0.46379719073171765675 0.00889437089427952410 0.02179027536558601763 0.13515110045634531888 
0.00000000099999999872 0.00000000099999999872 0.00000000099999999872 0.00000000099999999872 0.99999999499999991937 0.00000000099999999872 
0.27981201173280950689 0.00000000160423232699 0.56119179174555366973 0.00000000099999999992 0.00000000099999999992 0.15899619291740460514 
0.99999999500000003039 0.00000000099999999932 0.00000000099999999932 0.00000000099999999932 0.00000000099999999932 0.00000000099999999932 
0.99999999500000003039 0.00000000099999999907 0.00000000099999999907 0.00000000099999999907 0.00000000099999999907 0.00000000099999999907 
0.24766726412984613193 0.07522833253580780977 0.67710274954840599104 0.00000000099999999995 0.00000165178594010648 0.00000000099999999995 
0.16242659600982217727 0.28858836388217512514 0.45358338479010457123 0.08403705570586776641 0.00918633773503793952 0.00217826187699248115 
0.00000000099999999840 0.00000000099999999840 0.00000000099999999840 0.00000000099999999840 0.99999999499999991937 0.00000000099999999840 
0.99999999500000014141 0.00000000099999999976 0.00000000099999999976 0.00000000099999999976 0.00000000099999999976 0.00000000099999999976 
0.00003897130368699823 0.00000000099999999974 0.99996102469631298337 0.00000000099999999974 0.00000000099999999974 0.00000000099999999974 
0.09721528598376159847 0.66782238706556074082 0.06030976187840229874 0.08346587636389171672 0.06247318293409171580 0.02871350577429191211 
0.00000000099999999930 0.00000000099999999930 0.00000000099999999930 0.00000000099999999930 0.00000000099999999930 0.99999999499999991937 
0.00000000099999999995 0.23302857475745544780 0.58851068239175896579 0.13584292133339201381 0.04261781951739353203 0.00000000099999999995 
0.00000000099999999895 0.00000000099999999895 0.00000000099999999895 0.00000000099999999895 0.00000000099999999895 0.99999999499999991937 
0.00000000099999999934 0.00000000099999999934 0.00000000099999999934 0.00000000099999999934 0.00000000099999999934 0.99999999500000003039 
0.00000000099999999928 0.00000000099999999928 0.00000000099999999928 0.00000000099999999928 0.00000000099999999928 0.99999999499999991937 
0.00000000099999999984 0.00000000099999999984 0.00000000099999999984 0.98435401919589127218 0.01564597680410868483 0.00000000099999999984 
0.00000000099999999928 0.00000000099999999928 0.00000000099999999928 0.99999999499999991937 0.00000000099999999928 0.00000000099999999928 
0.00000000099999999983 0.00000000099999999983 0.24851409758134310191 0.75148589841865687244 0.00000000099999999983 0.00000000099999999983 
0.00000000099999999928 0.00000000099999999928 0.00000000099999999928 0.99999999500000003039 0.00000000099999999928 0.00000000099999999928 
0.00000000099999999989 0.00000000099999999989 0.00000000099999999989 0.79792854350827369103 0.08686972740839728202 0.11520172608332911179 
