0.00000000099999999822 0.00000000099999999822 0.00000000099999999822 0.00000000099999999822 0.99999999399999994765 0.00000000099999999822 0.00000000099999999822 
0.29368672175712867700 0.00000000099999999974 0.00000000099999999974 0.00000000099999999974 0.61118270643911254414 0.09513056780375864219 0.00000000099999999974 
0.00000000099999999815 0.00000000099999999815 0.00000000099999999815 0.00000000099999999815 0.99999999399999983662 0.00000000099999999815 0.00000000099999999815 
0.00000000099999999804 0.00000000099999999804 0.00000000099999999804 0.00000000099999999804 0.00000000099999999804 0.00000000099999999804 0.99999999400000005867 
0.63802006474422012783 0.00000000099999999995 0.00000000099999999995 0.00000000099999999995 0.12038563262099635787 0.14259063918686093464 0.09900366044792255349 
0.61891493517882689712 0.00000000099999999994 0.00000000099999999994 0.00000000099999999994 0.15878257483236463132 0.13452456175117880055 0.08777792523762981136 
0.00000000099999999941 0.00000000099999999941 0.00000000099999999941 0.00000000099999999941 0.46278432433714283833 0.00000000099999999941 0.53721567066285702552 
0.00000000099999999852 0.00000000099999999852 0.00000000099999999852 0.00000000099999999852 0.99999999399999983662 0.00000000099999999852 0.00000000099999999852 
0.00000000099999999824 0.00000000099999999824 0.00000000099999999824 0.00000000099999999824 0.00000000099999999824 0.00000000099999999824 0.99999999399999994765 
0.56560394604005082009 0.26964436741151104338 0.00000000099999999997 0.07791677579886024940 0.01201056415809273817 0.00000000099999999997 0.07482434459148518124 
0.72849877521527939273 0.00000238201235339760 0.00000000099999999998 0.01811478598440765392 0.00000000099999999998 0.24746371498981808990 0.00592033979814146367 
0.69362618779734730445 0.00000000099999999983 0.19520117343056020420 0.11117263477209256284 0.00000000099999999983 0.00000000099999999983 0.00000000099999999983 
0.41549933536238703446 0.21376804080478484238 0.22061474152488316780 0.03929407381809926769 0.00000000099999999986 0.11082380648984575811 0.00000000099999999986 
0.46738747033179378620 0.00203939900706339534 0.37021538273988308099 0.02336528083456065191 0.00000000099999999998 0.13699246508669915556 0.00000000099999999998 
0.00000000099999999844 0.00000000099999999844 0.00000000099999999844 0.99999999399999983662 0.00000000099999999844 0.00000000099999999844 0.00000000099999999844 
0.53457032969004103506 0.00000000099999999990 0.27256883823350847029 0.00000000099999999990 0.03079850478009626968 0.16206232429635428205 0.00000000099999999990 
0.00000000099999999919 0.00000000099999999919 0.99999999399999994765 0.00000000099999999919 0.00000000099999999919 0.00000000099999999919 0.00000000099999999919 
0.00000000099999999889 0.00000000099999999889 0.99999999399999983662 0.00000000099999999889 0.00000000099999999889 0.00000000099999999889 0.00000000099999999889 
0.66733644751734289002 0.00000000099999999992 0.23684287912003976206 0.00000000474740974199 0.09582066561520768966 0.00000000099999999992 0.00000000099999999992 
0.46087424356989686869 0.08432610810683149882 0.16130513753876668526 0.01273039640222270105 0.22682585479038866461 0.00499653407582432985 0.04894172551606913030 
0.00000000099999999807 0.00000000099999999807 0.00000000099999999807 0.99999999399999994765 0.00000000099999999807 0.00000000099999999807 0.00000000099999999807 
0.00000000099999999972 0.00000000099999999972 0.99999999399999994765 0.00000000099999999972 0.00000000099999999972 0.00000000099999999972 0.00000000099999999972 
0.99981375252447823865 0.00000000099999999967 0.00018624247552189281 0.00000000099999999967 0.00000000099999999967 0.00000000099999999967 0.00000000099999999967 
0.06538967397695073791 0.08468971237497092963 0.08912262581164594188 0.06817987392176604045 0.54308227358528926576 0.03032886779343455658 0.11920697253594254861 
0.00000000099999999912 0.00000000099999999912 0.00000000099999999912 0.00000000099999999912 0.00000000099999999912 0.99999999400000005867 0.00000000099999999912 
0.58384376009498906157 0.13305840155099302180 0.00000000099999999995 0.04443838488850773011 0.03609605289190387367 0.00000000099999999995 0.20256339857360627921 
0.00000000099999999870 0.00000000099999999870 0.00000000099999999870 0.00000000099999999870 0.00000000099999999870 0.99999999399999994765 0.00000000099999999870 
0.00000000099999999917 0.00000000099999999917 0.00000000099999999917 0.00000000099999999917 0.00000000099999999917 0.99999999399999994765 0.00000000099999999917 
0.00000000099999999910 0.00000000099999999910 0.00000000099999999910 0.00000000099999999910 0.00000000099999999910 0.99999999399999994765 0.00000000099999999910 
0.00000000099999999977 0.98037442686785525314 0.00000000099999999977 0.01962556813214487439 0.00000000099999999977 0.00000000099999999977 0.00000000099999999977 
0.00000000099999999910 0.99999999400000016969 0.00000000099999999910 0.00000000099999999910 0.00000000099999999910 0.00000000099999999910 0.00000000099999999910 
0.24938120770583896424 0.75061878729416120493 0.00000000099999999977 0.00000000099999999977 0.00000000099999999977 0.00000000099999999977 0.00000000099999999977 
0.00000000099999999910 0.99999999400000005867 0.00000000099999999910 0.00000000099999999910 0.00000000099999999910 0.00000000099999999910 0.00000000099999999910 
0.00000000099999999984 0.79639893443964382413 0.00000000099999999984 0.08795054616325387320 0.00000000099999999984 0.11565051539710240192 0.00000000099999999984 
