0.00000000099999999802 0.00000000099999999802 0.00000000099999999802 0.00000000099999999802 0.00000000099999999802 0.00000000099999999802 0.00000000099999999802 0.99999999299999997593 
0.00000000099999999971 0.06755703374921727400 0.00000000099999999971 0.00000000099999999971 0.26420715223658303161 0.66823580901419976641 0.00000000099999999971 0.00000000099999999971 
0.00000000099999999812 0.00000000099999999812 0.00000000099999999812 0.00000000099999999812 0.00000000099999999812 0.99999999299999986491 0.00000000099999999812 0.00000000099999999812 
0.99999999299999986491 0.00000000099999999772 0.00000000099999999772 0.00000000099999999772 0.00000000099999999772 0.00000000099999999772 0.00000000099999999772 0.00000000099999999772 
0.07525980018265548965 0.14102759193119518422 0.00000000099999999994 0.00000000099999999994 0.62774442434305921523 0.15596817954309025178 0.00000000099999999994 0.00000000099999999994 
0.05286640777497808585 0.12844536563115827033 0.00000000099999999993 0.00000033701217425356 0.61761994536679098999 0.20106794121489848792 0.00000000099999999993 0.00000000099999999993 
0.48319958025868708917 0.00000000099999999913 0.00000000099999999913 0.00000000099999999913 0.00000000099999999913 0.00000000099999999913 0.00000000099999999913 0.51680041374131280296 
0.00000000099999999830 0.00000000099999999830 0.00000000099999999830 0.00000000099999999830 0.00000000099999999830 0.99999999299999986491 0.00000000099999999830 0.00000000099999999830 
0.99999999299999986491 0.00000000099999999798 0.00000000099999999798 0.00000000099999999798 0.00000000099999999798 0.00000000099999999798 0.00000000099999999798 0.00000000099999999798 
0.06990340405988194894 0.00000350115939494755 0.07725071126477037198 0.27400658138248884521 0.55072699977146311046 0.01162638060330335558 0.00000000099999999997 0.01648242075869741849 
0.00537197735891059222 0.24899277985007758907 0.01961302346158659907 0.00056426175913916552 0.69277538438025598744 0.00000000099999999997 0.00000000099999999997 0.03268257119003020045 
0.00000000099999999977 0.00000000099999999977 0.10976482651629303200 0.00000000099999999977 0.69761901016492322558 0.00000000099999999977 0.19261615831878364791 0.00000000099999999977 
0.00000000099999999978 0.11123733586654818706 0.03759706991453954511 0.20935428921432142069 0.42478623017833644360 0.00000000099999999978 0.21702507182625427329 0.00000000099999999978 
0.00000000099999999997 0.13449901946247230788 0.01992566947000628391 0.00313470458010652476 0.46467765002852357004 0.01041145846822393028 0.36735149599066740933 0.00000000099999999997 
0.00000000099999999815 0.00000000099999999815 0.99999999299999997593 0.00000000099999999815 0.00000000099999999815 0.00000000099999999815 0.00000000099999999815 0.00000000099999999815 
0.00000000099999999990 0.15996076291989497209 0.00000000099999999990 0.00000000099999999990 0.52981490832475441888 0.00239483270920496207 0.27133635547442241931 0.03649313757172335110 
0.00000000099999999908 0.00000000099999999908 0.00000000099999999908 0.00000000099999999908 0.00000000099999999908 0.00000000099999999908 0.99999999299999997593 0.00000000099999999908 
0.00000000099999999870 0.00000000099999999870 0.00000000099999999870 0.00000000099999999870 0.00000000099999999870 0.00000000099999999870 0.99999999299999986491 0.00000000099999999870 
0.00000000099999999989 0.00000000099999999989 0.00000008392459623367 0.00000000099999999989 0.63670657713171363579 0.00000000099999999989 0.22724349943886518188 0.13604983550482496746 
0.04923544362503065597 0.00000397558761156043 0.00000250230855374977 0.08430753185779356340 0.42841917135430651609 0.00000000099999999997 0.16324514407377063718 0.27478623019293330065 
0.00000000099999999773 0.00000000099999999773 0.99999999299999975388 0.00000000099999999773 0.00000000099999999773 0.00000000099999999773 0.00000000099999999773 0.00000000099999999773 
0.00000000099999999969 0.00000000099999999969 0.00000000099999999969 0.00000000099999999969 0.00000000099999999969 0.00000000099999999969 0.99999999299999986491 0.00000000099999999969 
0.00000000099999999959 0.00000000099999999959 0.00000000099999999959 0.00000000099999999959 0.99999999300000008695 0.00000000099999999959 0.00000000099999999959 0.00000000099999999959 
0.10338291197094320872 0.02772691292005173905 0.06709764573308829583 0.08674527678984161883 0.03970981155040975707 0.57652495200234976647 0.09881248803331557640 0.00000000099999999998 
0.00000000099999999894 0.99999999300000008695 0.00000000099999999894 0.00000000099999999894 0.00000000099999999894 0.00000000099999999894 0.00000000099999999894 0.00000000099999999894 
0.19912435250533283559 0.00000000099999999994 0.04288628062764771043 0.13249725040629958817 0.57730629148633216818 0.04818582197438778941 0.00000000099999999994 0.00000000099999999994 
0.00000000099999999846 0.99999999299999997593 0.00000000099999999846 0.00000000099999999846 0.00000000099999999846 0.00000000099999999846 0.00000000099999999846 0.00000000099999999846 
0.00000000099999999900 0.99999999300000008695 0.00000000099999999900 0.00000000099999999900 0.00000000099999999900 0.00000000099999999900 0.00000000099999999900 0.00000000099999999900 
0.00000000099999999893 0.99999999300000008695 0.00000000099999999893 0.00000000099999999893 0.00000000099999999893 0.00000000099999999893 0.00000000099999999893 0.00000000099999999893 
0.00000000099999999969 0.00000000099999999969 0.01799691971905956894 0.98200307428094057993 0.00000000099999999969 0.00000000099999999969 0.00000000099999999969 0.00000000099999999969 
0.00000000099999999893 0.00000000099999999893 0.00000000099999999893 0.99999999299999997593 0.00000000099999999893 0.00000000099999999893 0.00000000099999999893 0.00000000099999999893 
0.00000000099999999974 0.00000000099999999974 0.00000000099999999974 0.74749951443216167135 0.25250047956783838732 0.00000000099999999974 0.00000000099999999974 0.00000000099999999974 
0.00000000099999999893 0.00000000099999999893 0.00000000099999999893 0.99999999299999986491 0.00000000099999999893 0.00000000099999999893 0.00000000099999999893 0.00000000099999999893 
0.00000000099999999977 0.11593627195660839713 0.08718842261041324926 0.79687530043297838400 0.00000000099999999977 0.00000000099999999977 0.00000000099999999977 0.00000000099999999977 
