0.00000000099999999765 0.00000000099999999765 0.00000000099999999765 0.99999999199999978217 0.00000000099999999765 0.00000000099999999765 0.00000000099999999765 0.00000000099999999765 0.00000000099999999765 
0.45826067220408195357 0.00000000099999999938 0.00000000099999999938 0.54173932079591802236 0.00000000099999999938 0.00000000099999999938 0.00000000099999999938 0.00000000099999999938 0.00000000099999999938 
0.00000000099999999757 0.00000000099999999757 0.00000000099999999757 0.99999999199999978217 0.00000000099999999757 0.00000000099999999757 0.00000000099999999757 0.00000000099999999757 0.00000000099999999757 
0.00000000099999999741 0.00000000099999999741 0.00000000099999999741 0.00000000099999999741 0.00000000099999999741 0.00000000099999999741 0.00000000099999999741 0.99999999200000000421 0.00000000099999999741 
0.99999999200000022626 0.00000000099999999956 0.00000000099999999956 0.00000000099999999956 0.00000000099999999956 0.00000000099999999956 0.00000000099999999956 0.00000000099999999956 0.00000000099999999956 
0.99999999200000011523 0.00000000099999999945 0.00000000099999999945 0.00000000099999999945 0.00000000099999999945 0.00000000099999999945 0.00000000099999999945 0.00000000099999999945 0.00000000099999999945 
0.00000000099999999923 0.00000000099999999923 0.00000000099999999923 0.45915339010835959366 0.00000000099999999923 0.00000000099999999923 0.00000000099999999923 0.54084660289164021574 0.00000000099999999923 
0.00000000099999999805 0.00000000099999999805 0.00000000099999999805 0.99999999199999989319 0.00000000099999999805 0.00000000099999999805 0.00000000099999999805 0.00000000099999999805 0.00000000099999999805 
0.00000000099999999765 0.00000000099999999765 0.00000000099999999765 0.00000000099999999765 0.00000000099999999765 0.00000000099999999765 0.00000000099999999765 0.99999999199999989319 0.00000000099999999765 
0.33004262696191161153 0.00000000099999999992 0.08780648406554628083 0.00000000099999999992 0.26280147868064285266 0.28229183936391510912 0.00000000099999999992 0.03705756692798405083 0.00000000099999999992 
0.00000000099999999980 0.22552315251871202229 0.00000000099999999980 0.00000000099999999980 0.00000000099999999980 0.77447684048128795364 0.00000000099999999980 0.00000000099999999980 0.00000000099999999980 
0.00000000099999999973 0.00000000099999999973 0.10300703293251101123 0.00000000099999999973 0.00000000099999999973 0.74224656233493235824 0.15474639873255663369 0.00000000099999999973 0.00000000099999999973 
0.00000000099999999971 0.07182014715810204619 0.00785041474395819887 0.00000000099999999971 0.19843858848604056799 0.49456905241748910784 0.00000000099999999971 0.00000000099999999971 0.22732179319441023213 
0.00000000099999999993 0.09474776986533915701 0.00001013219643462979 0.00000000099999999993 0.00000000099999999993 0.49525940220894515420 0.06549444121522947360 0.00000000099999999993 0.34448825051405174147 
0.00000000099999999793 0.00000000099999999793 0.99999999199999989319 0.00000000099999999793 0.00000000099999999793 0.00000000099999999793 0.00000000099999999793 0.00000000099999999793 0.00000000099999999793 
0.00000000099999999984 0.13991145887276390525 0.00000000099999999984 0.02607698364027021334 0.00000000099999999984 0.59203684244399368275 0.06919849121259853686 0.00000000099999999984 0.17277621983037375064 
0.00000000099999999914 0.00000000099999999914 0.00000000099999999914 0.00000000099999999914 0.00000000099999999914 0.00000000099999999914 0.47896686622040451908 0.00000000099999999914 0.52103312677959534582 
0.00000000099999999756 0.00000000099999999756 0.00000000099999999756 0.00000000099999999756 0.00000000099999999756 0.00000000099999999756 0.99999999199999989319 0.00000000099999999756 0.00000000099999999756 
0.00000000099999999986 0.00000000099999999986 0.00000000099999999986 0.09365132350477652079 0.00000000099999999986 0.74950301218079617982 0.09152052707593512360 0.00000000099999999986 0.06532513223849217843 
0.00000000099999999993 0.00000000099999999993 0.00000000099999999993 0.22579028621297533852 0.09336949857295315236 0.55069122298983397279 0.08588852869176008542 0.04426045953247745995 0.00000000099999999993 
0.00000000099999999742 0.00000000099999999742 0.99999999199999989319 0.00000000099999999742 0.00000000099999999742 0.00000000099999999742 0.00000000099999999742 0.00000000099999999742 0.00000000099999999742 
0.00000000099999999873 0.00000000099999999873 0.00000000099999999873 0.00000000099999999873 0.00000000099999999873 0.00000000099999999873 0.00000000099999999873 0.00000000099999999873 0.99999999199999989319 
0.00000000099999999951 0.00000000099999999951 0.00000000099999999951 0.00000000099999999951 0.00000000099999999951 0.99999999200000011523 0.00000000099999999951 0.00000000099999999951 0.00000000099999999951 
0.01108320469072303534 0.02876358793068799213 0.06316361334992121046 0.52965349998152466693 0.07535701751714839192 0.05384912972119387103 0.00000000100000000000 0.12502974851587361771 0.11310019729292700164 
0.00000000099999999882 0.99999999200000000421 0.00000000099999999882 0.00000000099999999882 0.00000000099999999882 0.00000000099999999882 0.00000000099999999882 0.00000000099999999882 0.00000000099999999882 
0.00000000099999999988 0.00000000099999999988 0.03457567157924637535 0.03088241945555678450 0.11018104025852720751 0.62317481351497427955 0.00000000099999999988 0.20118605119169538642 0.00000000099999999988 
0.00000000099999999830 0.99999999200000000421 0.00000000099999999830 0.00000000099999999830 0.00000000099999999830 0.00000000099999999830 0.00000000099999999830 0.00000000099999999830 0.00000000099999999830 
0.00000000099999999889 0.99999999200000011523 0.00000000099999999889 0.00000000099999999889 0.00000000099999999889 0.00000000099999999889 0.00000000099999999889 0.00000000099999999889 0.00000000099999999889 
0.00000000099999999880 0.99999999200000000421 0.00000000099999999880 0.00000000099999999880 0.00000000099999999880 0.00000000099999999880 0.00000000099999999880 0.00000000099999999880 0.00000000099999999880 
0.00000000099999999970 0.00000066299694093831 0.02352519584504118508 0.00000000099999999970 0.97647413515801795292 0.00000000099999999970 0.00000000099999999970 0.00000000099999999970 0.00000000099999999970 
0.00000000099999999881 0.00000000099999999881 0.00000000099999999881 0.00000000099999999881 0.99999999199999989319 0.00000000099999999881 0.00000000099999999881 0.00000000099999999881 0.00000000099999999881 
0.00000000099999999968 0.00000000099999999968 0.00000000099999999968 0.00000000099999999968 0.74072231352488648870 0.25927767947511337621 0.00000000099999999968 0.00000000099999999968 0.00000000099999999968 
0.00000000099999999881 0.00000000099999999881 0.00000000099999999881 0.00000000099999999881 0.99999999200000000421 0.00000000099999999881 0.00000000099999999881 0.00000000099999999881 0.00000000099999999881 
0.00000000099999999980 0.12238819923374363863 0.08907839209482576459 0.00000000099999999980 0.78853340267143068321 0.00000000099999999980 0.00000000099999999980 0.00000000099999999980 0.00000000099999999980 
