0.00000000099999999693 0.00000000099999999693 0.00000000099999999693 0.99999999099999981045 0.00000000099999999693 0.00000000099999999693 0.00000000099999999693 0.00000000099999999693 0.00000000099999999693 0.00000000099999999693 
0.00000000099999999958 0.00000000099999999958 0.00000000099999999958 0.13580829093021715148 0.00000000099999999958 0.07700662452402375069 0.00000000099999999958 0.00000000099999999958 0.00000000099999999958 0.78718507754575917090 
0.00000000099999999688 0.00000000099999999688 0.00000000099999999688 0.00000000099999999688 0.00000000099999999688 0.00000000099999999688 0.00000000099999999688 0.00000000099999999688 0.00000000099999999688 0.99999999100000003249 
0.00000000099999999694 0.00000000099999999694 0.00000000099999999694 0.99999999099999981045 0.00000000099999999694 0.00000000099999999694 0.00000000099999999694 0.00000000099999999694 0.00000000099999999694 0.00000000099999999694 
0.00000000099999999977 0.00000000099999999977 0.00000000099999999977 0.43327254635960615881 0.00000000099999999977 0.00000000099999999977 0.00000000099999999977 0.00000000099999999977 0.07511558720581514026 0.49161185943457852421 
0.00000000099999999991 0.00000000099999999991 0.03336478707349472411 0.29309421916700795219 0.00000000099999999991 0.00000000099999999991 0.02245353750480264324 0.05481379993855882427 0.11192197410953549919 0.48435167820660035565 
0.00000000099999999917 0.00000000099999999917 0.00000000099999999917 0.74086695679317227103 0.00000000099999999917 0.00000000099999999917 0.00000000099999999917 0.00000000099999999917 0.00000000099999999917 0.25913303520682795522 
0.00000000099999999692 0.00000000099999999692 0.00000000099999999692 0.00000000099999999692 0.00000000099999999692 0.00000000099999999692 0.00000000099999999692 0.00000000099999999692 0.00000000099999999692 0.99999999100000003249 
0.00000000099999999759 0.00000000099999999759 0.00000000099999999759 0.49612588063709817110 0.00000000099999999759 0.00000000099999999759 0.00000000099999999759 0.00000000099999999759 0.00000000099999999759 0.50387411136290172209 
0.00000000099999999759 0.00000000099999999759 0.00000000099999999759 0.49562815923558833919 0.00000000099999999759 0.00000000099999999759 0.00000000099999999759 0.00000000099999999759 0.00000000099999999759 0.50437183276441155400 
0.67927316924762848327 0.00000000099999999971 0.00000000099999999971 0.00000000099999999971 0.22934922349426584143 0.00000000099999999971 0.00000000099999999971 0.09137760025810587328 0.00000000099999999971 0.00000000099999999971 
0.00000000099999999948 0.00000000099999999948 0.00000000099999999948 0.00000000099999999948 0.99999999100000003249 0.00000000099999999948 0.00000000099999999948 0.00000000099999999948 0.00000000099999999948 0.00000000099999999948 
0.00000000099999999937 0.00000000099999999937 0.00000000099999999937 0.00000000099999999937 0.99999999100000014352 0.00000000099999999937 0.00000000099999999937 0.00000000099999999937 0.00000000099999999937 0.00000000099999999937 
0.00000000099999999918 0.00000000099999999918 0.00000000099999999918 0.00000000099999999918 0.00000000099999999918 0.00000000099999999918 0.00000000099999999918 0.00000000099999999918 0.99999999099999992147 0.00000000099999999918 
0.00000000099999999804 0.00000000099999999804 0.00000000099999999804 0.00000000099999999804 0.00000000099999999804 0.00000000099999999804 0.99999999099999981045 0.00000000099999999804 0.00000000099999999804 0.00000000099999999804 
0.00000000099999999975 0.04320745310358061614 0.20637542673097708512 0.00000000099999999975 0.58165873881026153303 0.16875837535518090071 0.00000000099999999975 0.00000000099999999975 0.00000000099999999975 0.00000000099999999975 
0.00000000099999999858 0.00000000099999999858 0.48564606761196005280 0.00000000099999999858 0.00000000099999999858 0.51435392438803984039 0.00000000099999999858 0.00000000099999999858 0.00000000099999999858 0.00000000099999999858 
0.00000000099999999690 0.00000000099999999690 0.00000000099999999690 0.00000000099999999690 0.00000000099999999690 0.99999999099999981045 0.00000000099999999690 0.00000000099999999690 0.00000000099999999690 0.00000000099999999690 
0.00000000099999999986 0.00000000099999999986 0.11492176300740342132 0.00000000099999999986 0.50201936453195428189 0.11193278453141386475 0.08906521887425744577 0.00000000351790386677 0.18206086153706688147 0.00000000099999999986 
0.00000000099999999915 0.00000000099999999915 0.00000000099999999915 0.00000000099999999915 0.00000000099999999915 0.00000000099999999915 0.00000000099999999915 0.00000000099999999915 0.99999999100000003249 0.00000000099999999915 
0.00000000099999999726 0.00000000099999999726 0.00000000099999999726 0.00000000099999999726 0.00000000099999999726 0.00000000099999999726 0.99999999099999969943 0.00000000099999999726 0.00000000099999999726 0.00000000099999999726 
0.00000000099999999855 0.00000000099999999855 0.99999999100000003249 0.00000000099999999855 0.00000000099999999855 0.00000000099999999855 0.00000000099999999855 0.00000000099999999855 0.00000000099999999855 0.00000000099999999855 
0.00000000099999999949 0.00000000099999999949 0.00000000099999999949 0.00000000099999999949 0.89903779397682703767 0.00000000099999999949 0.00015667356090606015 0.10080552546226688448 0.00000000099999999949 0.00000000099999999949 
0.00000000099999999761 0.00000000099999999761 0.00000000099999999761 0.45089470068739728736 0.00000000099999999761 0.00000000099999999761 0.00000000099999999761 0.00000000099999999761 0.00000000099999999761 0.54910529131260266134 
0.99999999100000003249 0.00000000099999999851 0.00000000099999999851 0.00000000099999999851 0.00000000099999999851 0.00000000099999999851 0.00000000099999999851 0.00000000099999999851 0.00000000099999999851 0.00000000099999999851 
0.00000000099999999971 0.00000000099999999971 0.00000000099999999971 0.00000000099999999971 0.00000000099999999971 0.13035271924663616172 0.00000000099999999971 0.00000000099999999971 0.86964727275336373147 0.00000000099999999971 
0.99999999100000003249 0.00000000099999999852 0.00000000099999999852 0.00000000099999999852 0.00000000099999999852 0.00000000099999999852 0.00000000099999999852 0.00000000099999999852 0.00000000099999999852 0.00000000099999999852 
0.99999999100000003249 0.00000000099999999798 0.00000000099999999798 0.00000000099999999798 0.00000000099999999798 0.00000000099999999798 0.00000000099999999798 0.00000000099999999798 0.00000000099999999798 0.00000000099999999798 
0.99999999100000003249 0.00000000099999999865 0.00000000099999999865 0.00000000099999999865 0.00000000099999999865 0.00000000099999999865 0.00000000099999999865 0.00000000099999999865 0.00000000099999999865 0.00000000099999999865 
0.00000000099999999963 0.54777188323922954005 0.00000000099999999963 0.00000000099999999963 0.14859995921057780888 0.00000000099999999963 0.03785201069803720286 0.00000000099999999963 0.26577614085215556239 0.00000000099999999963 
0.00000000099999999878 0.46760368878806085613 0.00000000099999999878 0.00000000099999999878 0.00000000099999999878 0.00000000099999999878 0.00000000099999999878 0.53239630321193875950 0.00000000099999999878 0.00000000099999999878 
0.00000000099999999836 0.00000000099999999836 0.00000000099999999836 0.00000000099999999836 0.00000000099999999836 0.00000000099999999836 0.00000000099999999836 0.99999999099999992147 0.00000000099999999836 0.00000000099999999836 
0.00000000099999999878 0.46705373898966728863 0.00000000099999999878 0.00000000099999999878 0.00000000099999999878 0.00000000099999999878 0.00000000099999999878 0.53294625301033227149 0.00000000099999999878 0.00000000099999999878 
0.00000000099999999714 0.99999999100000003249 0.00000000099999999714 0.00000000099999999714 0.00000000099999999714 0.00000000099999999714 0.00000000099999999714 0.00000000099999999714 0.00000000099999999714 0.00000000099999999714 
