0.00000000099999999941 0.99999999799999994554 0.00000000099999999941 
0.07743863502258520326 0.92256136397741483890 0.00000000100000000000 
0.00000000099999999938 0.99999999800000005656 0.00000000099999999938 
0.00000000099999999942 0.99999999799999994554 0.00000000099999999942 
0.03113053223462547772 0.93632418932143934853 0.03254527844393526742 
0.15553556440008900474 0.79105477285626035755 0.05340966274365065158 
0.00000000099999999987 0.99999999800000005656 0.00000000099999999987 
0.00000000099999999939 0.99999999799999994554 0.00000000099999999939 
0.00000000099999999940 0.99999999799999994554 0.00000000099999999940 
0.00000000099999999940 0.99999999800000005656 0.00000000099999999940 
0.99999999799999994554 0.00000000099999999989 0.00000000099999999989 
0.95896140807860119626 0.02500394836388260961 0.01603464355751605536 
0.96334753091653591017 0.03665246808346402790 0.00000000099999999998 
0.81960511211115205654 0.00000000099999999999 0.18039488688884783296 
0.00000000099999999953 0.00000000099999999953 0.99999999799999994554 
0.93286201127159362745 0.04649428907042128800 0.02064369965798516088 
0.99999999799999994554 0.00000000099999999991 0.00000000099999999991 
0.99999999800000005656 0.00000000099999999985 0.00000000099999999985 
0.84700837842659626453 0.03601155189175471449 0.11698006968164897934 
0.79510536339199100464 0.00000000099999999997 0.20489463560800905140 
0.00000000099999999936 0.00000000099999999936 0.99999999800000005656 
0.87738559705719132431 0.12194527333650680145 0.00066912960630192357 
0.91891584346267507488 0.00000000099999999997 0.08108415553732482850 
0.00000000099999999940 0.99999999800000005656 0.00000000099999999940 
0.96445843519188689807 0.00000000099999999987 0.03554156380811316490 
0.83130445102677619218 0.10284552776244250405 0.06585002121078131765 
0.96711152141796175030 0.00000000099999999987 0.03288847758203835431 
0.99999999800000005656 0.00000000099999999978 0.00000000099999999978 
0.96154094940754664123 0.00000000099999999987 0.03845904959245335930 
0.89691636095682425456 0.00000000099999999990 0.10308363804317573209 
0.99999999800000005656 0.00000000099999999989 0.00000000099999999989 
0.96631534526245366212 0.00000000099999999998 0.03368465373754649106 
0.99999999800000005656 0.00000000099999999989 0.00000000099999999989 
0.99999999800000005656 0.00000000099999999981 0.00000000099999999981 
