0.00000000099999999912 0.99999999699999997382 0.00000000099999999912 0.00000000099999999912 
0.09232611515185348838 0.90767388284814642940 0.00000000099999999994 0.00000000099999999994 
0.00000000099999999906 0.99999999699999997382 0.00000000099999999906 0.00000000099999999906 
0.00000000099999999913 0.99999999700000008485 0.00000000099999999913 0.00000000099999999913 
0.01136503174195724504 0.93419170415404340080 0.02328040613487047938 0.03116285796912898060 
0.08128827263758117705 0.78401128242068296448 0.07931039114877855289 0.05539005379295738885 
0.08323682760736884900 0.91676317039263111042 0.00000000099999999974 0.00000000099999999974 
0.00000000099999999908 0.99999999700000008485 0.00000000099999999908 0.00000000099999999908 
0.00000000099999999909 0.99999999699999997382 0.00000000099999999909 0.00000000099999999909 
0.00000000099999999909 0.99999999700000008485 0.00000000099999999909 0.00000000099999999909 
0.11756921561314472024 0.00000000099999999989 0.88243078238685512815 0.00000000099999999989 
0.55028038946884616500 0.00000000099999999997 0.43860055641770023804 0.01111905311345360269 
0.65044535446619400343 0.00000000099999999994 0.34955464353380599762 0.00000000099999999994 
0.34309649898845262506 0.00000000099999999998 0.47107345867528005456 0.18583004133626732091 
0.00000000099999999932 0.00000000099999999932 0.00000000099999999932 0.99999999699999997382 
0.78292666476712824419 0.00000000099999999996 0.20975171676231485485 0.00732161747055691797 
0.99999999700000008485 0.00000000099999999953 0.00000000099999999953 0.00000000099999999953 
0.99999999700000008485 0.00000000099999999945 0.00000000099999999945 0.00000000099999999945 
0.59795128145605580539 0.00000000099999999997 0.26716402366256580825 0.13488469388137847016 
0.32503252694949630319 0.00000000099999999996 0.46240189542245491161 0.21256557662804867470 
0.00000000099999999905 0.00000000099999999905 0.00000000099999999905 0.99999999700000008485 
0.96289922768428715116 0.03710077031571274581 0.00000000099999999994 0.00000000099999999994 
0.43874167519466539256 0.00000000099999999995 0.47359131349584526749 0.08766701030948925721 
0.00000000099999999909 0.99999999700000008485 0.00000000099999999909 0.00000000099999999909 
0.00000000099999999964 0.00000000099999999964 0.99999999699999997382 0.00000000099999999964 
0.41372713737446387139 0.07482784011808797653 0.43756273092711506223 0.07388229158033315924 
0.00000000099999999963 0.00000000099999999963 0.99999999699999986280 0.00000000099999999963 
0.00000000099999999948 0.00000000099999999948 0.99999999699999986280 0.00000000099999999948 
0.00000000099999999964 0.00000000099999999964 0.99999999699999986280 0.00000000099999999964 
0.20422374937695297881 0.00000000099999999990 0.69640565608212623427 0.09937059354092087071 
0.00000000099999999981 0.00000000099999999981 0.99999999699999986280 0.00000000099999999981 
0.12756072473707688597 0.00601218578341556915 0.84551886515538976496 0.02090822432411775650 
0.00000000099999999981 0.00000000099999999981 0.99999999699999986280 0.00000000099999999981 
0.00000000099999999970 0.00000000099999999970 0.99999999699999986280 0.00000000099999999970 
