0.00000000099999999875 0.00000000099999999875 0.99999999599999978006 0.00000000099999999875 0.00000000099999999875 
0.00000000099999999987 0.83830497221284216991 0.16169502478715799820 0.00000000099999999987 0.00000000099999999987 
0.00000000099999999874 0.99999999600000000211 0.00000000099999999874 0.00000000099999999874 0.00000000099999999874 
0.00000000099999999875 0.00000000099999999875 0.99999999599999989108 0.00000000099999999875 0.00000000099999999875 
0.06827966911182022092 0.48825624555918795133 0.44346408332899195370 0.00000000099999999994 0.00000000099999999994 
0.17480105327274844673 0.48116368503708617510 0.30978409970324788381 0.00000000099999999997 0.03425116098691760591 
0.00000000099999999967 0.25813456120024602658 0.74186543579975394724 0.00000000099999999967 0.00000000099999999967 
0.00000000099999999876 0.99999999600000000211 0.00000000099999999876 0.00000000099999999876 0.00000000099999999876 
0.00000000099999999908 0.49678509580024665659 0.50321490119975331723 0.00000000099999999908 0.00000000099999999908 
0.00000000099999999908 0.49742008181064484296 0.50257991518935518638 0.00000000099999999908 0.00000000099999999908 
0.09950069002069795998 0.00000000099999999988 0.00000000099999999988 0.74609623146521020232 0.15440307651409196366 
0.34973636580923816997 0.00000000099999999994 0.00000000099999999994 0.14586250133794551043 0.50440113085281623739 
0.13940839750369826699 0.00000000099999999993 0.00000000099999999993 0.20867296349509542597 0.65191863700120644687 
0.55381355136454668564 0.00000000099999999995 0.00000000099999999995 0.15993500677771887997 0.28625143985773437993 
0.99999999600000000211 0.00000000099999999959 0.00000000099999999959 0.00000000099999999959 0.00000000099999999959 
0.24169519948078832527 0.00000000099999999992 0.00000000099999999992 0.00741170215330953265 0.75089309636590217956 
0.00000000099999999932 0.00000000099999999932 0.00000000099999999932 0.00000000099999999932 0.99999999600000000211 
0.00000000099999999923 0.00000000099999999923 0.00000000099999999923 0.00000000099999999923 0.99999999599999989108 
0.33751269458333654772 0.00000000099999999995 0.00000000099999999995 0.09798547040361978155 0.56450183301304346362 
0.58527650993482616126 0.00000000099999999992 0.00000000099999999992 0.14659595438200578865 0.26812753368316821767 
0.99999999600000000211 0.00000000099999999943 0.00000000099999999943 0.00000000099999999943 0.00000000099999999943 
0.00000000099999999994 0.00229232296367109199 0.03318818717474290858 0.00000000099999999994 0.96451948786158603344 
0.45531293865770550156 0.00000000099999999991 0.00000000099999999991 0.17774811031938775319 0.36693894902290669080 
0.00000000099999999909 0.54232921879671258658 0.45767077820328738724 0.00000000099999999909 0.00000000099999999909 
0.00000000099999999924 0.00000000099999999924 0.00000000099999999924 0.99999999599999989108 0.00000000099999999924 
0.36772311486784942103 0.01584715452991427090 0.05488525089929478795 0.17348420010249232526 0.38806027960044930936 
0.00000000099999999924 0.00000000099999999924 0.00000000099999999924 0.99999999600000000211 0.00000000099999999924 
0.00000000099999999900 0.00000000099999999900 0.00000000099999999900 0.99999999599999989108 0.00000000099999999900 
0.00000000099999999930 0.00000000099999999930 0.00000000099999999930 0.99999999599999989108 0.00000000099999999930 
0.84178487476905872189 0.00000000099999999975 0.00000000099999999975 0.00000000099999999975 0.15821512223094127969 
0.99999999600000000211 0.00000000099999999953 0.00000000099999999953 0.00000000099999999953 0.00000000099999999953 
0.90595591693956534218 0.00000000099999999994 0.00000000099999999994 0.09404408006043474266 0.00000000099999999994 
0.99999999600000011313 0.00000000099999999953 0.00000000099999999953 0.00000000099999999953 0.00000000099999999953 
0.99999999600000000211 0.00000000099999999925 0.00000000099999999925 0.00000000099999999925 0.00000000099999999925 
