0.00000000099999999838 0.00000000099999999838 0.00000000099999999838 0.00000000099999999838 0.99999999499999980834 0.00000000099999999838 
0.00000000099999999983 0.00000000099999999983 0.00000000099999999983 0.00000000099999999983 0.16163572234882767065 0.83836427365117227595 
0.00000000099999999837 0.00000000099999999837 0.00000000099999999837 0.00000000099999999837 0.00000000099999999837 0.99999999499999991937 
0.00000000099999999839 0.00000000099999999839 0.00000000099999999839 0.00000000099999999839 0.99999999499999991937 0.00000000099999999839 
0.00028926676472304687 0.00000000099999999995 0.06544554915679315354 0.00000000099999999995 0.44345963941219795901 0.49080554266628578786 
0.04923524347759693220 0.05086897586174324998 0.11011274222375452836 0.00000000099999999998 0.30977805723608548005 0.48000498020081971973 
0.00000000099999999953 0.00000000099999999953 0.00000000099999999953 0.00000000099999999953 0.74184376064811330398 0.25815623535188664261 
0.00000000099999999839 0.00000000099999999839 0.00000000099999999839 0.00000000099999999839 0.00000000099999999839 0.99999999500000003039 
0.00000000099999999879 0.00000000099999999879 0.00000000099999999879 0.00000000099999999879 0.50325522068534844777 0.49674477531465155433 
0.00000000099999999879 0.00000000099999999879 0.00000000099999999879 0.00000000099999999879 0.50262250244165385116 0.49737749355834609544 
0.00000000099999999984 0.14131514017302193587 0.12364673966745455547 0.73503811715952349637 0.00000000099999999984 0.00000000099999999984 
0.00971135398020755297 0.53977550547869823649 0.29650043284097865603 0.15401270570011546535 0.00000000099999999994 0.00000000099999999994 
0.00000000099999999991 0.66683358281722049377 0.12858756031224155558 0.20457885387053797999 0.00000000099999999991 0.00000000099999999991 
0.17985897453803334489 0.32995231349340559124 0.31528159270076594467 0.17490711726779503699 0.00000000099999999995 0.00000000099999999995 
0.99999999500000003039 0.00000000099999999888 0.00000000099999999888 0.00000000099999999888 0.00000000099999999888 0.00000000099999999888 
0.00813074345768516685 0.78227699658930149873 0.19708775390624846957 0.01250450404676487805 0.00000000099999999992 0.00000000099999999992 
0.00000000099999999920 0.99999999500000014141 0.00000000099999999920 0.00000000099999999920 0.00000000099999999920 0.00000000099999999920 
0.00000000099999999910 0.99999999500000003039 0.00000000099999999910 0.00000000099999999910 0.00000000099999999910 0.00000000099999999910 
0.13465661289578792492 0.59692477013845690603 0.16328876923039001290 0.10512984573536514332 0.00000000099999999995 0.00000000099999999995 
0.20364880785289579679 0.31011344757958880791 0.32711271450849654929 0.15912502805901901359 0.00000000099999999992 0.00000000099999999992 
0.99999999500000003039 0.00000000099999999842 0.00000000099999999842 0.00000000099999999842 0.00000000099999999842 0.00000000099999999842 
0.00000000099999999989 0.97563360591582870551 0.00000000099999999989 0.00000000099999999989 0.02404293804070964380 0.00032345304346178969 
0.08099872330398369402 0.40182159693176433546 0.33462681586096654218 0.18255286190328537388 0.00000000099999999990 0.00000000099999999990 
0.00000000099999999880 0.00000000099999999880 0.00000000099999999880 0.00000000099999999880 0.45773789231539752098 0.54226210368460259215 
0.00000000099999999912 0.00000000099999999912 0.00000000099999999912 0.99999999500000003039 0.00000000099999999912 0.00000000099999999912 
0.07196982030376382344 0.41075984507022433867 0.26629438591322424079 0.18056217846933614313 0.05485038365224420565 0.01556338659120735761 
0.00000000099999999912 0.00000000099999999912 0.00000000099999999912 0.99999999500000003039 0.00000000099999999912 0.00000000099999999912 
0.00000000099999999879 0.00000000099999999879 0.00000000099999999879 0.99999999499999980834 0.00000000099999999879 0.00000000099999999879 
0.00000000099999999919 0.00000000099999999919 0.00000000099999999919 0.99999999500000003039 0.00000000099999999919 0.00000000099999999919 
0.08987347843275468595 0.16401826256660581582 0.74610825600063956919 0.00000000099999999976 0.00000000099999999976 0.00000000099999999976 
0.00000000099999999923 0.00000000099999999923 0.99999999500000003039 0.00000000099999999923 0.00000000099999999923 0.00000000099999999923 
0.00000000099999999986 0.00000000099999999986 0.95455487411469974735 0.04544512188530026864 0.00000000099999999986 0.00000000099999999986 
0.00000000099999999923 0.00000000099999999923 0.99999999500000003039 0.00000000099999999923 0.00000000099999999923 0.00000000099999999923 
0.00000000099999999886 0.00000000099999999886 0.99999999499999991937 0.00000000099999999886 0.00000000099999999886 0.00000000099999999886 
