0.00000000099999999801 0.00000000099999999801 0.00000000099999999801 0.99999999399999983662 0.00000000099999999801 0.00000000099999999801 0.00000000099999999801 
0.07797632249402403071 0.00000000099999999975 0.78479320882766490097 0.13723046467831098716 0.00000000099999999975 0.00000000099999999975 0.00000000099999999975 
0.00000000099999999798 0.00000000099999999798 0.99999999399999983662 0.00000000099999999798 0.00000000099999999798 0.00000000099999999798 0.00000000099999999798 
0.00000000099999999802 0.00000000099999999802 0.00000000099999999802 0.99999999399999983662 0.00000000099999999802 0.00000000099999999802 0.00000000099999999802 
0.00000000099999999988 0.00000000099999999988 0.49165000326520436058 0.43507389506464677620 0.00000000099999999988 0.07327609767014893472 0.00000000099999999988 
0.00000000099999999994 0.03151382406880281345 0.48414665260956751824 0.29826728199950874876 0.00000000099999999994 0.15879850449055049610 0.02727373483157065695 
0.00000000099999999940 0.00000000099999999940 0.25896740074397123221 0.74103259425602885369 0.00000000099999999940 0.00000000099999999940 0.00000000099999999940 
0.00000000099999999800 0.00000000099999999800 0.99999999399999983662 0.00000000099999999800 0.00000000099999999800 0.00000000099999999800 0.00000000099999999800 
0.00000000099999999847 0.00000000099999999847 0.50446325964480986936 0.49553673535519005000 0.00000000099999999847 0.00000000099999999847 0.00000000099999999847 
0.00000000099999999847 0.00000000099999999847 0.50497209100171192020 0.49502790399828794365 0.00000000099999999847 0.00000000099999999847 0.00000000099999999847 
0.00266361937614074387 0.00000000099999999980 0.00000000099999999980 0.00000000099999999980 0.68074162101063284691 0.27950602359995829760 0.03708873301326826022 
0.00000000099999999961 0.00000000099999999961 0.00000000099999999961 0.00000000099999999961 0.00000000099999999961 0.99999999400000005867 0.00000000099999999961 
0.15029899671989530030 0.00000000099999999973 0.00000000099999999973 0.00000000099999999973 0.00000000099999999973 0.84970099828010470233 0.00000000099999999973 
0.00000000099999999968 0.05358554851790793550 0.00000000099999999968 0.00000000099999999968 0.00000000099999999968 0.94641444648209205326 0.00000000099999999968 
0.00000000099999999866 0.99999999399999994765 0.00000000099999999866 0.00000000099999999866 0.00000000099999999866 0.00000000099999999866 0.00000000099999999866 
0.41787587819757587848 0.00000000099999999989 0.00000000099999999989 0.00000000099999999989 0.00000000099999999989 0.53305310413466466812 0.04907101366775917101 
0.99999999400000016969 0.00000000099999999902 0.00000000099999999902 0.00000000099999999902 0.00000000099999999902 0.00000000099999999902 0.00000000099999999902 
0.99999999400000005867 0.00000000099999999831 0.00000000099999999831 0.00000000099999999831 0.00000000099999999831 0.00000000099999999831 0.00000000099999999831 
0.22930933147512078119 0.08591977456290371407 0.00000000099999999987 0.00000000099999999987 0.00000000099999999987 0.68477088996197532644 0.00000000099999999987 
0.00000000099999999974 0.11290367026675217355 0.00000000099999999974 0.00000000099999999974 0.00000000099999999974 0.80327635164700095238 0.08381997408624701495 
0.00000000099999999812 0.99999999400000005867 0.00000000099999999812 0.00000000099999999812 0.00000000099999999812 0.00000000099999999812 0.00000000099999999812 
0.54154043451840638834 0.00000000099999999983 0.01042767146935747596 0.03994297793549000941 0.00000000099999999983 0.40808891307674616256 0.00000000099999999983 
0.00000000099999999960 0.00000000099999999960 0.00000000099999999960 0.00000000099999999960 0.00000000099999999960 0.99999999399999994765 0.00000000099999999960 
0.00000000099999999849 0.00000000099999999849 0.54937297253103434258 0.45062702246896563230 0.00000000099999999849 0.00000000099999999849 0.00000000099999999849 
0.00000000099999999897 0.00000000099999999897 0.00000000099999999897 0.00000000099999999897 0.99999999399999983662 0.00000000099999999897 0.00000000099999999897 
0.16175969531194361872 0.02391640333137637006 0.01197168137592914509 0.05230960170850796481 0.09870500300704378172 0.55863327792369110725 0.09270433734150794469 
0.00000000099999999897 0.00000000099999999897 0.00000000099999999897 0.00000000099999999897 0.99999999399999994765 0.00000000099999999897 0.00000000099999999897 
0.00000000099999999859 0.00000000099999999859 0.00000000099999999859 0.00000000099999999859 0.99999999399999983662 0.00000000099999999859 0.00000000099999999859 
0.00000000099999999905 0.00000000099999999905 0.00000000099999999905 0.00000000099999999905 0.99999999399999994765 0.00000000099999999905 0.00000000099999999905 
0.01653277639687084771 0.04746502911106650208 0.00000000099999999971 0.00000000099999999971 0.00000000099999999971 0.33572981585819294814 0.60027237563386981467 
0.00000000099999999917 0.00000000099999999917 0.00000000099999999917 0.00000000099999999917 0.00000000099999999917 0.00000000099999999917 0.99999999400000005867 
0.00000000099999999979 0.00000000099999999979 0.00000000099999999979 0.00000000099999999979 0.00129996819765535766 0.37361323947342206520 0.62508678832892250465 
0.00000000099999999917 0.00000000099999999917 0.00000000099999999917 0.00000000099999999917 0.00000000099999999917 0.00000000099999999917 0.99999999400000005867 
0.00000000099999999856 0.00000000099999999856 0.00000000099999999856 0.00000000099999999856 0.00000000099999999856 0.00000000099999999856 0.99999999399999994765 
