0.00000000099999999785 0.00000000099999999785 0.00000000099999999785 0.99999999299999986491 0.00000000099999999785 0.00000000099999999785 0.00000000099999999785 0.00000000099999999785 
0.00000000099999999961 0.00000000099999999961 0.00000000099999999961 0.15684650096193322732 0.00000000099999999961 0.84315349303806674808 0.00000000099999999961 0.00000000099999999961 
0.00000000099999999785 0.00000000099999999785 0.00000000099999999785 0.00000000099999999785 0.00000000099999999785 0.99999999299999986491 0.00000000099999999785 0.00000000099999999785 
0.00000000099999999786 0.00000000099999999786 0.00000000099999999786 0.99999999299999975388 0.00000000099999999786 0.00000000099999999786 0.00000000099999999786 0.00000000099999999786 
0.00000000099999999886 0.00000000099999999886 0.00000000099999999886 0.29804092675822130287 0.51126039955576707552 0.19069866868601140220 0.00000000099999999886 0.00000000099999999886 
0.00000000099999999894 0.00000000099999999894 0.00000000099999999894 0.00000000099999999894 0.99999999228948055485 0.00000000171051929272 0.00000000099999999894 0.00000000099999999894 
0.00000000099999999939 0.00000000099999999939 0.00000000099999999939 0.73841312932196645491 0.00000000099999999939 0.26158686467803371478 0.00000000099999999939 0.00000000099999999939 
0.00000000099999999787 0.00000000099999999787 0.00000000099999999787 0.00000000099999999787 0.00000000099999999787 0.99999999299999975388 0.00000000099999999787 0.00000000099999999787 
0.00000000099999999839 0.00000000099999999839 0.00000000099999999839 0.49908045600276162990 0.00000000099999999839 0.50091953799723831775 0.00000000099999999839 0.00000000099999999839 
0.00000000099999999839 0.00000000099999999839 0.00000000099999999839 0.49763369102604765315 0.00000000099999999839 0.50236630297395212796 0.00000000099999999839 0.00000000099999999839 
0.27502624670459580036 0.03724483332877712854 0.68227505519590792016 0.00000000099999999974 0.00000000099999999974 0.00000000099999999974 0.00545386077071924845 0.00000000099999999974 
0.99999999300000019797 0.00000000099999999954 0.00000000099999999954 0.00000000099999999954 0.00000000099999999954 0.00000000099999999954 0.00000000099999999954 0.00000000099999999954 
0.84902723690564640968 0.00000000099999999969 0.00000000099999999969 0.00000000099999999969 0.00000000099999999969 0.00000000099999999969 0.15097275709435373225 0.00000000099999999969 
0.94750740896564633609 0.00000000099999999961 0.00000000099999999961 0.00000000099999999961 0.00000000099999999961 0.00000000099999999961 0.00000000099999999961 0.05249258503435386830 
0.00000000099999999841 0.00000000099999999841 0.00000000099999999841 0.00000000099999999841 0.00000000099999999841 0.00000000099999999841 0.00000000099999999841 0.99999999299999997593 
0.52868863455886239144 0.05118598496898624228 0.00000000099999999989 0.00000000099999999989 0.00000000099999999989 0.00000000099999999989 0.42012537547215150768 0.00000000099999999989 
0.00000000099999999884 0.00000000099999999884 0.00000000099999999884 0.00000000099999999884 0.00000000099999999884 0.00000000099999999884 0.99999999299999986491 0.00000000099999999884 
0.00000000099999999802 0.00000000099999999802 0.00000000099999999802 0.00000000099999999802 0.00000000099999999802 0.00000000099999999802 0.99999999299999997593 0.00000000099999999802 
0.67663529989397896980 0.00000000099999999987 0.00000000099999999987 0.00000000099999999987 0.00000000099999999987 0.00000000099999999987 0.23498480901202553617 0.08837988609399556605 
0.80730163179035818732 0.07922525139746368350 0.00000000099999999967 0.00000000099999999967 0.00000000099999999967 0.00000000099999999967 0.00000000099999999967 0.11347311181217814569 
0.00000000099999999780 0.00000000099999999780 0.00000000099999999780 0.00000000099999999780 0.00000000099999999780 0.00000000099999999780 0.00000000099999999780 0.99999999300000008695 
0.34308700926827712108 0.00000000099999999975 0.00000000099999999975 0.00000000099999999975 0.13003964646901511326 0.00000000099999999975 0.52687333926270762952 0.00000000099999999975 
0.99999999300000008695 0.00000000099999999948 0.00000000099999999948 0.00000000099999999948 0.00000000099999999948 0.00000000099999999948 0.00000000099999999948 0.00000000099999999948 
0.00000000099999999840 0.00000000099999999840 0.00000000099999999840 0.45298356661361999231 0.00000000099999999840 0.54701642738637978880 0.00000000099999999840 0.00000000099999999840 
0.00000000099999999876 0.00000000099999999876 0.99999999299999986491 0.00000000099999999876 0.00000000099999999876 0.00000000099999999876 0.00000000099999999876 0.00000000099999999876 
0.49961514701157178076 0.09614021114044386807 0.10450852970205189163 0.00000000099999999994 0.12306194119573132806 0.00000000099999999994 0.15401238884049239797 0.02266178010970888723 
0.00000000099999999877 0.00000000099999999877 0.99999999299999997593 0.00000000099999999877 0.00000000099999999877 0.00000000099999999877 0.00000000099999999877 0.00000000099999999877 
0.00000000099999999833 0.00000000099999999833 0.99999999299999986491 0.00000000099999999833 0.00000000099999999833 0.00000000099999999833 0.00000000099999999833 0.00000000099999999833 
0.00000000099999999887 0.00000000099999999887 0.99999999299999986491 0.00000000099999999887 0.00000000099999999887 0.00000000099999999887 0.00000000099999999887 0.00000000099999999887 
0.34529322604640017014 0.60060687928461531371 0.00000000099999999959 0.00000000099999999959 0.00000000099999999959 0.00000000099999999959 0.00950872217181315815 0.04459116849717150582 
0.00000000099999999902 0.99999999300000019797 0.00000000099999999902 0.00000000099999999902 0.00000000099999999902 0.00000000099999999902 0.00000000099999999902 0.00000000099999999902 
0.37137006744419676085 0.62610321305147043081 0.00252671450433287039 0.00000000099999999976 0.00000000099999999976 0.00000000099999999976 0.00000000099999999976 0.00000000099999999976 
0.00000000099999999901 0.99999999300000008695 0.00000000099999999901 0.00000000099999999901 0.00000000099999999901 0.00000000099999999901 0.00000000099999999901 0.00000000099999999901 
0.00000000099999999830 0.99999999299999997593 0.00000000099999999830 0.00000000099999999830 0.00000000099999999830 0.00000000099999999830 0.00000000099999999830 0.00000000099999999830 
