0.99999999200000000421 0.00000000099999999728 0.00000000099999999728 0.00000000099999999728 0.00000000099999999728 0.00000000099999999728 0.00000000099999999728 0.00000000099999999728 0.00000000099999999728 
0.13641688926209410981 0.00000000099999999964 0.00000000099999999964 0.78639922424348063235 0.00000000099999999964 0.00000000099999999964 0.00000000099999999964 0.07718388049442533039 0.00000000099999999964 
0.00000000099999999724 0.00000000099999999724 0.00000000099999999724 0.99999999199999989319 0.00000000099999999724 0.00000000099999999724 0.00000000099999999724 0.00000000099999999724 0.00000000099999999724 
0.99999999200000000421 0.00000000099999999729 0.00000000099999999729 0.00000000099999999729 0.00000000099999999729 0.00000000099999999729 0.00000000099999999729 0.00000000099999999729 0.00000000099999999729 
0.43361075613506672166 0.00000000099999999985 0.00000000099999999985 0.49473654580056630747 0.00000000099999999985 0.00000000099999999985 0.07165269206436701566 0.00000000099999999985 0.00000000099999999985 
0.29684743758635323552 0.02826380797130917388 0.04595880304665305588 0.48264280093912037550 0.05671353206053338786 0.00000000099999999992 0.08957361539603082845 0.00000000099999999992 0.00000000099999999992 
0.74076993073724450856 0.00000000099999999920 0.00000000099999999920 0.25923006226275568942 0.00000000099999999920 0.00000000099999999920 0.00000000099999999920 0.00000000099999999920 0.00000000099999999920 
0.00000000099999999727 0.00000000099999999727 0.00000000099999999727 0.99999999199999978217 0.00000000099999999727 0.00000000099999999727 0.00000000099999999727 0.00000000099999999727 0.00000000099999999727 
0.49594169879709493198 0.00000000099999999788 0.00000000099999999788 0.50405829420290482190 0.00000000099999999788 0.00000000099999999788 0.00000000099999999788 0.00000000099999999788 0.00000000099999999788 
0.49543366049572024057 0.00000000099999999788 0.00000000099999999788 0.50456633250427962434 0.00000000099999999788 0.00000000099999999788 0.00000000099999999788 0.00000000099999999788 0.00000000099999999788 
0.00000000099999999970 0.00000000099999999970 0.20115225826440538692 0.00000000099999999970 0.10670714345418375046 0.00000000099999999970 0.00000000099999999970 0.00000000099999999970 0.69214059228141089353 
0.00000000099999999971 0.00000000099999999971 0.46656700858648447738 0.00000000099999999971 0.01678359403810885525 0.00000000099999999971 0.51664939137540655256 0.00000000099999999971 0.00000000099999999971 
0.00000000099999999952 0.00000000099999999952 0.99999999200000011523 0.00000000099999999952 0.00000000099999999952 0.00000000099999999952 0.00000000099999999952 0.00000000099999999952 0.00000000099999999952 
0.00000000099999999925 0.00000000099999999925 0.00000000099999999925 0.00000000099999999925 0.00000000099999999925 0.00000000099999999925 0.99999999200000000421 0.00000000099999999925 0.00000000099999999925 
0.00000000099999999825 0.99999999200000011523 0.00000000099999999825 0.00000000099999999825 0.00000000099999999825 0.00000000099999999825 0.00000000099999999825 0.00000000099999999825 0.00000000099999999825 
0.00000000099999999973 0.00000000099999999973 0.80401012933705151564 0.00000000099999999973 0.00000000099999999973 0.05767855969910919145 0.00000000099999999973 0.13831130496383944872 0.00000000099999999973 
0.00000000099999999910 0.00000000099999999910 0.39937717905139391572 0.00000000099999999910 0.00000000099999999910 0.00000000099999999910 0.00000000099999999910 0.60062281394860583816 0.00000000099999999910 
0.00000000099999999726 0.00000000099999999726 0.00000000099999999726 0.00000000099999999726 0.00000000099999999726 0.00000000099999999726 0.00000000099999999726 0.99999999200000000421 0.00000000099999999726 
0.00000000099999999986 0.09032590998545447780 0.52701695087358357839 0.00000000099999999986 0.03048180218864275648 0.00000000099999999986 0.26448942230337096904 0.08768591064894834530 0.00000000099999999986 
0.00000000099999999930 0.00000000099999999930 0.00000000099999999930 0.00000000099999999930 0.00000000099999999930 0.00000000099999999930 0.99999999200000000421 0.00000000099999999930 0.00000000099999999930 
0.00000000099999999755 0.99999999200000000421 0.00000000099999999755 0.00000000099999999755 0.00000000099999999755 0.00000000099999999755 0.00000000099999999755 0.00000000099999999755 0.00000000099999999755 
0.00000000099999999943 0.00000000099999999943 0.99999999200000000421 0.00000000099999999943 0.00000000099999999943 0.00000000099999999943 0.00000000099999999943 0.00000000099999999943 0.00000000099999999943 
0.00000000099999999971 0.00000000099999999971 0.33038557327940598629 0.00000000099999999971 0.16547852872106488809 0.00000000099999999971 0.48253189921210887237 0.00000000099999999971 0.02160399378742027324 
0.45072726261874157538 0.00000000099999999789 0.00000000099999999789 0.54927273038125834503 0.00000000099999999789 0.00000000099999999789 0.00000000099999999789 0.00000000099999999789 0.00000000099999999789 
0.00000000099999999867 0.00000000099999999867 0.00000000099999999867 0.00000000099999999867 0.00000000099999999867 0.00000000099999999867 0.00000000099999999867 0.00000000099999999867 0.99999999199999989319 
0.01493560061805547512 0.00000000099999999988 0.00000000099999999988 0.00000000099999999988 0.00000000099999999988 0.00000000099999999988 0.83419276760942295823 0.15087162577252147266 0.00000000099999999988 
0.00000000099999999868 0.00000000099999999868 0.00000000099999999868 0.00000000099999999868 0.00000000099999999868 0.00000000099999999868 0.00000000099999999868 0.00000000099999999868 0.99999999199999989319 
0.00000000099999999819 0.00000000099999999819 0.00000000099999999819 0.00000000099999999819 0.00000000099999999819 0.00000000099999999819 0.00000000099999999819 0.00000000099999999819 0.99999999200000000421 
0.00000000099999999880 0.00000000099999999880 0.00000000099999999880 0.00000000099999999880 0.00000000099999999880 0.00000000099999999880 0.00000000099999999880 0.00000000099999999880 0.99999999200000000421 
0.00000000099999999964 0.04869798081979191673 0.14315268297355324134 0.00000000099999999964 0.00000000099999999964 0.54903028930535979768 0.25911904190129514403 0.00000000099999999964 0.00000000099999999964 
0.00000000099999999894 0.00000000099999999894 0.00000000099999999894 0.00000000099999999894 0.52920300953815302414 0.47079698346184695179 0.00000000099999999894 0.00000000099999999894 0.00000000099999999894 
0.00000000099999999853 0.00000000099999999853 0.00000000099999999853 0.00000000099999999853 0.99999999199999989319 0.00000000099999999853 0.00000000099999999853 0.00000000099999999853 0.00000000099999999853 
0.00000000099999999894 0.00000000099999999894 0.00000000099999999894 0.00000000099999999894 0.52967615534857681592 0.47032383765142316001 0.00000000099999999894 0.00000000099999999894 0.00000000099999999894 
0.00000000099999999744 0.00000000099999999744 0.00000000099999999744 0.00000000099999999744 0.00000000099999999744 0.99999999199999978217 0.00000000099999999744 0.00000000099999999744 0.00000000099999999744 
