1.921699523925781250e+00 1.497794389724731445e-01 1.486059129238128662e-01 7.066147029399871826e-02 4.392052069306373596e-02 -3.257442638278007507e-02 1.041162945330142975e-02 1.507566124200820923e-01 7.011725753545761108e-02 1.831318065524101257e-02 1.234797015786170959e-01 -3.116028569638729095e-02 3.707662597298622131e-02 -2.244704365730285645e-01 -2.816593050956726074e-01 -1.075783446431159973e-01 -3.576903790235519409e-02 -2.234869450330734253e-01 -1.055696327239274979e-02 -2.653742730617523193e-01 -2.784180045127868652e-01 4.205019026994705200e-02 9.460241347551345825e-02 1.489541679620742798e-01 -1.073425933718681335e-01 -1.411875039339065552e-01 -3.275662064552307129e-01 -1.032661497592926025e-01 -2.257484942674636841e-01 1.306761614978313446e-02 -1.686897277832031250e-01 -2.482498139142990112e-01 -1.676483750343322754e-01 -3.797770664095878601e-02
1.497794389724731445e-01 1.745106101036071777e+00 1.714530944824218750e+00 -1.077831164002418518e-01 1.598844975233078003e-01 3.550298511981964111e-01 -1.770498752593994141e-01 1.712619185447692871e+00 -1.101353466510772705e-01 -1.352144926786422729e-01 -2.826650440692901611e-01 -3.300413489341735840e-01 -2.573231160640716553e-01 -3.687490820884704590e-01 -4.137963056564331055e-01 -2.408323734998703003e-01 -2.254311293363571167e-01 -3.952554464340209961e-01 -3.323376774787902832e-01 -3.482082486152648926e-01 -4.152632057666778564e-01 -1.677840054035186768e-01 -3.312495946884155273e-01 1.714189291000366211e+00 -2.783252000808715820e-01 -1.383009105920791626e-01 -2.579236328601837158e-01 -2.772733271121978760e-01 -3.081737160682678223e-01 -2.831401228904724121e-01 -3.273240923881530762e-01 -3.341273963451385498e-01 -3.308526277542114258e-01 -2.942638993263244629e-01
1.486059129238128662e-01 1.714530944824218750e+00 1.744633793830871582e+00 -1.003404632210731506e-01 1.622199565172195435e-01 3.544807136058807373e-01 -1.712548881769180298e-01 1.713337898254394531e+00 -1.064164191484451294e-01 -1.383669525384902954e-01 -2.800695896148681641e-01 -3.288252949714660645e-01 -2.586043477058410645e-01 -3.703608214855194092e-01 -4.150232970714569092e-01 -2.438025474548339844e-01 -2.278292179107666016e-01 -3.998337686061859131e-01 -3.302604854106903076e-01 -3.492647111415863037e-01 -4.154981374740600586e-01 -1.662092208862304688e-01 -3.290401399135589600e-01 1.715383529663085938e+00 -2.779356539249420166e-01 -1.373271495103836060e-01 -2.627641558647155762e-01 -2.804510593414306641e-01 -3.078849315643310547e-01 -2.823710739612579346e-01 -3.284375965595245361e-01 -3.342765569686889648e-01 -3.295681178569793701e-01 -2.905777394771575928e-01
7.066147029399871826e-02 -1.077831164002418518e-01 -1.003404632210731506e-01 2.480138301849365234e+00 -1.430128067731857300e-01 -2.112201601266860962e-01 2.386168479919433594e+00 -1.038705483078956604e-01 2.451874732971191406e+00 -1.102465838193893433e-01 -2.413625270128250122e-01 -2.127948105335235596e-01 -1.731087267398834229e-01 -3.271234631538391113e-01 -3.668492138385772705e-01 -1.217431649565696716e-01 -2.343568652868270874e-01 -3.323906362056732178e-01 -1.581391841173171997e-01 -1.964603662490844727e-01 -3.654881715774536133e-01 -1.935710608959197998e-01 -2.141743600368499756e-01 -1.037648543715476990e-01 -3.108102083206176758e-01 -3.164066374301910400e-01 -4.446243941783905029e-01 -2.912506461143493652e-01 -3.081044256687164307e-01 -2.878305017948150635e-01 -3.429132401943206787e-01 -3.912690877914428711e-01 -3.361476659774780273e-01 -2.801325023174285889e-01
4.392052069306373596e-02 1.598844975233078003e-01 1.622199565172195435e-01 -1.430128067731857300e-01 8.253083825111389160e-01 4.882048368453979492e-01 -1.841754168272018433e-01 1.609568595886230469e-01 -1.422275006771087646e-01 1.793467439711093903e-02 -5.773276463150978088e-02 3.731497377157211304e-02 -9.693461656570434570e-02 5.139836668968200684e-02 -1.476133018732070923e-01 7.047228515148162842e-02 -5.708873644471168518e-02 -2.417232282459735870e-02 -1.141947507858276367e-01 -7.852842658758163452e-02 -1.468034833669662476e-01 -1.460338663309812546e-02 1.055860370397567749e-01 1.615861058235168457e-01 -1.018526107072830200e-01 -1.090748533606529236e-01 -5.360242724418640137e-02 -1.003785878419876099e-01 -6.962543725967407227e-02 -8.432594686746597290e-02 -1.296240389347076416e-01 -9.942633658647537231e-02 -1.284068375825881958e-01 -1.961202919483184814e-01
-3.257442638278007507e-02 3.550298511981964111e-01 3.544807136058807373e-01 -2.112201601266860962e-01 4.882048368453979492e-01 7.468240857124328613e-01 -2.367523014545440674e-01 3.549250066280364990e-01 -2.129133492708206177e-01 1.527879536151885986e-01 -7.814669609069824219e-02 -1.012704893946647644e-01 -1.175835430622100830e-01 -3.020883910357952118e-02 -1.349875628948211670e-01 -4.868119955062866211e-02 -1.328995823860168457e-01 -1.282296925783157349e-01 -1.027214676141738892e-01 -9.433227032423019409e-02 -1.324071437120437622e-01 -8.810758590698242188e-02 -2.196423709392547607e-02 3.568327128887176514e-01 -9.176424890756607056e-02 -4.814410582184791565e-02 -4.816319793462753296e-02 -9.330742806196212769e-02 -5.432144179940223694e-02 -1.421529054641723633e-01 -8.438401669263839722e-02 -9.091172367334365845e-02 -8.489390462636947632e-02 -1.696359366178512573e-01
1.041162945330142975e-02 -1.770498752593994141e-01 -1.712548881769180298e-01 2.386168479919433594e+00 -1.841754168272018433e-01 -2.367523014545440674e-01 2.410686492919921875e+00 -1.732145696878433228e-01 2.387346744537353516e+00 -1.004578694701194763e-01 -2.219970971345901489e-01 -1.799813508987426758e-01 -1.528058499097824097e-01 -3.020975589752197266e-01 -3.481255769729614258e-01 -9.687147289514541626e-02 -2.082908153533935547e-01 -2.924238443374633789e-01 -1.302853077650070190e-01 -1.751002222299575806e-01 -3.459529280662536621e-01 -1.637705266475677490e-01 -1.790708303451538086e-01 -1.786991357803344727e-01 -2.914335727691650391e-01 -2.966718077659606934e-01 -4.315813183784484863e-01 -2.715871930122375488e-01 -2.896216809749603271e-01 -2.738084197044372559e-01 -3.223212957382202148e-01 -3.736949265003204346e-01 -3.167217671871185303e-01 -2.585621774196624756e-01
1.507566124200820923e-01 1.712619185447692871e+00 1.713337898254394531e+00 -1.038705483078956604e-01 1.609568595886230469e-01 3.549250066280364990e-01 -1.732145696878433228e-01 1.747904658317565918e+00 -1.074768751859664917e-01 -1.361851096153259277e-01 -2.827487885951995850e-01 -3.307402729988098145e-01 -2.581410109996795654e-01 -3.690381050109863281e-01 -4.161078333854675293e-01 -2.402956336736679077e-01 -2.237459272146224976e-01 -3.952780067920684814e-01 -3.330422937870025635e-01 -3.475169539451599121e-01 -4.163498878479003906e-01 -1.644405275583267212e-01 -3.301646411418914795e-01 1.713206768035888672e+00 -2.774622142314910889e-01 -1.359048038721084595e-01 -2.603276371955871582e-01 -2.794561386108398438e-01 -3.108711838722229004e-01 -2.809593379497528076e-01 -3.313607573509216309e-01 -3.375134468078613281e-01 -3.309663832187652588e-01 -2.946356534957885742e-01
7.011725753545761108e-02 -1.101353466510772705e-01 -1.064164191484451294e-01 2.451874732971191406e+00 -1.422275006771087646e-01 -2.129133492708206177e-01 2.387346744537353516e+00 -1.074768751859664917e-01 2.478387594223022461e+00 -1.094283536076545715e-01 -2.415315359830856323e-01 -2.173590660095214844e-01 -1.727340519428253174e-01 -3.256186246871948242e-01 -3.663146495819091797e-01 -1.213292852044105530e-01 -2.297298312187194824e-01 -3.279425203800201416e-01 -1.588744670152664185e-01 -1.955849528312683105e-01 -3.653311729431152344e-01 -1.897922754287719727e-01 -2.157343327999114990e-01 -1.115188747644424438e-01 -3.082131445407867432e-01 -3.158022463321685791e-01 -4.428634047508239746e-01 -2.893666923046112061e-01 -3.083838224411010742e-01 -2.860898375511169434e-01 -3.434870839118957520e-01 -3.939545154571533203e-01 -3.352263271808624268e-01 -2.782594263553619385e-01
1.831318065524101257e-02 -1.352144926786422729e-01 -1.383669525384902954e-01 -1.102465838193893433e-01 1.793467439711093903e-02 1.527879536151885986e-01 -1.004578694701194763e-01 -1.361851096153259277e-01 -1.094283536076545715e-01 9.230754971504211426e-01 -4.965014010667800903e-02 -3.089072555303573608e-02 8.670534938573837280e-02 -8.916169404983520508e-02 4.692866653203964233e-02 -1.261208057403564453e-01 -1.287100166082382202e-01 -1.666407883167266846e-01 1.415619403123855591e-01 -2.534897811710834503e-02 4.381947219371795654e-02 -8.266162872314453125e-02 -2.468726783990859985e-02 -1.348884701728820801e-01 4.992470517754554749e-02 4.752626270055770874e-02 -4.805582109838724136e-03 4.675901681184768677e-02 5.654657632112503052e-02 -3.688142076134681702e-02 1.719926297664642334e-02 -3.239617124199867249e-02 2.026583813130855560e-02 -1.798227615654468536e-02
1.234797015786170959e-01 -2.826650440692901611e-01 -2.800695896148681641e-01 -2.413625270128250122e-01 -5.773276463150978088e-02 -7.814669609069824219e-02 -2.219970971345901489e-01 -2.827487885951995850e-01 -2.415315359830856323e-01 -4.965014010667800903e-02 9.498856067657470703e-01 1.254252791404724121e-01 1.120199561119079590e-01 1.740646660327911377e-01 9.541919082403182983e-02 5.318482220172882080e-02 -6.682632118463516235e-02 -1.579881608486175537e-01 9.112787246704101562e-02 1.277745217084884644e-01 9.588092565536499023e-02 1.311854720115661621e-01 5.257999524474143982e-02 -2.837611734867095947e-01 5.807386711239814758e-02 1.166029721498489380e-01 -5.759644508361816406e-02 5.535894632339477539e-02 1.041701957583427429e-01 5.167510360479354858e-02 -7.309195399284362793e-02 2.297306060791015625e-02 -7.487505674362182617e-02 -8.944169431924819946e-02
-3.116028569638729095e-02 -3.300413489341735840e-01 -3.288252949714660645e-01 -2.127948105335235596e-01 3.731497377157211304e-02 -1.012704893946647644e-01 -1.799813508987426758e-01 -3.307402729988098145e-01 -2.173590660095214844e-01 -3.089072555303573608e-02 1.254252791404724121e-01 1.159949302673339844e+00 1.625416129827499390e-01 8.815203607082366943e-02 -5.769056081771850586e-02 1.313192397356033325e-01 5.837208777666091919e-02 2.317275106906890869e-01 4.073244333267211914e-02 4.538972675800323486e-02 -6.076076999306678772e-02 9.703984856605529785e-02 7.905121445655822754e-01 -3.301111757755279541e-01 -8.927953243255615234e-02 -6.141638755798339844e-02 -9.829394519329071045e-02 -9.307871013879776001e-02 -6.532351672649383545e-02 6.754030287265777588e-02 -1.208593174815177917e-01 6.904571503400802612e-02 -1.233698502182960510e-01 -2.084833830595016479e-01
3.707662597298622131e-02 -2.573231160640716553e-01 -2.586043477058410645e-01 -1.731087267398834229e-01 -9.693461656570434570e-02 -1.175835430622100830e-01 -1.528058499097824097e-01 -2.581410109996795654e-01 -1.727340519428253174e-01 8.670534938573837280e-02 1.120199561119079590e-01 1.625416129827499390e-01 1.007153391838073730e+00 4.719958081841468811e-02 -6.012812256813049316e-02 1.323529034852981567e-01 4.872896149754524231e-02 2.503788797184824944e-03 7.487231492996215820e-02 1.839882582426071167e-01 -5.885128304362297058e-02 1.687083244323730469e-01 -2.594745904207229614e-02 -2.568419277667999268e-01 -2.817824669182300568e-02 1.825448423624038696e-01 -9.750939160585403442e-02 -2.691266126930713654e-02 -2.786607481539249420e-02 -4.589260369539260864e-02 -4.748629033565521240e-02 3.317146748304367065e-02 -4.704625159502029419e-02 -7.633209228515625000e-02
-2.244704365730285645e-01 -3.687490820884704590e-01 -3.703608214855194092e-01 -3.271234631538391113e-01 5.139836668968200684e-02 -3.020883910357952118e-02 -3.020975589752197266e-01 -3.690381050109863281e-01 -3.256186246871948242e-01 -8.916169404983520508e-02 1.740646660327911377e-01 8.815203607082366943e-02 4.719958081841468811e-02 9.237061738967895508e-01 4.836093634366989136e-02 2.231667488813400269e-01 1.256658434867858887e-01 2.935006618499755859e-01 -7.113192975521087646e-02 3.563891649246215820e-01 4.871438443660736084e-02 1.122711971402168274e-01 4.031168296933174133e-02 -3.708017468452453613e-01 1.166219264268875122e-01 -4.357949644327163696e-02 8.094500750303268433e-02 1.158831417560577393e-01 9.091520309448242188e-02 2.972419373691082001e-03 -1.613850146532058716e-02 1.790197938680648804e-01 -1.079890225082635880e-02 -1.860836744308471680e-01
-2.816593050956726074e-01 -4.137963056564331055e-01 -4.150232970714569092e-01 -3.668492138385772705e-01 -1.476133018732070923e-01 -1.349875628948211670e-01 -3.481255769729614258e-01 -4.161078333854675293e-01 -3.663146495819091797e-01 4.692866653203964233e-02 9.541919082403182983e-02 -5.769056081771850586e-02 -6.012812256813049316e-02 4.836093634366989136e-02 1.783463954925537109e+00 -1.144442856311798096e-01 -1.572126597166061401e-01 -6.815484911203384399e-02 1.930922269821166992e-01 2.788155078887939453e-01 1.746418595314025879e+00 -1.817212849855422974e-01 -1.444534212350845337e-01 -4.156553149223327637e-01 -6.596492975950241089e-02 2.448915839195251465e-01 -7.780819386243820190e-02 -7.031835615634918213e-02 2.785421349108219147e-02 1.703175716102123260e-03 -3.042630665004253387e-02 1.083331331610679626e-01 -2.926762029528617859e-02 -1.139284223318099976e-01
-1.075783446431159973e-01 -2.408323734998703003e-01 -2.438025474548339844e-01 -1.217431649565696716e-01 7.047228515148162842e-02 -4.868119955062866211e-02 -9.687147289514541626e-02 -2.402956336736679077e-01 -1.213292852044105530e-01 -1.261208057403564453e-01 5.318482220172882080e-02 1.313192397356033325e-01 1.323529034852981567e-01 2.231667488813400269e-01 -1.144442856311798096e-01 1.267579913139343262e+00 5.658580064773559570e-01 4.937472045421600342e-01 -1.327000558376312256e-01 8.843806385993957520e-02 -1.159923076629638672e-01 5.773090720176696777e-01 1.456974446773529053e-01 -2.431991100311279297e-01 -2.033430337905883789e-01 -2.089236378669738770e-01 -3.823061883449554443e-01 -2.028169929981231689e-01 -2.315399497747421265e-01 2.983218804001808167e-02 -1.458365023136138916e-01 -1.544732451438903809e-01 -1.450405716896057129e-01 -1.137475371360778809e-01
-3.576903790235519409e-02 -2.254311293363571167e-01 -2.278292179107666016e-01 -2.343568652868270874e-01 -5.708873644471168518e-02 -1.328995823860168457e-01 -2.082908153533935547e-01 -2.237459272146224976e-01 -2.297298312187194824e-01 -1.287100166082382202e-01 -6.682632118463516235e-02 5.837208777666091919e-02 4.872896149754524231e-02 1.256658434867858887e-01 -1.572126597166061401e-01 5.658580064773559570e-01 1.263754606246948242e+00 1.108094334602355957e+00 -1.234645619988441467e-01 -3.702088445425033569e-02 -1.582197993993759155e-01 6.814721226692199707e-01 1.142830550670623779e-01 -2.223004102706909180e-01 -9.560418128967285156e-02 -1.890158355236053467e-01 -1.761630624532699585e-01 -9.914585202932357788e-02 -1.226006150245666504e-01 -2.926920354366302490e-02 -1.708720028400421143e-01 -1.623655110597610474e-01 -1.684841960668563843e-01 -1.858092248439788818e-01
-2.234869450330734253e-01 -3.952554464340209961e-01 -3.998337686061859131e-01 -3.323906362056732178e-01 -2.417232282459735870e-02 -1.282296925783157349e-01 -2.924238443374633789e-01 -3.952780067920684814e-01 -3.279425203800201416e-01 -1.666407883167266846e-01 -1.579881608486175537e-01 2.317275106906890869e-01 2.503788797184824944e-03 2.935006618499755859e-01 -6.815484911203384399e-02 4.937472045421600342e-01 1.108094334602355957e+00 2.063218116760253906e+00 -7.865043729543685913e-02 1.051222607493400574e-01 -7.224143296480178833e-02 1.904776692390441895e-01 2.918170392513275146e-01 -3.987981975078582764e-01 -7.778567820787429810e-02 -2.298909723758697510e-01 -3.368943557143211365e-02 -8.281400799751281738e-02 -3.345883637666702271e-02 -1.011419221758842468e-01 -1.708419770002365112e-01 -4.578877985477447510e-02 -1.670017093420028687e-01 -2.851226925849914551e-01
-1.055696327239274979e-02 -3.323376774787902832e-01 -3.302604854106903076e-01 -1.581391841173171997e-01 -1.141947507858276367e-01 -1.027214676141738892e-01 -1.302853077650070190e-01 -3.330422937870025635e-01 -1.588744670152664185e-01 1.415619403123855591e-01 9.112787246704101562e-02 4.073244333267211914e-02 7.487231492996215820e-02 -7.113192975521087646e-02 1.930922269821166992e-01 -1.327000558376312256e-01 -1.234645619988441467e-01 -7.865043729543685913e-02 1.011389255523681641e+00 -1.028120741248130798e-01 1.944251507520675659e-01 -5.251583084464073181e-02 6.450802087783813477e-02 -3.315555155277252197e-01 9.198908507823944092e-02 1.224813535809516907e-01 2.298157364130020142e-01 8.299628645181655884e-02 1.360416859388351440e-01 -4.816454648971557617e-02 9.016282856464385986e-03 7.260649651288986206e-02 6.485178600996732712e-03 7.357346266508102417e-02
-2.653742730617523193e-01 -3.482082486152648926e-01 -3.492647111415863037e-01 -1.964603662490844727e-01 -7.852842658758163452e-02 -9.433227032423019409e-02 -1.751002222299575806e-01 -3.475169539451599121e-01 -1.955849528312683105e-01 -2.534897811710834503e-02 1.277745217084884644e-01 4.538972675800323486e-02 1.839882582426071167e-01 3.563891649246215820e-01 2.788155078887939453e-01 8.843806385993957520e-02 -3.702088445425033569e-02 1.051222607493400574e-01 -1.028120741248130798e-01 1.015890479087829590e+00 2.759063541889190674e-01 -5.083123221993446350e-02 -6.060037389397621155e-02 -3.486944139003753662e-01 -3.190495446324348450e-02 1.178630068898200989e-01 -4.889296740293502808e-02 -3.251714631915092468e-02 8.596315979957580566e-02 -1.293985988013446331e-03 2.516416832804679871e-02 1.546460241079330444e-01 2.754984982311725616e-02 -8.741096407175064087e-02
-2.784180045127868652e-01 -4.152632057666778564e-01 -4.154981374740600586e-01 -3.654881715774536133e-01 -1.468034833669662476e-01 -1.324071437120437622e-01 -3.459529280662536621e-01 -4.163498878479003906e-01 -3.653311729431152344e-01 4.381947219371795654e-02 9.588092565536499023e-02 -6.076076999306678772e-02 -5.885128304362297058e-02 4.871438443660736084e-02 1.746418595314025879e+00 -1.159923076629638672e-01 -1.582197993993759155e-01 -7.224143296480178833e-02 1.944251507520675659e-01 2.759063541889190674e-01 1.781239032745361328e+00 -1.730346679687500000e-01 -1.473616957664489746e-01 -4.147881865501403809e-01 -6.737339496612548828e-02 2.434105575084686279e-01 -7.872127741575241089e-02 -7.360836118459701538e-02 2.913425490260124207e-02 4.780188100994564593e-05 -2.696981839835643768e-02 1.107897683978080750e-01 -2.968581020832061768e-02 -1.142473891377449036e-01
4.205019026994705200e-02 -1.677840054035186768e-01 -1.662092208862304688e-01 -1.935710608959197998e-01 -1.460338663309812546e-02 -8.810758590698242188e-02 -1.637705266475677490e-01 -1.644405275583267212e-01 -1.897922754287719727e-01 -8.266162872314453125e-02 1.311854720115661621e-01 9.703984856605529785e-02 1.687083244323730469e-01 1.122711971402168274e-01 -1.817212849855422974e-01 5.773090720176696777e-01 6.814721226692199707e-01 1.904776692390441895e-01 -5.251583084464073181e-02 -5.083123221993446350e-02 -1.730346679687500000e-01 1.127187013626098633e+00 6.912305951118469238e-02 -1.649538129568099976e-01 -1.399150639772415161e-01 -1.363752931356430054e-01 -2.556425034999847412e-01 -1.442292481660842896e-01 -1.377760618925094604e-01 4.471087455749511719e-02 -1.581479758024215698e-01 -1.035334095358848572e-01 -1.604700237512588501e-01 -1.339004337787628174e-01
9.460241347551345825e-02 -3.312495946884155273e-01 -3.290401399135589600e-01 -2.141743600368499756e-01 1.055860370397567749e-01 -2.196423709392547607e-02 -1.790708303451538086e-01 -3.301646411418914795e-01 -2.157343327999114990e-01 -2.468726783990859985e-02 5.257999524474143982e-02 7.905121445655822754e-01 -2.594745904207229614e-02 4.031168296933174133e-02 -1.444534212350845337e-01 1.456974446773529053e-01 1.142830550670623779e-01 2.918170392513275146e-01 6.450802087783813477e-02 -6.060037389397621155e-02 -1.473616957664489746e-01 6.912305951118469238e-02 1.223529338836669922e+00 -3.303652405738830566e-01 1.447241194546222687e-02 -6.618990749120712280e-02 5.861718952655792236e-02 7.916160859167575836e-03 -1.677808235399425030e-03 9.112699888646602631e-03 -1.877082139253616333e-01 -3.884985297918319702e-02 -1.898222267627716064e-01 -1.962234675884246826e-01
1.489541679620742798e-01 1.714189291000366211e+00 1.715383529663085938e+00 -1.037648543715476990e-01 1.615861058235168457e-01 3.568327128887176514e-01 -1.786991357803344727e-01 1.713206768035888672e+00 -1.115188747644424438e-01 -1.348884701728820801e-01 -2.837611734867095947e-01 -3.301111757755279541e-01 -2.568419277667999268e-01 -3.708017468452453613e-01 -4.156553149223327637e-01 -2.431991100311279297e-01 -2.223004102706909180e-01 -3.987981975078582764e-01 -3.315555155277252197e-01 -3.486944139003753662e-01 -4.147881865501403809e-01 -1.649538129568099976e-01 -3.303652405738830566e-01 1.755999088287353516e+00 -2.797880768775939941e-01 -1.388037800788879395e-01 -2.612664103507995605e-01 -2.800388336181640625e-01 -3.102402985095977783e-01 -2.816091477870941162e-01 -3.292891681194305420e-01 -3.377164006233215332e-01 -3.328028321266174316e-01 -2.950499951839447021e-01
-1.073425933718681335e-01 -2.783252000808715820e-01 -2.779356539249420166e-01 -3.108102083206176758e-01 -1.018526107072830200e-01 -9.176424890756607056e-02 -2.914335727691650391e-01 -2.774622142314910889e-01 -3.082131445407867432e-01 4.992470517754554749e-02 5.807386711239814758e-02 -8.927953243255615234e-02 -2.817824669182300568e-02 1.166219264268875122e-01 -6.596492975950241089e-02 -2.033430337905883789e-01 -9.560418128967285156e-02 -7.778567820787429810e-02 9.198908507823944092e-02 -3.190495446324348450e-02 -6.737339496612548828e-02 -1.399150639772415161e-01 1.447241194546222687e-02 -2.797880768775939941e-01 8.898831605911254883e-01 2.578571140766143799e-01 7.609274983406066895e-01 8.470894694328308105e-01 4.311350286006927490e-01 -1.366953253746032715e-01 -6.089184433221817017e-02 7.252757251262664795e-02 -6.216516718268394470e-02 -1.727625727653503418e-01
-1.411875039339065552e-01 -1.383009105920791626e-01 -1.373271495103836060e-01 -3.164066374301910400e-01 -1.090748533606529236e-01 -4.814410582184791565e-02 -2.966718077659606934e-01 -1.359048038721084595e-01 -3.158022463321685791e-01 4.752626270055770874e-02 1.166029721498489380e-01 -6.141638755798339844e-02 1.825448423624038696e-01 -4.357949644327163696e-02 2.448915839195251465e-01 -2.089236378669738770e-01 -1.890158355236053467e-01 -2.298909723758697510e-01 1.224813535809516907e-01 1.178630068898200989e-01 2.434105575084686279e-01 -1.363752931356430054e-01 -6.618990749120712280e-02 -1.388037800788879395e-01 2.578571140766143799e-01 8.686716556549072266e-01 3.316121399402618408e-01 2.531244754791259766e-01 2.429123371839523315e-01 -1.157725676894187927e-01 -5.810506641864776611e-02 3.422798216342926025e-02 -6.194254755973815918e-02 -8.262573927640914917e-02
-3.275662064552307129e-01 -2.579236328601837158e-01 -2.627641558647155762e-01 -4.446243941783905029e-01 -5.360242724418640137e-02 -4.816319793462753296e-02 -4.315813183784484863e-01 -2.603276371955871582e-01 -4.428634047508239746e-01 -4.805582109838724136e-03 -5.759644508361816406e-02 -9.829394519329071045e-02 -9.750939160585403442e-02 8.094500750303268433e-02 -7.780819386243820190e-02 -3.823061883449554443e-01 -1.761630624532699585e-01 -3.368943557143211365e-02 2.298157364130020142e-01 -4.889296740293502808e-02 -7.872127741575241089e-02 -2.556425034999847412e-01 5.861718952655792236e-02 -2.612664103507995605e-01 7.609274983406066895e-01 3.316121399402618408e-01 1.651050448417663574e+00 7.620173096656799316e-01 7.723276019096374512e-01 -1.802503615617752075e-01 -9.010430425405502319e-02 1.703514754772186279e-01 -9.501261264085769653e-02 -2.711615860462188721e-01
-1.032661497592926025e-01 -2.772733271121978760e-01 -2.804510593414306641e-01 -2.912506461143493652e-01 -1.003785878419876099e-01 -9.330742806196212769e-02 -2.715871930122375488e-01 -2.794561386108398438e-01 -2.893666923046112061e-01 4.675901681184768677e-02 5.535894632339477539e-02 -9.307871013879776001e-02 -2.691266126930713654e-02 1.158831417560577393e-01 -7.031835615634918213e-02 -2.028169929981231689e-01 -9.914585202932357788e-02 -8.281400799751281738e-02 8.299628645181655884e-02 -3.251714631915092468e-02 -7.360836118459701538e-02 -1.442292481660842896e-01 7.916160859167575836e-03 -2.800388336181640625e-01 8.470894694328308105e-01 2.531244754791259766e-01 7.620173096656799316e-01 9.093984365463256836e-01 4.378377497196197510e-01 -1.374339312314987183e-01 -5.963322520256042480e-02 6.919462233781814575e-02 -6.596553325653076172e-02 -1.784034520387649536e-01
-2.257484942674636841e-01 -3.081737160682678223e-01 -3.078849315643310547e-01 -3.081044256687164307e-01 -6.962543725967407227e-02 -5.432144179940223694e-02 -2.896216809749603271e-01 -3.108711838722229004e-01 -3.083838224411010742e-01 5.654657632112503052e-02 1.041701957583427429e-01 -6.532351672649383545e-02 -2.786607481539249420e-02 9.091520309448242188e-02 2.785421349108219147e-02 -2.315399497747421265e-01 -1.226006150245666504e-01 -3.345883637666702271e-02 1.360416859388351440e-01 8.596315979957580566e-02 2.913425490260124207e-02 -1.377760618925094604e-01 -1.677808235399425030e-03 -3.102402985095977783e-01 4.311350286006927490e-01 2.429123371839523315e-01 7.723276019096374512e-01 4.378377497196197510e-01 8.711243867874145508e-01 -1.398495733737945557e-01 7.258915808051824570e-03 1.972228437662124634e-01 3.507822519168257713e-03 -1.817640364170074463e-01
1.306761614978313446e-02 -2.831401228904724121e-01 -2.823710739612579346e-01 -2.878305017948150635e-01 -8.432594686746597290e-02 -1.421529054641723633e-01 -2.738084197044372559e-01 -2.809593379497528076e-01 -2.860898375511169434e-01 -3.688142076134681702e-02 5.167510360479354858e-02 6.754030287265777588e-02 -4.589260369539260864e-02 2.972419373691082001e-03 1.703175716102123260e-03 2.983218804001808167e-02 -2.926920354366302490e-02 -1.011419221758842468e-01 -4.816454648971557617e-02 -1.293985988013446331e-03 4.780188100994564593e-05 4.471087455749511719e-02 9.112699888646602631e-03 -2.816091477870941162e-01 -1.366953253746032715e-01 -1.157725676894187927e-01 -1.802503615617752075e-01 -1.374339312314987183e-01 -1.398495733737945557e-01 9.734892249107360840e-01 4.999186992645263672e-01 5.733498837798833847e-03 5.022497773170471191e-01 1.005427718162536621e+00
-1.686897277832031250e-01 -3.273240923881530762e-01 -3.284375965595245361e-01 -3.429132401943206787e-01 -1.296240389347076416e-01 -8.438401669263839722e-02 -3.223212957382202148e-01 -3.313607573509216309e-01 -3.434870839118957520e-01 1.719926297664642334e-02 -7.309195399284362793e-02 -1.208593174815177917e-01 -4.748629033565521240e-02 -1.613850146532058716e-02 -3.042630665004253387e-02 -1.458365023136138916e-01 -1.708720028400421143e-01 -1.708419770002365112e-01 9.016282856464385986e-03 2.516416832804679871e-02 -2.696981839835643768e-02 -1.581479758024215698e-01 -1.877082139253616333e-01 -3.292891681194305420e-01 -6.089184433221817017e-02 -5.810506641864776611e-02 -9.010430425405502319e-02 -5.963322520256042480e-02 7.258915808051824570e-03 4.999186992645263672e-01 1.010414838790893555e+00 5.565011501312255859e-01 9.815159440040588379e-01 1.026317954063415527e+00
-2.482498139142990112e-01 -3.341273963451385498e-01 -3.342765569686889648e-01 -3.912690877914428711e-01 -9.942633658647537231e-02 -9.091172367334365845e-02 -3.736949265003204346e-01 -3.375134468078613281e-01 -3.939545154571533203e-01 -3.239617124199867249e-02 2.297306060791015625e-02 6.904571503400802612e-02 3.317146748304367065e-02 1.790197938680648804e-01 1.083331331610679626e-01 -1.544732451438903809e-01 -1.623655110597610474e-01 -4.578877985477447510e-02 7.260649651288986206e-02 1.546460241079330444e-01 1.107897683978080750e-01 -1.035334095358848572e-01 -3.884985297918319702e-02 -3.377164006233215332e-01 7.252757251262664795e-02 3.422798216342926025e-02 1.703514754772186279e-01 6.919462233781814575e-02 1.972228437662124634e-01 5.733498837798833847e-03 5.565011501312255859e-01 1.198687195777893066e+00 5.526231527328491211e-01 -1.303135454654693604e-01
-1.676483750343322754e-01 -3.308526277542114258e-01 -3.295681178569793701e-01 -3.361476659774780273e-01 -1.284068375825881958e-01 -8.489390462636947632e-02 -3.167217671871185303e-01 -3.309663832187652588e-01 -3.352263271808624268e-01 2.026583813130855560e-02 -7.487505674362182617e-02 -1.233698502182960510e-01 -4.704625159502029419e-02 -1.079890225082635880e-02 -2.926762029528617859e-02 -1.450405716896057129e-01 -1.684841960668563843e-01 -1.670017093420028687e-01 6.485178600996732712e-03 2.754984982311725616e-02 -2.968581020832061768e-02 -1.604700237512588501e-01 -1.898222267627716064e-01 -3.328028321266174316e-01 -6.216516718268394470e-02 -6.194254755973815918e-02 -9.501261264085769653e-02 -6.596553325653076172e-02 3.507822519168257713e-03 5.022497773170471191e-01 9.815159440040588379e-01 5.526231527328491211e-01 1.013122439384460449e+00 1.034758925437927246e+00
-3.797770664095878601e-02 -2.942638993263244629e-01 -2.905777394771575928e-01 -2.801325023174285889e-01 -1.961202919483184814e-01 -1.696359366178512573e-01 -2.585621774196624756e-01 -2.946356534957885742e-01 -2.782594263553619385e-01 -1.798227615654468536e-02 -8.944169431924819946e-02 -2.084833830595016479e-01 -7.633209228515625000e-02 -1.860836744308471680e-01 -1.139284223318099976e-01 -1.137475371360778809e-01 -1.858092248439788818e-01 -2.851226925849914551e-01 7.357346266508102417e-02 -8.741096407175064087e-02 -1.142473891377449036e-01 -1.339004337787628174e-01 -1.962234675884246826e-01 -2.950499951839447021e-01 -1.727625727653503418e-01 -8.262573927640914917e-02 -2.711615860462188721e-01 -1.784034520387649536e-01 -1.817640364170074463e-01 1.005427718162536621e+00 1.026317954063415527e+00 -1.303135454654693604e-01 1.034758925437927246e+00 2.144809246063232422e+00
