1.669931650161743164e+00 1.651155591011047363e+00 1.291230440139770508e+00 -1.914614439010620117e-01 -7.575076073408126831e-02 2.671178579330444336e-01 3.812216222286224365e-02 2.001608610153198242e-01 2.366122305393218994e-01 1.349917650222778320e-01 4.032702744007110596e-02 2.739005982875823975e-01 1.618304550647735596e-01 3.034093976020812988e-01 -7.525074481964111328e-02 -1.417921930551528931e-01 -5.817931145429611206e-02 -6.542634218931198120e-02 -4.041652753949165344e-02 -2.293436974287033081e-02 8.659521490335464478e-02 -1.483403742313385010e-01 -3.042524456977844238e-01 -1.649114638566970825e-01 -1.875116378068923950e-01 7.858157157897949219e-03 -3.872744366526603699e-02 -2.158785797655582428e-02 -2.229806929826736450e-01 2.471790462732315063e-01 -1.032657697796821594e-01 1.554431580007076263e-02 -1.819752901792526245e-01 -8.658116310834884644e-02 -1.306886076927185059e-01 -1.003301441669464111e-01 2.648338973522186279e-01 3.655211925506591797e-01 3.617854118347167969e-01 -1.866381317377090454e-01 -2.026928216218948364e-01 -9.825188666582107544e-02 -2.167131155729293823e-01 -1.659834682941436768e-01 -2.454843074083328247e-01 -1.113496720790863037e-01 -8.811639249324798584e-02 8.571164309978485107e-02 2.790684103965759277e-01 6.858274340629577637e-02 -2.316771298646926880e-01 -1.184956282377243042e-01 -2.537222020328044891e-02 -1.977709978818893433e-01 -8.395068347454071045e-02 -1.010720580816268921e-01 -1.212126016616821289e-01 -1.409150063991546631e-01 2.505147159099578857e-01 -7.697977125644683838e-02 -4.619433730840682983e-02 -2.073124349117279053e-01 -2.636297047138214111e-02 8.962961845099925995e-03 2.682166695594787598e-01 -2.900741994380950928e-01 -1.472742557525634766e-01 -1.729828566312789917e-01 -1.652657836675643921e-01 -1.138470321893692017e-01 -1.504511982202529907e-01 -8.140135556459426880e-02 5.568433403968811035e-01 8.049817681312561035e-01 5.585223436355590820e-01 6.021685004234313965e-01 1.653198003768920898e-01 6.660803556442260742e-01 -2.738231122493743896e-01 -2.747538089752197266e-01 -3.196338415145874023e-01 -3.385831713676452637e-01 -2.250501811504364014e-01 -3.060204982757568359e-01 -3.427696824073791504e-01 -3.141973614692687988e-01 -3.029311299324035645e-01 -3.201254606246948242e-01 -3.211846351623535156e-01 -3.359359204769134521e-01 -3.223823606967926025e-01 -2.891277968883514404e-01 6.986860185861587524e-02 -2.729374170303344727e-01 -2.929534614086151123e-01 -2.905599176883697510e-01 -2.777533829212188721e-01 -1.511509716510772705e-01 -3.805004432797431946e-02 -1.484151929616928101e-01 -2.200164049863815308e-01
1.651155591011047363e+00 1.676881790161132812e+00 1.295135617256164551e+00 -1.912039667367935181e-01 -7.499882578849792480e-02 2.674591839313507080e-01 3.891585394740104675e-02 2.018864005804061890e-01 2.385241687297821045e-01 1.351487189531326294e-01 4.122252017259597778e-02 2.745323777198791504e-01 1.624997854232788086e-01 3.048520684242248535e-01 -7.591735571622848511e-02 -1.427381783723831177e-01 -5.661103501915931702e-02 -6.656858325004577637e-02 -4.112097620964050293e-02 -2.382560633122920990e-02 8.463115245103836060e-02 -1.469317376613616943e-01 -3.052390813827514648e-01 -1.642356365919113159e-01 -1.873996108770370483e-01 8.794141933321952820e-03 -4.038147255778312683e-02 -2.380823902785778046e-02 -2.246620953083038330e-01 2.462455928325653076e-01 -1.020494699478149414e-01 1.664018258452415466e-02 -1.811277270317077637e-01 -8.706323802471160889e-02 -1.298367679119110107e-01 -9.983699023723602295e-02 2.672297358512878418e-01 3.670587241649627686e-01 3.633273243904113770e-01 -1.897612363100051880e-01 -2.020569145679473877e-01 -9.909111261367797852e-02 -2.180625498294830322e-01 -1.627527922391891479e-01 -2.458579987287521362e-01 -1.124251633882522583e-01 -8.987846970558166504e-02 8.567371964454650879e-02 2.804001271724700928e-01 6.858408451080322266e-02 -2.318592071533203125e-01 -1.221598312258720398e-01 -2.431989274919033051e-02 -1.989828795194625854e-01 -8.397023379802703857e-02 -1.005727276206016541e-01 -1.215931177139282227e-01 -1.426510363817214966e-01 2.532761991024017334e-01 -7.685378938913345337e-02 -4.741628468036651611e-02 -2.085829675197601318e-01 -2.776527404785156250e-02 7.975094951689243317e-03 2.674829363822937012e-01 -2.917798757553100586e-01 -1.481886953115463257e-01 -1.706398278474807739e-01 -1.665644049644470215e-01 -1.117509827017784119e-01 -1.549867689609527588e-01 -8.116854727268218994e-02 5.587722063064575195e-01 8.087693452835083008e-01 5.607634186744689941e-01 6.044818758964538574e-01 1.660827845335006714e-01 6.674873828887939453e-01 -2.739393115043640137e-01 -2.756771147251129150e-01 -3.211531639099121094e-01 -3.378958106040954590e-01 -2.249726802110671997e-01 -3.067440390586853027e-01 -3.432233929634094238e-01 -3.142098486423492432e-01 -3.029986917972564697e-01 -3.216109573841094971e-01 -3.220920860767364502e-01 -3.360625505447387695e-01 -3.231417238712310791e-01 -2.879294157028198242e-01 7.144609093666076660e-02 -2.754542529582977295e-01 -2.927955090999603271e-01 -2.905850410461425781e-01 -2.782132327556610107e-01 -1.513229608535766602e-01 -4.062120243906974792e-02 -1.480984091758728027e-01 -2.190018743276596069e-01
1.291230440139770508e+00 1.295135617256164551e+00 1.339785933494567871e+00 -2.025415599346160889e-01 -1.206085234880447388e-01 2.191340327262878418e-01 2.790181525051593781e-02 1.504772305488586426e-01 1.472502648830413818e-01 2.396542876958847046e-01 9.780228883028030396e-02 2.014322876930236816e-01 1.127375811338424683e-01 2.133264839649200439e-01 -1.260368078947067261e-01 -1.745028942823410034e-01 -3.395097702741622925e-02 -6.577119231224060059e-02 -1.979568041861057281e-02 -1.781537546776235104e-03 4.512320831418037415e-02 -1.078840792179107666e-01 -2.606364190578460693e-01 -1.876664310693740845e-01 -1.730512529611587524e-01 -3.712528944015502930e-02 -8.340375870466232300e-02 -1.203160546720027924e-02 -1.912003606557846069e-01 2.011841982603073120e-01 -7.013455778360366821e-02 7.181561738252639771e-02 -6.176465749740600586e-02 4.797157645225524902e-02 -8.148714154958724976e-02 -5.188719183206558228e-02 1.707818061113357544e-01 2.681908309459686279e-01 2.791593372821807861e-01 -1.740939617156982422e-01 -2.290067672729492188e-01 -1.117540672421455383e-01 -2.360148429870605469e-01 -1.538589149713516235e-01 -1.755529344081878662e-01 -5.597412213683128357e-02 -2.143781445920467377e-02 -1.060363836586475372e-02 1.635249555110931396e-01 7.801927626132965088e-02 -1.817700862884521484e-01 -1.503525525331497192e-01 -1.900246553122997284e-02 -2.165432423353195190e-01 -1.372352391481399536e-01 -1.056260690093040466e-01 -1.041740626096725464e-01 -1.482716947793960571e-01 1.662287712097167969e-01 -7.316096127033233643e-02 5.091575440019369125e-03 -1.922009140253067017e-01 6.248383782804012299e-03 -3.077265992760658264e-02 2.161866575479507446e-01 -2.025125026702880859e-01 -1.533821374177932739e-01 -1.736041009426116943e-01 -1.548093408346176147e-01 -1.309695690870285034e-01 -1.400412172079086304e-01 -5.060131475329399109e-02 4.375796616077423096e-01 7.057517170906066895e-01 4.340151846408843994e-01 7.126725912094116211e-01 3.232458531856536865e-01 7.775478959083557129e-01 -2.560065090656280518e-01 -2.580904960632324219e-01 -2.747789323329925537e-01 -2.705982923507690430e-01 -1.789192408323287964e-01 -2.532557547092437744e-01 -2.973850667476654053e-01 -2.754586935043334961e-01 -2.792263031005859375e-01 -2.749868035316467285e-01 -2.749869525432586670e-01 -2.699956893920898438e-01 -2.744389474391937256e-01 -2.490165829658508301e-01 4.476754926145076752e-03 -8.816562592983245850e-02 -2.031176686286926270e-01 -1.990034431219100952e-01 -2.726569771766662598e-01 -1.489666998386383057e-01 -4.347899928689002991e-02 -1.470184624195098877e-01 -2.229660153388977051e-01
-1.914614439010620117e-01 -1.912039667367935181e-01 -2.025415599346160889e-01 1.124612450599670410e+00 3.299885392189025879e-01 -1.911879926919937134e-01 -7.625419646501541138e-02 -1.746943593025207520e-01 2.535572648048400879e-01 -7.333091646432876587e-02 -4.800364002585411072e-02 3.382329642772674561e-02 -1.517555713653564453e-01 2.261717915534973145e-01 4.182744398713111877e-02 -1.798181831836700439e-01 -7.924811542034149170e-02 -5.822844803333282471e-02 -7.354363054037094116e-02 -5.904528126120567322e-02 -2.835847251117229462e-02 -9.583769738674163818e-02 -2.947792224586009979e-02 -9.265051782131195068e-02 -1.580817550420761108e-01 -6.473602354526519775e-02 -1.182108148932456970e-01 -6.391665339469909668e-02 -4.509430006146430969e-02 -9.370043873786926270e-02 1.302207559347152710e-01 8.810749650001525879e-02 -1.519424933940172195e-02 8.954706043004989624e-02 9.622926265001296997e-02 -2.690434688702225685e-03 5.458801984786987305e-02 7.704489678144454956e-02 2.028016000986099243e-02 2.976074442267417908e-02 -7.468049228191375732e-02 -4.268229007720947266e-02 -4.971666634082794189e-02 -9.737616032361984253e-02 -5.483463034033775330e-02 -1.386524736881256104e-01 -1.190351024270057678e-01 -1.032524630427360535e-01 -5.931248143315315247e-02 -1.616022586822509766e-01 -1.169823035597801208e-01 -6.213889643549919128e-02 -6.095661967992782593e-02 -9.272137284278869629e-02 2.247918695211410522e-01 -5.484686419367790222e-02 -1.245896890759468079e-01 -6.787896901369094849e-02 1.540092527866363525e-01 -1.248042751103639603e-02 -1.539548784494400024e-01 9.263177961111068726e-02 -1.042650043964385986e-01 -8.197478204965591431e-02 -1.894599944353103638e-01 -9.417052567005157471e-02 -1.263904869556427002e-01 -1.309971213340759277e-01 -2.805571630597114563e-02 -1.189666837453842163e-01 -9.627327322959899902e-02 -7.742878049612045288e-02 -4.915430769324302673e-02 -1.506180018186569214e-01 -4.870479926466941833e-02 -1.169959083199501038e-01 4.826846066862344742e-03 -1.341669112443923950e-01 2.457955479621887207e-01 2.455046325922012329e-01 2.636395394802093506e-01 5.683538317680358887e-01 1.849149614572525024e-01 5.351724028587341309e-01 1.895612478256225586e-01 4.714115262031555176e-01 -3.394940495491027832e-02 2.653134763240814209e-01 2.650813460350036621e-01 5.677856206893920898e-01 2.661563456058502197e-01 5.470309853553771973e-01 -4.643404856324195862e-02 -1.850372850894927979e-01 -9.132908284664154053e-02 -9.011702984571456909e-02 7.224133610725402832e-02 -2.178427390754222870e-02 -1.294144690036773682e-01 -2.206404320895671844e-02 -2.085479721426963806e-02
-7.575076073408126831e-02 -7.499882578849792480e-02 -1.206085234880447388e-01 3.299885392189025879e-01 1.300172090530395508e+00 -1.564748585224151611e-01 -6.120314449071884155e-02 -9.751872718334197998e-02 7.384351491928100586e-01 -9.003939107060432434e-03 2.284271828830242157e-02 3.304010033607482910e-01 -5.930842831730842590e-02 6.932382583618164062e-01 1.018751710653305054e-01 -1.204101666808128357e-01 -2.483124844729900360e-02 -1.028205305337905884e-01 -2.330172434449195862e-02 -5.210827291011810303e-02 1.305846404284238815e-02 -1.029731407761573792e-01 -1.000148430466651917e-01 -5.558010563254356384e-02 -1.899983882904052734e-01 -4.423865675926208496e-02 -1.304877549409866333e-01 -1.019487008452415466e-01 -6.251640617847442627e-02 7.227577269077301025e-02 -4.919425398111343384e-02 5.993012338876724243e-02 -2.084904722869396210e-02 -1.645512878894805908e-03 -6.596701592206954956e-02 1.499232370406389236e-02 2.366232424974441528e-01 4.042260050773620605e-01 2.465849071741104126e-01 -3.159650787711143494e-02 -7.106015086174011230e-02 -3.378159180283546448e-02 -1.362040042877197266e-01 -7.248495519161224365e-02 -1.017459034919738770e-01 -8.976977318525314331e-02 -7.776211202144622803e-02 -1.626221984624862671e-01 9.540589153766632080e-02 -1.097592413425445557e-01 -9.883149713277816772e-02 -8.445931971073150635e-02 1.328267436474561691e-02 -1.590741276741027832e-01 1.851486116647720337e-01 -6.379823386669158936e-02 -8.249435573816299438e-02 -8.342177420854568481e-02 3.022929728031158447e-01 -1.323586609214544296e-02 -1.844680011272430420e-01 -2.874272642657160759e-03 -1.249223127961158752e-01 2.623098716139793396e-02 -1.545202136039733887e-01 -8.781689405441284180e-02 -1.038838401436805725e-01 -1.243666261434555054e-01 -4.755623266100883484e-02 -8.695170283317565918e-02 -6.655292958021163940e-02 -6.159156188368797302e-02 1.022448390722274780e-01 -1.324970573186874390e-01 1.021114587783813477e-01 1.709042489528656006e-02 2.480654269456863403e-01 3.834112314507365227e-03 1.013187132775783539e-02 1.312298700213432312e-02 -6.933393888175487518e-03 1.116288751363754272e-01 -8.132980205118656158e-03 9.912901371717453003e-02 -3.937109559774398804e-02 9.252149611711502075e-02 -1.196667999029159546e-01 -5.121301859617233276e-03 -6.300324574112892151e-03 1.117566153407096863e-01 -4.963752813637256622e-03 1.276720315217971802e-01 5.975977331399917603e-02 -1.296716630458831787e-01 -8.561133593320846558e-02 -9.321801364421844482e-02 1.170328110456466675e-01 7.991311699151992798e-02 -4.691594839096069336e-02 7.897543162107467651e-02 4.485270008444786072e-02
2.671178579330444336e-01 2.674591839313507080e-01 2.191340327262878418e-01 -1.911879926919937134e-01 -1.564748585224151611e-01 1.726015329360961914e+00 8.245931267738342285e-01 1.481372833251953125e+00 4.566379822790622711e-03 -1.984590664505958557e-02 5.978989601135253906e-02 7.197629213333129883e-01 1.359042763710021973e+00 5.249340832233428955e-02 -1.630465239286422729e-01 -1.223248541355133057e-01 -1.342066973447799683e-01 -3.853723034262657166e-02 -1.164588257670402527e-01 2.688998542726039886e-02 7.035805284976959229e-02 -1.333095580339431763e-01 -1.427027285099029541e-01 -1.072384789586067200e-01 -4.099807515740394592e-02 -9.115771204233169556e-02 6.024563219398260117e-03 3.820712864398956299e-02 -3.535433709621429443e-01 1.861155331134796143e-01 -9.406873583793640137e-02 -3.735448420047760010e-02 -1.768555492162704468e-01 -1.285333037376403809e-01 -1.191231012344360352e-01 -9.875183552503585815e-02 2.402321994304656982e-01 1.808519661426544189e-01 1.161940768361091614e-01 -2.171599566936492920e-01 -2.489457130432128906e-01 -1.342649161815643311e-01 -2.364559471607208252e-01 -1.391827166080474854e-01 -8.995220810174942017e-02 -1.460610795766115189e-02 -5.203198269009590149e-02 2.295762673020362854e-02 2.581809088587760925e-02 1.996726393699645996e-01 -1.993843466043472290e-01 -6.842080503702163696e-02 1.370387431234121323e-02 -2.175871729850769043e-01 -1.255334913730621338e-01 -1.843532770872116089e-01 -2.848885580897331238e-02 -2.275512069463729858e-01 -2.309254370629787445e-03 -2.001713812351226807e-01 2.946460433304309845e-02 -2.392339855432510376e-01 -2.114709466695785522e-01 6.790319681167602539e-01 1.708997368812561035e+00 -2.404149174690246582e-01 -1.179427579045295715e-01 -6.732641905546188354e-02 -2.127038091421127319e-01 -1.465656012296676636e-01 -1.251804232597351074e-01 -9.989156574010848999e-02 3.511106371879577637e-01 4.805474579334259033e-01 3.514374494552612305e-01 1.509562972933053970e-02 -4.809090495109558105e-02 8.777494728565216064e-02 -2.924390435218811035e-01 -2.907812297344207764e-01 -2.944673001766204834e-01 -1.942833214998245239e-01 -2.290081530809402466e-01 -2.280919551849365234e-01 -3.180893957614898682e-01 -2.170034646987915039e-01 -3.962737023830413818e-01 -2.952521145343780518e-01 -2.955890297889709473e-01 -1.910083740949630737e-01 -2.943224012851715088e-01 -1.885090023279190063e-01 -7.385651767253875732e-02 -2.326091378927230835e-01 -2.424630224704742432e-01 -2.307374775409698486e-01 -2.999987602233886719e-01 -2.429093718528747559e-01 -1.781211048364639282e-01 -2.437088638544082642e-01 -3.022815585136413574e-01
3.812216222286224365e-02 3.891585394740104675e-02 2.790181525051593781e-02 -7.625419646501541138e-02 -6.120314449071884155e-02 8.245931267738342285e-01 1.101341962814331055e+00 9.579299688339233398e-01 -3.866344317793846130e-02 1.758505553007125854e-01 3.846992254257202148e-01 1.941332966089248657e-01 8.779541850090026855e-01 6.453177426010370255e-03 -2.384045906364917755e-02 2.146592736244201660e-02 -7.074379175901412964e-02 -7.036968320608139038e-02 -7.114052027463912964e-02 -4.019903764128684998e-02 2.296552294865250587e-03 -6.708071380853652954e-02 -1.265543997287750244e-01 -3.042715042829513550e-02 -5.320667102932929993e-02 7.291810214519500732e-02 1.980063505470752716e-02 -1.388185564428567886e-02 -5.066527798771858215e-02 -3.013397194445133209e-02 -9.319392591714859009e-02 -5.574960261583328247e-02 -4.541376605629920959e-02 -5.831244960427284241e-02 -6.203702464699745178e-02 -9.765280783176422119e-02 -7.431739568710327148e-02 -1.082360967993736267e-01 -4.252800717949867249e-02 -7.663362473249435425e-02 -1.537377536296844482e-01 -2.889909781515598297e-02 -1.620301753282546997e-01 -1.267792135477066040e-01 -6.718213856220245361e-02 -4.603042453527450562e-02 -6.604617834091186523e-02 -7.057771831750869751e-02 -2.537988685071468353e-02 5.050632730126380920e-02 -8.565893024206161499e-02 -4.898496717214584351e-02 3.222279250621795654e-02 -1.690046489238739014e-01 -2.410528622567653656e-02 -1.177589669823646545e-01 -6.629403680562973022e-02 -1.668197810649871826e-01 -3.913549706339836121e-02 -8.741950243711471558e-02 -3.993368148803710938e-02 -3.960179165005683899e-02 -1.250596344470977783e-01 4.901050925254821777e-01 8.247938752174377441e-01 -4.031189251691102982e-03 -4.478718340396881104e-02 -5.418083071708679199e-02 -1.302331835031509399e-01 -6.919068843126296997e-02 -4.842221736907958984e-02 -1.079481095075607300e-01 1.640323735773563385e-02 5.510504543781280518e-02 1.824178732931613922e-02 -4.119816049933433533e-02 -6.027154996991157532e-02 -1.981052197515964508e-02 -1.732518821954727173e-01 -1.735869646072387695e-01 -1.640253812074661255e-01 -4.836713150143623352e-02 -1.382523626089096069e-01 -7.973913848400115967e-02 -2.153814584016799927e-01 -1.123210862278938293e-01 -2.771506607532501221e-01 -1.638254225254058838e-01 -1.646098643541336060e-01 -4.651321843266487122e-02 -1.633357107639312744e-01 -5.623693764209747314e-02 -8.989754319190979004e-02 9.936395287513732910e-02 -9.000160731375217438e-03 -1.145628374069929123e-02 -1.726219058036804199e-01 -1.345228850841522217e-01 -4.137780144810676575e-02 -1.352869570255279541e-01 -6.631055474281311035e-02
2.001608610153198242e-01 2.018864005804061890e-01 1.504772305488586426e-01 -1.746943593025207520e-01 -9.751872718334197998e-02 1.481372833251953125e+00 9.579299688339233398e-01 1.756503462791442871e+00 1.189540177583694458e-01 1.403184514492750168e-02 9.667515009641647339e-02 6.412464976310729980e-01 1.553685903549194336e+00 2.312384098768234253e-01 -1.511364132165908813e-01 -1.539954841136932373e-01 -7.014244794845581055e-02 -3.257943317294120789e-02 -6.728154420852661133e-02 7.946263067424297333e-03 9.615171700716018677e-02 -1.408479213714599609e-01 -1.244567036628723145e-01 -3.497727587819099426e-02 3.446855396032333374e-02 -4.837444797158241272e-02 2.180436439812183380e-02 5.186676606535911560e-02 -3.435559570789337158e-01 1.096989512443542480e-01 -1.371262371540069580e-01 -9.317409247159957886e-02 -1.598284691572189331e-01 -1.412491947412490845e-01 -1.249355524778366089e-01 -8.558685332536697388e-02 6.149484962224960327e-02 4.791864380240440369e-02 1.287824064493179321e-01 -1.984051764011383057e-01 -2.276677489280700684e-01 -9.344559907913208008e-02 -2.098006159067153931e-01 -1.437980681657791138e-01 -6.638447940349578857e-02 -1.670317957177758217e-03 -2.444355003535747528e-02 -2.748811058700084686e-02 1.080591231584548950e-01 1.419851034879684448e-01 -1.560804247856140137e-01 -7.783980667591094971e-02 9.681340306997299194e-02 -1.932496279478073120e-01 -1.314835250377655029e-01 -1.293349862098693848e-01 -3.083944134414196014e-02 -1.621657162904739380e-01 -2.030732482671737671e-02 -1.823214143514633179e-01 2.151250606402754784e-03 -2.111012041568756104e-01 -2.352904528379440308e-01 7.510015368461608887e-01 1.483913898468017578e+00 -2.287553101778030396e-01 -1.006128713488578796e-01 -7.920859009027481079e-02 -1.941328644752502441e-01 -1.281558573246002197e-01 -1.132445409893989563e-01 -1.486286222934722900e-01 2.773535549640655518e-01 4.136605560779571533e-01 2.783882319927215576e-01 -4.185413126833736897e-04 -7.167719304561614990e-02 7.935289293527603149e-02 -3.184347450733184814e-01 -3.167462348937988281e-01 -3.210430741310119629e-01 -2.392102479934692383e-01 -2.503110170364379883e-01 -2.737001180648803711e-01 -3.211885988712310791e-01 -2.397488653659820557e-01 -4.003146588802337646e-01 -3.219260573387145996e-01 -3.197555541992187500e-01 -2.374681234359741211e-01 -3.209774792194366455e-01 -2.338527888059616089e-01 -3.469739109277725220e-02 -2.230431884527206421e-01 -2.345070838928222656e-01 -2.180858701467514038e-01 -2.641857564449310303e-01 -2.408717870712280273e-01 -1.714440882205963135e-01 -2.416812032461166382e-01 -3.316104412078857422e-01
2.366122305393218994e-01 2.385241687297821045e-01 1.472502648830413818e-01 2.535572648048400879e-01 7.384351491928100586e-01 4.566379822790622711e-03 -3.866344317793846130e-02 1.189540177583694458e-01 1.928706765174865723e+00 1.757720112800598145e-02 -2.942666877061128616e-03 8.562269210815429688e-01 2.265321761369705200e-01 1.746711254119873047e+00 -5.520486459136009216e-02 -1.005802601575851440e-01 2.497398667037487030e-02 -3.240240737795829773e-02 -3.420386835932731628e-02 -1.937332190573215485e-02 1.617321372032165527e-01 -1.215680241584777832e-01 -1.680947095155715942e-01 -3.854366019368171692e-03 -1.644430011510848999e-01 -7.200410217046737671e-02 -4.746456816792488098e-02 -8.010406978428363800e-03 -2.235692739486694336e-01 3.449346721172332764e-01 -1.938463151454925537e-01 8.190231025218963623e-02 -2.581917345523834229e-01 1.398417749442160130e-03 -1.815327852964401245e-01 5.511783435940742493e-02 5.386692881584167480e-01 8.447104692459106445e-01 6.814393401145935059e-01 -1.173924058675765991e-01 -2.313763797283172607e-01 -1.508687734603881836e-01 -1.505956500768661499e-01 -1.502069383859634399e-01 -1.764924526214599609e-01 -9.792030602693557739e-02 -6.779252737760543823e-02 -1.559288650751113892e-01 3.041417896747589111e-01 -3.450587624683976173e-03 -1.781145483255386353e-01 -9.891734272241592407e-02 1.179037019610404968e-01 -1.388793289661407471e-01 7.076520472764968872e-02 -1.123504787683486938e-01 -1.122189387679100037e-01 -2.362947911024093628e-01 5.059896707534790039e-01 -1.521436423063278198e-01 -6.397940963506698608e-02 -1.468877643346786499e-01 -2.053776532411575317e-01 2.173271179199218750e-01 5.868487060070037842e-03 -2.457144260406494141e-01 2.765144594013690948e-02 -4.709617048501968384e-02 -1.250843256711959839e-01 -6.245985999703407288e-02 -4.343635216355323792e-02 -3.472847491502761841e-02 3.939828574657440186e-01 4.631834849715232849e-02 3.955407440662384033e-01 2.309066504240036011e-01 6.077564954757690430e-01 2.682122886180877686e-01 -3.188304305076599121e-01 -3.184225559234619141e-01 -3.424448072910308838e-01 -3.427289426326751709e-01 -2.253387421369552612e-01 -3.515225648880004883e-01 -3.238992393016815186e-01 -3.047913610935211182e-01 -3.409929573535919189e-01 -3.425210714340209961e-01 -3.424576520919799805e-01 -3.411696255207061768e-01 -3.431299626827239990e-01 -3.176857531070709229e-01 1.832838058471679688e-01 -2.494288980960845947e-01 -2.416297495365142822e-01 -2.616229951381683350e-01 -2.553664147853851318e-01 -2.563186883926391602e-01 -2.593571841716766357e-01 -2.580543160438537598e-01 -2.421848177909851074e-01
1.349917650222778320e-01 1.351487189531326294e-01 2.396542876958847046e-01 -7.333091646432876587e-02 -9.003939107060432434e-03 -1.984590664505958557e-02 1.758505553007125854e-01 1.403184514492750168e-02 1.757720112800598145e-02 9.013417959213256836e-01 6.203430891036987305e-01 1.625486649572849274e-03 2.836470678448677063e-02 -1.683362200856208801e-02 1.370619330555200577e-02 -4.205762222409248352e-02 1.081514824181795120e-02 -1.616840250790119171e-02 -4.398741945624351501e-02 -2.130380459129810333e-02 -4.982529580593109131e-02 1.321130897849798203e-02 -5.660419911146163940e-02 -2.682891488075256348e-02 -7.762940973043441772e-02 2.258929423987865448e-02 -7.913863286375999451e-03 -5.950516462326049805e-02 -5.818378645926713943e-03 -3.373738145455718040e-03 -7.139766961336135864e-02 -2.981391176581382751e-02 9.177011251449584961e-02 -2.511759102344512939e-02 -5.069828778505325317e-02 -5.797778815031051636e-02 -3.845004364848136902e-02 1.041425275616347790e-03 -1.122110411524772644e-01 -5.495794117450714111e-02 -9.644325822591781616e-02 -1.781877875328063965e-02 -6.719558686017990112e-02 -2.750867791473865509e-02 -1.951759681105613708e-02 -3.145287930965423584e-02 -5.600399151444435120e-02 -4.394107311964035034e-02 1.845988817512989044e-02 -2.568941749632358551e-02 -2.932799793779850006e-02 5.115706939250230789e-03 8.328032493591308594e-02 -1.593229919672012329e-02 -2.788417786359786987e-02 -5.782334879040718079e-02 -4.130941629409790039e-02 -6.027417257428169250e-02 -2.352897636592388153e-02 -2.044713310897350311e-02 -1.478085853159427643e-02 -1.529720029793679714e-03 2.038095705211162567e-02 2.286398410797119141e-02 -2.300643548369407654e-02 7.560470700263977051e-02 -4.895591177046298981e-03 -2.672156691551208496e-02 -4.290975630283355713e-02 2.613730728626251221e-02 2.092211274430155754e-03 -6.825512647628784180e-02 2.233071485534310341e-03 -7.670700433664023876e-04 1.773120136931538582e-03 4.096150696277618408e-01 3.590105772018432617e-01 3.257083892822265625e-01 -1.497970819473266602e-01 -1.473756730556488037e-01 -1.767373234033584595e-01 -1.648029536008834839e-01 -1.362753212451934814e-01 -1.504139304161071777e-01 -2.049030661582946777e-01 -1.677621006965637207e-01 -1.908413916826248169e-01 -1.750936359167098999e-01 -1.746756285429000854e-01 -1.649079918861389160e-01 -1.774902641773223877e-01 -1.367623060941696167e-01 4.583605099469423294e-03 1.007985696196556091e-01 7.698960602283477783e-02 7.506699860095977783e-02 -6.239843368530273438e-02 2.220434881746768951e-02 8.302513509988784790e-02 2.453437820076942444e-02 -1.911038532853126526e-02
4.032702744007110596e-02 4.122252017259597778e-02 9.780228883028030396e-02 -4.800364002585411072e-02 2.284271828830242157e-02 5.978989601135253906e-02 3.846992254257202148e-01 9.667515009641647339e-02 -2.942666877061128616e-03 6.203430891036987305e-01 9.581194519996643066e-01 8.178454637527465820e-02 1.099793612957000732e-01 -3.169837221503257751e-02 9.068968892097473145e-02 3.148394823074340820e-02 3.481038659811019897e-02 -4.910220950841903687e-02 -3.374145925045013428e-02 -1.132111344486474991e-02 -8.227391168475151062e-03 2.925403416156768799e-02 -3.927198797464370728e-02 -4.290584940463304520e-03 -1.044342815876007080e-01 7.449609786272048950e-02 -2.034705504775047302e-02 -5.559841915965080261e-02 4.382595419883728027e-02 8.520751260221004486e-03 -9.867992997169494629e-02 -3.145381808280944824e-02 5.085594952106475830e-02 -7.546332478523254395e-02 -7.893624901771545410e-02 -6.750093400478363037e-02 -5.358774960041046143e-02 -2.396588958799839020e-02 -1.281748414039611816e-01 -6.737490743398666382e-02 -1.089866459369659424e-01 -4.406534135341644287e-02 -9.603552520275115967e-02 -2.248604409396648407e-02 -3.139464557170867920e-02 -5.079329386353492737e-02 -9.310513734817504883e-02 -5.297944322228431702e-02 3.229017183184623718e-02 -6.558394432067871094e-02 -3.432469069957733154e-02 8.857805281877517700e-03 1.106252372264862061e-01 -5.976839736104011536e-02 2.027848502621054649e-03 -7.496396452188491821e-02 -2.900413423776626587e-02 -9.471990913152694702e-02 -3.479059040546417236e-02 -3.770617768168449402e-02 -6.958148628473281860e-02 1.417177729308605194e-02 -2.072781138122081757e-02 9.100745618343353271e-02 5.929170548915863037e-02 9.131851792335510254e-02 1.010967418551445007e-02 -1.300945878028869629e-02 -4.895367100834846497e-02 3.319084271788597107e-02 2.305617928504943848e-02 -5.446790531277656555e-02 -1.232678350061178207e-02 -4.798427969217300415e-02 -1.364142354577779770e-02 2.309539467096328735e-01 2.150304019451141357e-01 1.682854592800140381e-01 -1.499869674444198608e-01 -1.504280716180801392e-01 -1.636994183063507080e-01 -1.381846219301223755e-01 -1.282279640436172485e-01 -1.371818482875823975e-01 -1.945788264274597168e-01 -1.539985984563827515e-01 -1.920298933982849121e-01 -1.639838814735412598e-01 -1.645674854516983032e-01 -1.390041410923004150e-01 -1.643332988023757935e-01 -1.240745037794113159e-01 1.749954000115394592e-02 1.559728980064392090e-01 8.998949080705642700e-02 8.535206317901611328e-02 -7.233950495719909668e-02 1.400666590780019760e-02 7.367612421512603760e-02 1.459244079887866974e-02 2.986829914152622223e-02
2.739005982875823975e-01 2.745323777198791504e-01 2.014322876930236816e-01 3.382329642772674561e-02 3.304010033607482910e-01 7.197629213333129883e-01 1.941332966089248657e-01 6.412464976310729980e-01 8.562269210815429688e-01 1.625486649572849274e-03 8.178454637527465820e-02 1.274148106575012207e+00 5.801433920860290527e-01 8.649654984474182129e-01 -7.476229965686798096e-02 -1.028712540864944458e-01 -5.591042339801788330e-02 -4.423632472753524780e-02 -3.314266353845596313e-02 7.031326740980148315e-02 1.457214802503585815e-01 -8.255799859762191772e-02 -1.244650259613990784e-01 -5.969222635030746460e-02 -1.289553791284561157e-01 -9.533628076314926147e-02 -4.644251242280006409e-02 -2.609415724873542786e-02 -2.557118535041809082e-01 3.229371011257171631e-01 -1.372976303100585938e-01 3.888146206736564636e-02 -1.470748931169509888e-01 -1.419133394956588745e-01 -1.755348294973373413e-01 -3.581204265356063843e-02 4.020703732967376709e-01 6.094741821289062500e-01 3.325816392898559570e-01 -2.189047187566757202e-01 -2.179649323225021362e-01 -1.404396146535873413e-01 -2.255319803953170776e-01 -1.045072078704833984e-01 -1.167715787887573242e-01 -3.329614549875259399e-02 -7.367663830518722534e-02 -5.391824617981910706e-02 2.081862837076187134e-01 5.900352448225021362e-02 -1.923823207616806030e-01 -9.099654108285903931e-02 5.463020503520965576e-02 -1.797602921724319458e-01 -3.115293942391872406e-02 -1.663578748703002930e-01 -9.937072172760963440e-03 -2.388872653245925903e-01 2.992727458477020264e-01 -1.509440392255783081e-01 -5.510380491614341736e-02 -1.747201085090637207e-01 -2.189167737960815430e-01 2.627624571323394775e-01 7.190598249435424805e-01 -2.233344465494155884e-01 -6.305094063282012939e-02 -6.031464040279388428e-02 -1.464282125234603882e-01 -5.344064906239509583e-02 -3.845984116196632385e-02 2.229851484298706055e-02 4.017997980117797852e-01 2.917979657649993896e-01 4.029463827610015869e-01 1.369521915912628174e-01 3.160982131958007812e-01 1.975523829460144043e-01 -3.319713473320007324e-01 -3.279966115951538086e-01 -3.473913967609405518e-01 -3.331232964992523193e-01 -2.554401457309722900e-01 -3.367995917797088623e-01 -3.522630631923675537e-01 -3.145122826099395752e-01 -3.692207038402557373e-01 -3.505754470825195312e-01 -3.490788936614990234e-01 -3.267891705036163330e-01 -3.482185006141662598e-01 -3.097982704639434814e-01 1.196945086121559143e-03 -2.121609896421432495e-01 -2.231124043464660645e-01 -2.273591607809066772e-01 -2.264934480190277100e-01 -1.500716358423233032e-01 -1.569606661796569824e-01 -1.514050364494323730e-01 -2.163411676883697510e-01
1.618304550647735596e-01 1.624997854232788086e-01 1.127375811338424683e-01 -1.517555713653564453e-01 -5.930842831730842590e-02 1.359042763710021973e+00 8.779541850090026855e-01 1.553685903549194336e+00 2.265321761369705200e-01 2.836470678448677063e-02 1.099793612957000732e-01 5.801433920860290527e-01 1.568179011344909668e+00 2.524948418140411377e-01 -1.396801620721817017e-01 -1.514653116464614868e-01 -3.930845484137535095e-02 -2.609666436910629272e-02 -8.755266666412353516e-02 2.046582754701375961e-03 8.161366730928421021e-02 -1.311152279376983643e-01 -1.195102035999298096e-01 4.763493780046701431e-03 1.238895580172538757e-02 -3.646502643823623657e-02 3.029904328286647797e-02 8.493612706661224365e-02 -3.396303057670593262e-01 1.224411949515342712e-01 -1.388092041015625000e-01 -8.351884782314300537e-02 -1.535531431436538696e-01 -1.113901734352111816e-01 -1.214213445782661438e-01 -6.195443868637084961e-02 8.125573396682739258e-02 5.676193535327911377e-02 1.297996789216995239e-01 -1.853409260511398315e-01 -2.173386067152023315e-01 -7.688883692026138306e-02 -1.839193552732467651e-01 -1.220418885350227356e-01 -8.079275488853454590e-02 -6.204606499522924423e-03 -2.250206470489501953e-02 -2.984243445098400116e-02 1.462647616863250732e-01 1.385640203952789307e-01 -1.543274521827697754e-01 -7.052247226238250732e-02 1.308202594518661499e-01 -1.693814247846603394e-01 -1.223231256008148193e-01 -1.426165103912353516e-01 -3.249007090926170349e-02 -1.515645235776901245e-01 -1.996197551488876343e-02 -1.758794784545898438e-01 -1.426908932626247406e-02 -2.089035063982009888e-01 -2.354130893945693970e-01 8.375247120857238770e-01 1.361701726913452148e+00 -2.227159738540649414e-01 -8.686596155166625977e-02 -7.465176284313201904e-02 -1.867073923349380493e-01 -1.263579577207565308e-01 -1.115428283810615540e-01 -1.567413657903671265e-01 3.057924807071685791e-01 3.745630681514739990e-01 3.089994490146636963e-01 -1.865768991410732269e-02 -1.682111620903015137e-02 7.006093859672546387e-02 -3.261466324329376221e-01 -3.251454234123229980e-01 -3.288525938987731934e-01 -2.396583259105682373e-01 -2.486511021852493286e-01 -2.726926207542419434e-01 -3.337459862232208252e-01 -2.439684271812438965e-01 -4.182863235473632812e-01 -3.292717039585113525e-01 -3.287133872509002686e-01 -2.389534562826156616e-01 -3.267276883125305176e-01 -2.333965152502059937e-01 -2.810522355139255524e-02 -1.989956200122833252e-01 -2.286666184663772583e-01 -2.109891176223754883e-01 -2.553333044052124023e-01 -2.432305514812469482e-01 -1.744229644536972046e-01 -2.437954694032669067e-01 -3.178164064884185791e-01
3.034093976020812988e-01 3.048520684242248535e-01 2.133264839649200439e-01 2.261717915534973145e-01 6.932382583618164062e-01 5.249340832233428955e-02 6.453177426010370255e-03 2.312384098768234253e-01 1.746711254119873047e+00 -1.683362200856208801e-02 -3.169837221503257751e-02 8.649654984474182129e-01 2.524948418140411377e-01 1.749964475631713867e+00 -7.679115980863571167e-02 -1.103099957108497620e-01 -1.123382709920406342e-03 -3.206991404294967651e-02 -3.160151839256286621e-02 -8.326668292284011841e-03 1.739046126604080200e-01 -1.333133578300476074e-01 -1.935809552669525146e-01 -3.131154924631118774e-02 -1.285645663738250732e-01 -8.354376256465911865e-02 -5.152686685323715210e-02 -8.539519272744655609e-03 -2.380689829587936401e-01 3.618280589580535889e-01 -1.797053664922714233e-01 9.028059989213943481e-02 -2.732227742671966553e-01 -1.350542064756155014e-02 -1.841712146997451782e-01 4.227439686655998230e-02 5.480698943138122559e-01 8.635376095771789551e-01 6.891188621520996094e-01 -1.501946896314620972e-01 -2.512552142143249512e-01 -1.571989953517913818e-01 -1.985311657190322876e-01 -1.461450606584548950e-01 -1.830615252256393433e-01 -8.176086843013763428e-02 -6.205252930521965027e-02 -1.466728746891021729e-01 2.876139283180236816e-01 1.200478640384972095e-03 -1.875616163015365601e-01 -1.205729320645332336e-01 1.094363927841186523e-01 -1.809054613113403320e-01 5.838208273053169250e-02 -1.028643697500228882e-01 -9.254819899797439575e-02 -2.390813082456588745e-01 5.137134790420532227e-01 -1.544080972671508789e-01 -3.883696720004081726e-02 -1.689238846302032471e-01 -2.030501663684844971e-01 1.857752054929733276e-01 5.341002345085144043e-02 -2.567872107028961182e-01 2.939772559329867363e-03 -6.637153029441833496e-02 -1.330254822969436646e-01 -7.568950206041336060e-02 -5.083702132105827332e-02 -2.600316517055034637e-02 4.187319874763488770e-01 1.098360940814018250e-01 4.188518822193145752e-01 2.460805177688598633e-01 5.772750973701477051e-01 3.053069710731506348e-01 -3.300173878669738770e-01 -3.282475173473358154e-01 -3.508701026439666748e-01 -3.439781367778778076e-01 -2.303407192230224609e-01 -3.491766154766082764e-01 -3.416273593902587891e-01 -3.135912120342254639e-01 -3.585750460624694824e-01 -3.488842844963073730e-01 -3.537005186080932617e-01 -3.409801721572875977e-01 -3.503358960151672363e-01 -3.175849616527557373e-01 2.016104757785797119e-01 -2.572686076164245605e-01 -2.543303370475769043e-01 -2.717386484146118164e-01 -2.530112266540527344e-01 -2.475299388170242310e-01 -2.463468611240386963e-01 -2.488677203655242920e-01 -2.447373121976852417e-01
-7.525074481964111328e-02 -7.591735571622848511e-02 -1.260368078947067261e-01 4.182744398713111877e-02 1.018751710653305054e-01 -1.630465239286422729e-01 -2.384045906364917755e-02 -1.511364132165908813e-01 -5.520486459136009216e-02 1.370619330555200577e-02 9.068968892097473145e-02 -7.476229965686798096e-02 -1.396801620721817017e-01 -7.679115980863571167e-02 1.114954710006713867e+00 -2.293720608577132225e-03 2.246229164302349091e-02 -7.249796390533447266e-02 4.422140121459960938e-02 7.498406618833541870e-02 -8.787552267313003540e-02 -4.894362762570381165e-02 -2.103926241397857666e-02 -5.227848887443542480e-02 -1.123152002692222595e-01 -3.009648062288761139e-02 -1.503013521432876587e-01 -1.101337596774101257e-01 2.020160257816314697e-01 -7.592143863439559937e-02 -1.091804238967597485e-03 -3.252294659614562988e-02 5.559049174189567566e-02 -5.313462018966674805e-02 -1.926583237946033478e-02 1.879659667611122131e-02 -6.126616895198822021e-02 -2.093924768269062042e-02 -1.388616263866424561e-01 4.772324115037918091e-02 2.338525839149951935e-02 9.466690244153141975e-04 8.886089920997619629e-02 1.007485985755920410e-01 -1.521025896072387695e-01 -9.069048613309860229e-02 -5.314944311976432800e-02 -4.603647440671920776e-02 4.019145667552947998e-02 2.535248734056949615e-02 -1.092176213860511780e-01 1.759811770170927048e-03 -7.339499145746231079e-02 8.865357190370559692e-02 9.198875725269317627e-02 7.022088766098022461e-02 -8.890935778617858887e-02 9.151551127433776855e-02 6.457455456256866455e-02 -2.028070576488971710e-02 -8.371844887733459473e-02 -3.601305559277534485e-02 -1.190839558839797974e-01 1.097358111292123795e-02 -1.603845506906509399e-01 1.051506306976079941e-02 -3.876617923378944397e-02 -1.368006691336631775e-02 -4.853934794664382935e-02 -1.732828281819820404e-02 -2.831868082284927368e-02 -8.575350046157836914e-02 -4.758069664239883423e-02 -1.572676002979278564e-01 -5.212405323982238770e-02 -3.426125645637512207e-02 -1.701680757105350494e-02 -5.812793597579002380e-02 9.769280254840850830e-02 9.766823053359985352e-02 6.171239539980888367e-02 -8.796778321266174316e-02 3.178216144442558289e-02 -8.239711076021194458e-02 1.414553374052047729e-01 3.793875873088836670e-02 2.019506692886352539e-01 5.863491445779800415e-02 6.104955449700355530e-02 -8.640088140964508057e-02 5.892869457602500916e-02 -4.592332243919372559e-02 2.967416122555732727e-02 1.338323205709457397e-01 1.315045263618230820e-02 -1.841538585722446442e-02 2.718318998813629150e-01 5.632971227169036865e-02 -1.127512939274311066e-02 5.407723784446716309e-02 1.578316837549209595e-01
