2.123041629791259766e+00 2.101362466812133789e+00 1.394271850585937500e+00 -5.878821015357971191e-02 -3.366117924451828003e-02 -2.591761648654937744e-01 -1.731850057840347290e-01 -1.587088108062744141e-01 -2.574548721313476562e-01 -1.824481040239334106e-01 -1.480731517076492310e-01 -2.494572699069976807e-01 -1.577781885862350464e-01 -2.088188529014587402e-01 -2.116060853004455566e-01 -1.769940704107284546e-01 -5.614875117316842079e-04 -1.687077432870864868e-01 -9.926084429025650024e-02 -1.546834111213684082e-01 8.203098177909851074e-02 2.813678048551082611e-02 -2.399090863764286041e-02 -7.552804052829742432e-02 -2.562177553772926331e-02 -1.086455583572387695e-01 -7.611592859029769897e-02 -8.309040218591690063e-02 -1.243892014026641846e-01 -1.227166131138801575e-01 -7.874641567468643188e-02 1.839075833559036255e-01 1.316493153572082520e-01 -1.431609597057104111e-02 1.865568757057189941e-01 2.434432953596115112e-01 1.230902299284934998e-01 6.367165595293045044e-02 -1.295105516910552979e-01 -2.332912385463714600e-02 -1.206414476037025452e-01 -8.269613981246948242e-02 -1.272010207176208496e-01 -7.114581018686294556e-02 6.687901169061660767e-02 -9.550425410270690918e-02 -1.741945147514343262e-01 -1.507754474878311157e-01 3.970314562320709229e-02 1.070962753146886826e-02 -7.035775482654571533e-02 4.691518843173980713e-02 7.906490564346313477e-02 -1.026996672153472900e-01 -8.534365147352218628e-02 2.627112716436386108e-02 1.437403541058301926e-02 -1.192757114768028259e-01 7.117502391338348389e-02 -6.327316164970397949e-02 -1.677536405622959137e-02 3.318944573402404785e-02 -7.379933446645736694e-02 -2.147412598133087158e-01 -2.596832513809204102e-01 -8.926510810852050781e-02 -2.257664687931537628e-02 3.702025860548019409e-02 7.031763345003128052e-02 2.112691849470138550e-02 -5.223408713936805725e-02 -7.269348204135894775e-02 7.386639248579740524e-03 -4.095866903662681580e-02 -7.728733867406845093e-02 1.827515363693237305e-01 2.621752917766571045e-01 3.320534527301788330e-01 -1.412121802568435669e-01 -1.378398090600967407e-01 -1.598724424839019775e-01 -1.734019666910171509e-01 -1.317529231309890747e-01 -1.412142515182495117e-01 -1.551828086376190186e-01 -1.489614248275756836e-01 -1.433034539222717285e-01 -1.495935320854187012e-01 -1.429009884595870972e-01 -1.614289134740829468e-01 -1.587765812873840332e-01 -1.613424867391586304e-01 -5.005019158124923706e-02 -9.046527743339538574e-02 -1.139977425336837769e-01 -1.142043992877006531e-02 1.955139040946960449e-01 9.758532978594303131e-03 -2.445580363273620605e-01 7.050139829516410828e-03 2.857522964477539062e-01
2.101362466812133789e+00 2.126115322113037109e+00 1.397906184196472168e+00 -5.820104479789733887e-02 -3.311328589916229248e-02 -2.585035562515258789e-01 -1.713143885135650635e-01 -1.583859920501708984e-01 -2.574291527271270752e-01 -1.803720742464065552e-01 -1.481034308671951294e-01 -2.475656121969223022e-01 -1.561141163110733032e-01 -2.081901729106903076e-01 -2.096633762121200562e-01 -1.771527081727981567e-01 -1.944437157362699509e-03 -1.697064787149429321e-01 -1.002907156944274902e-01 -1.564301699399948120e-01 8.286435157060623169e-02 2.906268835067749023e-02 -2.423638850450515747e-02 -7.553022354841232300e-02 -2.422899194061756134e-02 -1.085374280810356140e-01 -7.690709829330444336e-02 -8.550210297107696533e-02 -1.252977997064590454e-01 -1.212268471717834473e-01 -7.985407114028930664e-02 1.851024478673934937e-01 1.324549764394760132e-01 -1.288259122520685196e-02 1.901071369647979736e-01 2.453126609325408936e-01 1.241610646247863770e-01 6.340886652469635010e-02 -1.283603459596633911e-01 -2.237688191235065460e-02 -1.216408461332321167e-01 -8.164685964584350586e-02 -1.271089613437652588e-01 -7.112956047058105469e-02 6.520825624465942383e-02 -9.456945955753326416e-02 -1.755469739437103271e-01 -1.495904326438903809e-01 3.854704275727272034e-02 1.200577523559331894e-02 -7.127348333597183228e-02 4.643352702260017395e-02 7.460828870534896851e-02 -1.016018837690353394e-01 -8.468441665172576904e-02 2.487455680966377258e-02 1.409189682453870773e-02 -1.177382245659828186e-01 7.200247794389724731e-02 -6.581328064203262329e-02 -1.536399684846401215e-02 3.434873744845390320e-02 -7.304205745458602905e-02 -2.121955752372741699e-01 -2.587865591049194336e-01 -9.227453917264938354e-02 -2.229308523237705231e-02 3.597610443830490112e-02 6.874322146177291870e-02 2.004802413284778595e-02 -5.139844492077827454e-02 -7.282638549804687500e-02 5.547326523810625076e-03 -3.902274370193481445e-02 -7.917319238185882568e-02 1.842342764139175415e-01 2.649997770786285400e-01 3.346841037273406982e-01 -1.433964073657989502e-01 -1.402674466371536255e-01 -1.622866988182067871e-01 -1.745614707469940186e-01 -1.341240853071212769e-01 -1.412255465984344482e-01 -1.556688994169235229e-01 -1.490719169378280640e-01 -1.441150009632110596e-01 -1.520152986049652100e-01 -1.424960494041442871e-01 -1.639425903558731079e-01 -1.608260720968246460e-01 -1.620822101831436157e-01 -4.823990538716316223e-02 -9.004940837621688843e-02 -1.139173433184623718e-01 -1.178629137575626373e-02 1.966046988964080811e-01 9.683182463049888611e-03 -2.478119432926177979e-01 4.555801860988140106e-03 2.841979265213012695e-01
1.394271850585937500e+00 1.397906184196472168e+00 1.439109921455383301e+00 -2.180517278611660004e-02 -3.137541562318801880e-02 -2.263339608907699585e-01 -1.277428865432739258e-01 -1.000673919916152954e-01 -2.246959209442138672e-01 -1.229646727442741394e-01 -6.618268787860870361e-02 -1.983660310506820679e-01 -9.747926145792007446e-02 -1.625908464193344116e-01 -1.635993272066116333e-01 -1.368831843137741089e-01 1.770805753767490387e-02 -1.603477150201797485e-01 -1.350678205490112305e-01 -1.110497564077377319e-01 1.005634441971778870e-01 9.037207812070846558e-03 -3.429539129137992859e-02 -5.179331824183464050e-02 -6.427982449531555176e-02 -4.857169464230537415e-02 -1.133384257555007935e-01 -8.876321464776992798e-02 -1.337937712669372559e-01 -8.781070262193679810e-02 -1.355004459619522095e-01 1.759353727102279663e-01 1.187822520732879639e-01 -6.639151275157928467e-02 1.715496182441711426e-01 2.046781033277511597e-01 2.915024161338806152e-01 1.288958191871643066e-01 -1.390941590070724487e-01 -7.757071405649185181e-02 -9.675332158803939819e-02 -1.499370932579040527e-01 -1.940605789422988892e-01 -8.014963567256927490e-02 3.133191540837287903e-02 -1.232560202479362488e-01 -1.759799271821975708e-01 -1.502670645713806152e-01 1.188142225146293640e-02 -7.596210390329360962e-02 -8.008766174316406250e-02 -6.312049925327301025e-03 6.723433732986450195e-02 -1.685916483402252197e-01 -1.382319927215576172e-01 -2.738708816468715668e-02 9.290146827697753906e-02 -1.366856992244720459e-01 3.547084927558898926e-01 -1.188959553837776184e-01 -7.935626432299613953e-03 -7.177910953760147095e-02 -1.489692330360412598e-01 -1.588875204324722290e-01 -1.330362558364868164e-01 -1.605376452207565308e-01 3.992866724729537964e-02 3.140640631318092346e-02 3.668614849448204041e-02 1.278314460068941116e-02 -3.682558983564376831e-02 -7.547747343778610229e-02 3.360875546932220459e-01 5.214682593941688538e-02 1.758568435907363892e-01 6.067051291465759277e-01 6.469661593437194824e-01 6.711577773094177246e-01 -1.330799311399459839e-01 -1.304936408996582031e-01 -1.586198806762695312e-01 -1.540737152099609375e-01 -1.149130612611770630e-01 -1.319888532161712646e-01 -1.193937957286834717e-01 -1.437253057956695557e-01 -1.062494292855262756e-01 -1.289276033639907837e-01 -1.567893922328948975e-01 -1.575677245855331421e-01 -1.572781056165695190e-01 -1.584169119596481323e-01 -7.113284617662429810e-02 -1.592931598424911499e-01 -1.480887830257415771e-01 -1.532369256019592285e-01 3.064371086657047272e-02 -1.058729887008666992e-01 -2.580811977386474609e-01 -1.086374893784523010e-01 3.900678083300590515e-02
-5.878821015357971191e-02 -5.820104479789733887e-02 -2.180517278611660004e-02 1.048484921455383301e+00 9.166203439235687256e-02 -7.778406143188476562e-02 -4.074050486087799072e-02 -5.402071028947830200e-02 -7.807220518589019775e-02 -5.296184495091438293e-02 -3.529869019985198975e-02 -3.989063948392868042e-02 -5.324304103851318359e-02 -6.597250699996948242e-02 -6.571947783231735229e-02 -3.009625710546970367e-03 7.426660507917404175e-03 4.073973372578620911e-02 3.011078387498855591e-02 2.989520691335201263e-02 1.493428274989128113e-02 -2.378159761428833008e-02 2.599605731666088104e-02 1.818490214645862579e-02 8.672001771628856659e-03 3.360037878155708313e-02 2.753256820142269135e-02 -1.289671380072832108e-02 1.296688020229339600e-01 3.458091244101524353e-02 -4.731386899948120117e-02 1.540925800800323486e-01 -8.750473149120807648e-03 1.176079735159873962e-01 1.495548784732818604e-01 5.510982871055603027e-02 1.277640610933303833e-01 8.121168613433837891e-02 -6.652847677469253540e-02 3.014522977173328400e-02 4.881235957145690918e-02 1.947489567101001740e-02 2.977880090475082397e-02 5.763801280409097672e-03 3.910692408680915833e-02 7.929522544145584106e-03 -2.164832130074501038e-02 2.561028115451335907e-03 -1.531080901622772217e-02 -2.601975575089454651e-02 7.395201921463012695e-02 4.185441881418228149e-02 4.265653714537620544e-02 1.927384920418262482e-02 9.209121018648147583e-02 2.360074035823345184e-02 6.542695313692092896e-02 9.720331430435180664e-02 6.430272758007049561e-02 1.588680548593401909e-03 8.148249238729476929e-03 4.384169727563858032e-02 2.004440687596797943e-02 -6.535253673791885376e-02 1.939730644226074219e-01 -7.517684996128082275e-02 -3.920950740575790405e-02 -3.834711760282516479e-02 -7.175627164542675018e-03 -5.694144405424594879e-03 -8.155656047165393829e-03 1.184504702687263489e-01 4.645962640643119812e-02 7.902493327856063843e-02 5.984275788068771362e-02 3.093069233000278473e-02 3.515613451600074768e-02 4.938777908682823181e-02 -6.637899577617645264e-02 -5.597084760665893555e-02 -7.436244934797286987e-02 -6.095002219080924988e-02 -2.051308937370777130e-02 -6.622143834829330444e-02 -3.407906368374824524e-02 -7.127913832664489746e-02 -1.932029798626899719e-02 -4.164434224367141724e-02 -8.752611279487609863e-02 -7.474512606859207153e-02 -7.504697144031524658e-02 -7.467981427907943726e-02 1.793830469250679016e-02 -7.484161853790283203e-02 -8.195845037698745728e-02 -7.080063223838806152e-02 -4.919055104255676270e-02 -5.965143442153930664e-02 -8.347872644662857056e-04 -5.902832001447677612e-02 -1.001830846071243286e-01
-3.366117924451828003e-02 -3.311328589916229248e-02 -3.137541562318801880e-02 9.166203439235687256e-02 1.059505939483642578e+00 -9.604568034410476685e-02 -5.615659430623054504e-02 -6.482246518135070801e-02 -9.656218439340591431e-02 -6.232971698045730591e-02 -3.544146940112113953e-02 -5.142327025532722473e-02 -6.413363665342330933e-02 -8.060587197542190552e-02 -8.030600845813751221e-02 5.805643275380134583e-03 2.467171056196093559e-03 3.577987477183341980e-02 3.215441107749938965e-02 2.194413729012012482e-02 -9.295993484556674957e-03 -2.732167206704616547e-02 1.572201214730739594e-02 2.049657702445983887e-02 -6.810532882809638977e-03 5.789918452501296997e-02 2.828571572899818420e-02 -1.418477483093738556e-02 1.393831223249435425e-01 -2.083641663193702698e-02 7.301357109099626541e-03 1.322700977325439453e-01 1.750867441296577454e-02 1.201612129807472229e-01 1.290546506643295288e-01 7.015284150838851929e-02 1.302093416452407837e-01 8.238305151462554932e-02 -6.275926530361175537e-02 3.124416060745716095e-02 3.223694860935211182e-02 2.551265619695186615e-02 7.713412493467330933e-02 -1.439739856868982315e-02 2.431297861039638519e-02 -1.942186057567596436e-02 -5.492676794528961182e-02 3.230684436857700348e-03 -2.477457933127880096e-02 -2.406327240169048309e-02 6.182745471596717834e-02 3.693360090255737305e-02 5.912367999553680420e-02 7.583057135343551636e-02 8.431082963943481445e-02 8.177078329026699066e-03 6.164628267288208008e-02 1.043234914541244507e-01 3.052558563649654388e-02 5.333901941776275635e-02 1.028536353260278702e-02 6.387986242771148682e-02 4.813037440180778503e-02 -7.958144694566726685e-02 2.044313699007034302e-01 -3.923323005437850952e-02 -6.271071732044219971e-02 -6.052719801664352417e-02 -1.241942308843135834e-02 -2.082511223852634430e-02 -1.248809695243835449e-02 1.395519822835922241e-01 7.414651662111282349e-02 1.417448818683624268e-01 1.354748904705047607e-01 -4.616928100585937500e-02 -4.520823061466217041e-02 -3.956724703311920166e-02 -2.984242280945181847e-03 -4.509764909744262695e-02 -5.681191384792327881e-02 -1.013808101415634155e-01 -6.230237707495689392e-02 -2.930100075900554657e-03 -7.497755438089370728e-02 -4.814793542027473450e-02 -7.245402783155441284e-02 -8.845041692256927490e-02 -1.171840727329254150e-02 -5.706030875444412231e-02 -5.731633678078651428e-02 -5.722391232848167419e-02 1.500325649976730347e-02 -3.902088105678558350e-02 -4.854064062237739563e-02 -3.193624690175056458e-02 -5.563017725944519043e-02 -6.829442083835601807e-02 9.037026902660727501e-04 -6.720317900180816650e-02 -1.180962920188903809e-01
-2.591761648654937744e-01 -2.585035562515258789e-01 -2.263339608907699585e-01 -7.778406143188476562e-02 -9.604568034410476685e-02 2.114415407180786133e+00 1.167075157165527344e+00 1.234998226165771484e+00 2.094108581542968750e+00 1.413287520408630371e+00 1.059735536575317383e+00 1.591210246086120605e+00 1.228560805320739746e+00 1.661990165710449219e+00 1.662897706031799316e+00 -2.442011684179306030e-01 -1.184035018086433411e-01 -1.847984790802001953e-01 -1.821423918008804321e-01 -1.744505465030670166e-01 -1.241023540496826172e-01 -1.192247718572616577e-01 -1.184873431921005249e-01 -1.736248731613159180e-01 -2.024995386600494385e-01 -1.584110110998153687e-01 -1.697884798049926758e-01 -1.743446141481399536e-01 -2.853958606719970703e-01 -3.628789186477661133e-01 -2.844458818435668945e-01 -1.867152005434036255e-01 -2.478099912405014038e-01 -2.196166366338729858e-01 -1.836986094713211060e-01 -2.345180809497833252e-01 8.779981732368469238e-02 -7.173875719308853149e-02 2.261037677526473999e-01 -2.170588970184326172e-01 -2.230605632066726685e-01 -1.774711012840270996e-01 -1.956247836351394653e-01 -1.908161193132400513e-01 -2.236222773790359497e-01 -2.457088828086853027e-01 -2.143755853176116943e-01 -2.138130515813827515e-01 4.875774681568145752e-02 -1.977101117372512817e-01 -1.949676573276519775e-01 -1.818277239799499512e-01 -1.153670772910118103e-01 -1.636577248573303223e-01 -2.577467560768127441e-01 -2.055696099996566772e-01 -1.954946964979171753e-01 -2.571183741092681885e-01 2.231262251734733582e-02 -2.202899754047393799e-01 -1.373207718133926392e-01 -2.780527472496032715e-01 -2.314403802156448364e-01 1.626883268356323242e+00 -7.841476798057556152e-02 -2.349303364753723145e-01 -1.196596100926399231e-01 -1.733443737030029297e-01 -2.220759689807891846e-01 -1.114623621106147766e-01 -1.223455667495727539e-01 -1.807588934898376465e-01 -8.294110000133514404e-02 -9.827455878257751465e-02 -2.802459336817264557e-02 -1.410067230463027954e-01 -1.155030801892280579e-01 -8.490831404924392700e-02 -3.277039229869842529e-01 -3.170213699340820312e-01 -2.973731756210327148e-01 -2.850223481655120850e-01 -2.937338054180145264e-01 -3.275977373123168945e-01 -3.228640556335449219e-01 -3.157789409160614014e-01 -3.255821168422698975e-01 -3.063598573207855225e-01 -3.131993710994720459e-01 -2.986230552196502686e-01 -2.993856072425842285e-01 -2.991981506347656250e-01 -9.531073272228240967e-02 -2.414146959781646729e-01 -2.604350745677947998e-01 -2.265083640813827515e-01 -2.865529954433441162e-01 -1.927459090948104858e-01 -1.314759701490402222e-01 -1.941166669130325317e-01 -2.450174242258071899e-01
-1.731850057840347290e-01 -1.713143885135650635e-01 -1.277428865432739258e-01 -4.074050486087799072e-02 -5.615659430623054504e-02 1.167075157165527344e+00 1.646134018898010254e+00 1.653643012046813965e+00 1.166206002235412598e+00 1.172164440155029297e+00 9.291044473648071289e-01 1.141961455345153809e+00 1.649203658103942871e+00 1.410266518592834473e+00 1.411523699760437012e+00 -2.080760449171066284e-01 -1.288642585277557373e-01 -1.652914434671401978e-01 -1.675655394792556763e-01 -1.761139780282974243e-01 -9.026449173688888550e-02 -1.234506145119667053e-01 -1.241777911782264709e-01 -1.371672451496124268e-01 -1.258797794580459595e-01 -1.142768114805221558e-01 -7.728733867406845093e-02 -1.762564629316329956e-01 -2.445615082979202271e-01 -3.443957269191741943e-01 -2.881038486957550049e-01 -5.379561707377433777e-02 -1.999941021203994751e-01 -1.679515242576599121e-01 -4.442047700285911560e-02 -1.276285648345947266e-01 1.939020156860351562e-01 -3.303278237581253052e-02 1.869528144598007202e-01 -2.112309336662292480e-01 -1.803681105375289917e-01 -1.724670529365539551e-01 -1.461598277091979980e-01 -1.684711128473281860e-01 -1.565617322921752930e-01 -1.197104081511497498e-01 -7.605352252721786499e-02 -1.839046776294708252e-01 1.554420441389083862e-01 -1.902300119400024414e-01 -1.516114771366119385e-01 -1.097726449370384216e-01 -7.267469912767410278e-02 -1.417456418275833130e-01 -2.348823547363281250e-01 -1.086423248052597046e-01 -1.598839610815048218e-01 -2.490843683481216431e-01 -5.850663036108016968e-02 -2.148722708225250244e-01 -1.860463321208953857e-01 -2.880469560623168945e-01 -2.258948832750320435e-01 1.424969553947448730e+00 -5.759890004992485046e-02 -2.246606945991516113e-01 -8.571586012840270996e-02 -1.166965961456298828e-01 -1.746560782194137573e-01 -7.472787052392959595e-02 -1.132269501686096191e-01 -1.368681043386459351e-01 -1.695663928985595703e-01 -1.735078245401382446e-01 -1.238946542143821716e-01 -2.082686126232147217e-01 -1.921665966510772705e-01 -1.985759437084197998e-01 -3.278540968894958496e-01 -3.188679218292236328e-01 -2.971927225589752197e-01 -2.827044129371643066e-01 -2.760909795761108398e-01 -3.251775503158569336e-01 -3.138417601585388184e-01 -3.125567734241485596e-01 -3.206162154674530029e-01 -3.011087179183959961e-01 -3.129048347473144531e-01 -2.975087165832519531e-01 -2.986308038234710693e-01 -2.987041771411895752e-01 -1.220633089542388916e-01 -2.256481647491455078e-01 -2.414800971746444702e-01 -2.151258289813995361e-01 -1.928202956914901733e-01 -1.473088264465332031e-01 -1.063674166798591614e-01 -1.467881202697753906e-01 -1.809976845979690552e-01
-1.587088108062744141e-01 -1.583859920501708984e-01 -1.000673919916152954e-01 -5.402071028947830200e-02 -6.482246518135070801e-02 1.234998226165771484e+00 1.653643012046813965e+00 2.135883808135986328e+00 1.230869531631469727e+00 1.421590805053710938e+00 1.194172978401184082e+00 1.304130911827087402e+00 2.110121250152587891e+00 1.672702789306640625e+00 1.675115466117858887e+00 -2.596265971660614014e-01 -7.638294249773025513e-02 -1.898446083068847656e-01 -2.029657810926437378e-01 -1.948965340852737427e-01 -9.975185990333557129e-02 -1.057203188538551331e-01 -1.392157077789306641e-01 -1.943769007921218872e-01 -1.831131875514984131e-01 -1.592585295438766479e-01 -1.613725721836090088e-01 -1.968141943216323853e-01 -2.838846743106842041e-01 -3.884466588497161865e-01 -3.161006569862365723e-01 -7.912334799766540527e-02 -1.887151151895523071e-01 -2.308946400880813599e-01 -7.683447003364562988e-02 -1.167596653103828430e-01 2.140196263790130615e-01 -1.369366794824600220e-02 1.843301355838775635e-01 -2.290675491094589233e-01 -2.630175948143005371e-01 -2.053769677877426147e-01 -1.974256336688995361e-01 -2.368549704551696777e-01 -2.395455092191696167e-01 -2.478962689638137817e-01 -2.319353669881820679e-01 -2.237795740365982056e-01 2.206948250532150269e-01 -2.412649393081665039e-01 -2.066227048635482788e-01 -1.552836596965789795e-01 -5.202592164278030396e-02 -1.706116050481796265e-01 -2.757218778133392334e-01 -2.009700536727905273e-01 -2.037369608879089355e-01 -2.922089099884033203e-01 -4.833647608757019043e-02 -2.383905947208404541e-01 -1.876375377178192139e-01 -3.193926811218261719e-01 -2.636006772518157959e-01 1.708623170852661133e+00 -1.193618848919868469e-01 -2.550899684429168701e-01 -9.421508759260177612e-02 -1.231793910264968872e-01 -2.156364917755126953e-01 -9.784902632236480713e-02 -1.152732744812965393e-01 -1.804800182580947876e-01 -1.446775794029235840e-01 -1.349487006664276123e-01 -8.285466581583023071e-02 -2.060968428850173950e-01 -1.880257278680801392e-01 -2.002767175436019897e-01 -3.642004728317260742e-01 -3.524439632892608643e-01 -3.353621065616607666e-01 -3.215489983558654785e-01 -3.213256597518920898e-01 -3.634852468967437744e-01 -3.586017489433288574e-01 -3.505344986915588379e-01 -3.623477220535278320e-01 -3.416523933410644531e-01 -3.498455584049224854e-01 -3.349511921405792236e-01 -3.358361124992370605e-01 -3.352924287319183350e-01 -1.345329582691192627e-01 -2.580421566963195801e-01 -2.833950519561767578e-01 -2.448518574237823486e-01 -2.806050181388854980e-01 -1.940376907587051392e-01 -1.408472210168838501e-01 -1.937020421028137207e-01 -2.504716217517852783e-01
-2.574548721313476562e-01 -2.574291527271270752e-01 -2.246959209442138672e-01 -7.807220518589019775e-02 -9.656218439340591431e-02 2.094108581542968750e+00 1.166206002235412598e+00 1.230869531631469727e+00 2.114845514297485352e+00 1.413025975227355957e+00 1.059583544731140137e+00 1.589257478713989258e+00 1.229363322257995605e+00 1.659852743148803711e+00 1.661171436309814453e+00 -2.464053183794021606e-01 -1.170416772365570068e-01 -1.835292726755142212e-01 -1.800664067268371582e-01 -1.754426658153533936e-01 -1.221767961978912354e-01 -1.184667721390724182e-01 -1.183703318238258362e-01 -1.755227297544479370e-01 -2.001090645790100098e-01 -1.566388607025146484e-01 -1.649013012647628784e-01 -1.725675463676452637e-01 -2.871300578117370605e-01 -3.627519309520721436e-01 -2.840320467948913574e-01 -1.883580833673477173e-01 -2.499139308929443359e-01 -2.202274948358535767e-01 -1.830195039510726929e-01 -2.360493987798690796e-01 8.580176532268524170e-02 -7.120630890130996704e-02 2.243765741586685181e-01 -2.158808261156082153e-01 -2.224025428295135498e-01 -1.791173815727233887e-01 -1.971606463193893433e-01 -1.924268007278442383e-01 -2.247506529092788696e-01 -2.439396977424621582e-01 -2.144542932510375977e-01 -2.144768238067626953e-01 4.731904715299606323e-02 -1.978139430284500122e-01 -1.951435357332229614e-01 -1.815225630998611450e-01 -1.157172769308090210e-01 -1.626890152692794800e-01 -2.589166164398193359e-01 -2.055605202913284302e-01 -1.936052739620208740e-01 -2.582811415195465088e-01 2.141314931213855743e-02 -2.169052660465240479e-01 -1.389613598585128784e-01 -2.788450717926025391e-01 -2.323551625013351440e-01 1.624709725379943848e+00 -7.711335271596908569e-02 -2.360450327396392822e-01 -1.195305883884429932e-01 -1.730355173349380493e-01 -2.205911874771118164e-01 -1.107278168201446533e-01 -1.219822615385055542e-01 -1.818080097436904907e-01 -8.294690400362014771e-02 -9.927933663129806519e-02 -2.736241556704044342e-02 -1.385893225669860840e-01 -1.153922379016876221e-01 -8.277030289173126221e-02 -3.267500102519989014e-01 -3.169007897377014160e-01 -2.973840832710266113e-01 -2.845115661621093750e-01 -2.942309081554412842e-01 -3.263771533966064453e-01 -3.211807310581207275e-01 -3.163485527038574219e-01 -3.254861831665039062e-01 -3.048907816410064697e-01 -3.124870061874389648e-01 -2.981667816638946533e-01 -2.984069287776947021e-01 -2.983416020870208740e-01 -9.578075259923934937e-02 -2.424392402172088623e-01 -2.627475261688232422e-01 -2.294674813747406006e-01 -2.840942144393920898e-01 -1.914343833923339844e-01 -1.290942877531051636e-01 -1.917885690927505493e-01 -2.419070452451705933e-01
-1.824481040239334106e-01 -1.803720742464065552e-01 -1.229646727442741394e-01 -5.296184495091438293e-02 -6.232971698045730591e-02 1.413287520408630371e+00 1.172164440155029297e+00 1.421590805053710938e+00 1.413025975227355957e+00 1.441407680511474609e+00 1.133326888084411621e+00 1.225988507270812988e+00 1.419127702713012695e+00 1.416827201843261719e+00 1.417924165725708008e+00 -2.315855920314788818e-01 -6.051475182175636292e-02 -1.572908312082290649e-01 -1.546263843774795532e-01 -1.520179808139801025e-01 -8.225351572036743164e-02 -8.127725124359130859e-02 -1.050615087151527405e-01 -1.633051633834838867e-01 -1.925520896911621094e-01 -1.320300996303558350e-01 -1.288956552743911743e-01 -1.493404954671859741e-01 -2.579236328601837158e-01 -3.534735143184661865e-01 -2.836641967296600342e-01 -1.196949109435081482e-01 -2.029238343238830566e-01 -2.073142230510711670e-01 -1.177152544260025024e-01 -1.591855138540267944e-01 2.125216573476791382e-01 -1.140892412513494492e-02 2.057710289955139160e-01 -1.993731260299682617e-01 -2.092515379190444946e-01 -1.627021282911300659e-01 -1.688674688339233398e-01 -1.724268049001693726e-01 -2.079720199108123779e-01 -2.281067073345184326e-01 -2.007201910018920898e-01 -1.731238067150115967e-01 1.659453511238098145e-01 -1.913457214832305908e-01 -1.651073992252349854e-01 -1.430673748254776001e-01 -3.572194650769233704e-02 -1.444426327943801880e-01 -2.383836060762405396e-01 -1.702072769403457642e-01 -1.674681305885314941e-01 -2.474306523799896240e-01 3.021144494414329529e-02 -2.111854255199432373e-01 -1.109132096171379089e-01 -2.698316872119903564e-01 -2.258614003658294678e-01 1.417757987976074219e+00 -8.203450590372085571e-02 -2.249255478382110596e-01 -7.035627216100692749e-02 -1.202899292111396790e-01 -1.923817992210388184e-01 -7.214039564132690430e-02 -8.860928565263748169e-02 -1.537680476903915405e-01 -4.366710036993026733e-02 -4.545936733484268188e-02 3.650177270174026489e-02 -1.501043885946273804e-01 -1.151084378361701965e-01 -1.114815771579742432e-01 -3.411639332771301270e-01 -3.343477547168731689e-01 -3.214154243469238281e-01 -3.071752488613128662e-01 -3.019644916057586670e-01 -3.402471840381622314e-01 -3.370277583599090576e-01 -3.362470567226409912e-01 -3.312607407569885254e-01 -3.199306428432464600e-01 -3.347845673561096191e-01 -3.192847967147827148e-01 -3.217652142047882080e-01 -3.216550648212432861e-01 -9.156808257102966309e-02 -2.283618748188018799e-01 -2.611710429191589355e-01 -2.058485448360443115e-01 -2.551777660846710205e-01 -1.614267230033874512e-01 -1.162061318755149841e-01 -1.628008484840393066e-01 -2.103184461593627930e-01
-1.480731517076492310e-01 -1.481034308671951294e-01 -6.618268787860870361e-02 -3.529869019985198975e-02 -3.544146940112113953e-02 1.059735536575317383e+00 9.291044473648071289e-01 1.194172978401184082e+00 1.059583544731140137e+00 1.133326888084411621e+00 1.233356833457946777e+00 9.403700232505798340e-01 1.190413832664489746e+00 1.126296997070312500e+00 1.127089738845825195e+00 -2.078564167022705078e-01 8.087541908025741577e-03 -1.120337098836898804e-01 -1.004540622234344482e-01 -1.058194860816001892e-01 -4.344115033745765686e-02 -4.107515886425971985e-02 -8.000125735998153687e-02 -1.265334635972976685e-01 -1.746628433465957642e-01 -1.105054393410682678e-01 -8.197698742151260376e-02 -1.041534841060638428e-01 -2.265886068344116211e-01 -3.319186270236968994e-01 -2.629177272319793701e-01 -9.367510676383972168e-02 -1.769028007984161377e-01 -1.839846074581146240e-01 -9.818696975708007812e-02 -1.269074827432632446e-01 3.078607916831970215e-01 3.340087458491325378e-02 2.178048044443130493e-01 -1.744173467159271240e-01 -1.808679699897766113e-01 -1.403172165155410767e-01 -1.083221957087516785e-01 -1.281255483627319336e-01 -1.824091821908950806e-01 -2.100660800933837891e-01 -1.890950947999954224e-01 -1.241672858595848083e-01 2.329676449298858643e-01 -1.567990183830261230e-01 -1.433057188987731934e-01 -1.100326031446456909e-01 3.927910700440406799e-02 -7.799766957759857178e-02 -2.038344740867614746e-01 -1.350840777158737183e-01 -1.265564262866973877e-01 -2.178647220134735107e-01 7.750066369771957397e-02 -1.892388761043548584e-01 -5.254173651337623596e-02 -2.452847212553024292e-01 -2.026878893375396729e-01 1.124673366546630859e+00 -7.102490216493606567e-02 -1.978949755430221558e-01 -2.085994556546211243e-02 -8.560182899236679077e-02 -1.609420478343963623e-01 -4.365759342908859253e-02 -4.925385490059852600e-02 -1.238217875361442566e-01 4.193874821066856384e-02 3.996603190898895264e-02 1.470795869827270508e-01 -1.345544308423995972e-01 -8.129339665174484253e-02 -9.681615233421325684e-02 -3.386456966400146484e-01 -3.291545510292053223e-01 -3.279575407505035400e-01 -3.133872449398040771e-01 -2.994190156459808350e-01 -3.380908966064453125e-01 -3.268500566482543945e-01 -3.400263488292694092e-01 -3.197062015533447266e-01 -3.191852867603302002e-01 -3.418723940849304199e-01 -3.272851109504699707e-01 -3.274118304252624512e-01 -3.285139203071594238e-01 -6.588385254144668579e-02 -2.035556882619857788e-01 -2.449795305728912354e-01 -1.756250560283660889e-01 -2.262609452009201050e-01 -1.125311478972434998e-01 -7.183222472667694092e-02 -1.138890832662582397e-01 -1.671713143587112427e-01
-2.494572699069976807e-01 -2.475656121969223022e-01 -1.983660310506820679e-01 -3.989063948392868042e-02 -5.142327025532722473e-02 1.591210246086120605e+00 1.141961455345153809e+00 1.304130911827087402e+00 1.589257478713989258e+00 1.225988507270812988e+00 9.403700232505798340e-01 1.602022886276245117e+00 1.298893451690673828e+00 1.442178249359130859e+00 1.445271611213684082e+00 -2.368233948945999146e-01 -8.275532722473144531e-02 -1.718501150608062744e-01 -1.631117165088653564e-01 -1.610722839832305908e-01 -1.050631105899810791e-01 -1.105511710047721863e-01 -8.253068476915359497e-02 -1.551197916269302368e-01 -1.733587384223937988e-01 -1.278342157602310181e-01 -9.784035384654998779e-02 -1.004794389009475708e-01 -2.359558343887329102e-01 -3.181071579456329346e-01 -2.873117923736572266e-01 -1.406989097595214844e-01 -2.124387919902801514e-01 -2.051763683557510376e-01 -1.341198384761810303e-01 -1.962029486894607544e-01 1.436313688755035400e-01 -2.185638248920440674e-02 1.540216654539108276e-01 -1.951071023941040039e-01 -2.052106559276580811e-01 -2.063114792108535767e-01 -2.278393656015396118e-01 -1.959565430879592896e-01 -2.136024981737136841e-01 -2.211090773344039917e-01 -1.861030012369155884e-01 -2.182679325342178345e-01 4.592334479093551636e-02 -2.392431348562240601e-01 -1.788423657417297363e-01 -1.590007692575454712e-01 -2.649801410734653473e-02 -2.011988759040832520e-01 -2.294347137212753296e-01 -1.735843718051910400e-01 -1.097732111811637878e-01 -2.138649374246597290e-01 1.083995178341865540e-01 -2.028974294662475586e-01 -3.464233502745628357e-02 -2.692988812923431396e-01 -2.316253632307052612e-01 1.442369937896728516e+00 2.257213741540908813e-02 -2.709074318408966064e-01 -1.007552370429039001e-01 -1.376876384019851685e-01 -2.072315812110900879e-01 -1.044923067092895508e-01 -1.021907627582550049e-01 -1.172125786542892456e-01 5.999315530061721802e-02 8.903761208057403564e-02 1.186104342341423035e-01 -8.652709424495697021e-02 -1.501584053039550781e-02 -3.145830333232879639e-02 -3.299717903137207031e-01 -3.180117905139923096e-01 -3.086675405502319336e-01 -2.954147458076477051e-01 -2.882771193981170654e-01 -3.308672308921813965e-01 -3.204386532306671143e-01 -3.265821635723114014e-01 -3.130907416343688965e-01 -3.065013289451599121e-01 -3.245221972465515137e-01 -3.116296827793121338e-01 -3.102448880672454834e-01 -3.089567124843597412e-01 -7.758688181638717651e-02 -2.764087319374084473e-01 -2.960076928138732910e-01 -2.649576067924499512e-01 -2.911863327026367188e-01 -2.186667621135711670e-01 -1.549494862556457520e-01 -2.206466197967529297e-01 -2.675818204879760742e-01
-1.577781885862350464e-01 -1.561141163110733032e-01 -9.747926145792007446e-02 -5.324304103851318359e-02 -6.413363665342330933e-02 1.228560805320739746e+00 1.649203658103942871e+00 2.110121250152587891e+00 1.229363322257995605e+00 1.419127702713012695e+00 1.190413832664489746e+00 1.298893451690673828e+00 2.128384590148925781e+00 1.668147325515747070e+00 1.670954346656799316e+00 -2.560575902462005615e-01 -7.296166568994522095e-02 -1.890275776386260986e-01 -1.985670030117034912e-01 -1.930104643106460571e-01 -9.834720194339752197e-02 -1.052006259560585022e-01 -1.394730359315872192e-01 -1.934810280799865723e-01 -1.809520572423934937e-01 -1.568665951490402222e-01 -1.597784757614135742e-01 -1.971396803855895996e-01 -2.822576165199279785e-01 -3.891281485557556152e-01 -3.146615326404571533e-01 -7.898251712322235107e-02 -1.891674399375915527e-01 -2.288373112678527832e-01 -7.613690942525863647e-02 -1.165955662727355957e-01 2.148949801921844482e-01 -1.270539406687021255e-02 1.847187727689743042e-01 -2.272397130727767944e-01 -2.607352733612060547e-01 -2.041981518268585205e-01 -1.974243372678756714e-01 -2.363403290510177612e-01 -2.401410490274429321e-01 -2.484705597162246704e-01 -2.300310432910919189e-01 -2.201580405235290527e-01 2.198073267936706543e-01 -2.411587685346603394e-01 -2.049982994794845581e-01 -1.570096462965011597e-01 -5.101142451167106628e-02 -1.719875633716583252e-01 -2.752806842327117920e-01 -2.005773931741714478e-01 -2.024012953042984009e-01 -2.904833555221557617e-01 -4.740690439939498901e-02 -2.383531183004379272e-01 -1.852598339319229126e-01 -3.162526190280914307e-01 -2.612991333007812500e-01 1.703173756599426270e+00 -1.172975450754165649e-01 -2.546443939208984375e-01 -9.339150786399841309e-02 -1.204972490668296814e-01 -2.136867493391036987e-01 -1.000698730349540710e-01 -1.143064200878143311e-01 -1.795888543128967285e-01 -1.454086750745773315e-01 -1.344037801027297974e-01 -8.478707075119018555e-02 -2.063561975955963135e-01 -1.875728070735931396e-01 -2.000562995672225952e-01 -3.668300807476043701e-01 -3.558646440505981445e-01 -3.363055288791656494e-01 -3.234752118587493896e-01 -3.217231333255767822e-01 -3.644614219665527344e-01 -3.587639331817626953e-01 -3.535615503787994385e-01 -3.628099560737609863e-01 -3.437111675739288330e-01 -3.516335785388946533e-01 -3.373534977436065674e-01 -3.362606763839721680e-01 -3.368790745735168457e-01 -1.328667998313903809e-01 -2.589592635631561279e-01 -2.830173373222351074e-01 -2.473464459180831909e-01 -2.786933183670043945e-01 -1.923893839120864868e-01 -1.396952122449874878e-01 -1.929862201213836670e-01 -2.483154535293579102e-01
-2.088188529014587402e-01 -2.081901729106903076e-01 -1.625908464193344116e-01 -6.597250699996948242e-02 -8.060587197542190552e-02 1.661990165710449219e+00 1.410266518592834473e+00 1.672702789306640625e+00 1.659852743148803711e+00 1.416827201843261719e+00 1.126296997070312500e+00 1.442178249359130859e+00 1.668147325515747070e+00 1.686625838279724121e+00 1.667962789535522461e+00 -2.526155114173889160e-01 -9.554396569728851318e-02 -1.854643821716308594e-01 -1.921753287315368652e-01 -1.825111210346221924e-01 -1.113129779696464539e-01 -1.117916330695152283e-01 -1.297354847192764282e-01 -1.822799742221832275e-01 -1.906788945198059082e-01 -1.563366949558258057e-01 -1.637549847364425659e-01 -1.860928684473037720e-01 -2.849619388580322266e-01 -3.752590119838714600e-01 -2.997860312461853027e-01 -1.336600482463836670e-01 -2.200290113687515259e-01 -2.234585881233215332e-01 -1.295769214630126953e-01 -1.757174879312515259e-01 1.485575437545776367e-01 -4.347817972302436829e-02 2.070187479257583618e-01 -2.219427824020385742e-01 -2.426022440195083618e-01 -1.892612278461456299e-01 -1.968264430761337280e-01 -2.135699540376663208e-01 -2.333300560712814331e-01 -2.466672807931900024e-01 -2.240592539310455322e-01 -2.175541371107101440e-01 1.324684321880340576e-01 -2.170512527227401733e-01 -1.996555179357528687e-01 -1.688632518053054810e-01 -8.297457545995712280e-02 -1.680628508329391479e-01 -2.668291032314300537e-01 -2.041248679161071777e-01 -1.989460289478302002e-01 -2.751551568508148193e-01 -1.282852608710527420e-02 -2.304265052080154419e-01 -1.608562916517257690e-01 -2.987081110477447510e-01 -2.478061169385910034e-01 1.666167497634887695e+00 -9.848783910274505615e-02 -2.433003634214401245e-01 -1.062428727746009827e-01 -1.462207138538360596e-01 -2.177498042583465576e-01 -1.050927489995956421e-01 -1.180136278271675110e-01 -1.814745068550109863e-01 -1.179577261209487915e-01 -1.180882453918457031e-01 -5.834489688277244568e-02 -1.741936057806015015e-01 -1.518796682357788086e-01 -1.422774195671081543e-01 -3.458161652088165283e-01 -3.357663452625274658e-01 -3.153321146965026855e-01 -3.038532435894012451e-01 -3.090232014656066895e-01 -3.445723950862884521e-01 -3.422104716300964355e-01 -3.336948752403259277e-01 -3.446286320686340332e-01 -3.236252069473266602e-01 -3.322390615940093994e-01 -3.177508115768432617e-01 -3.192400634288787842e-01 -3.170813918113708496e-01 -1.132677868008613586e-01 -2.493503689765930176e-01 -2.696540653705596924e-01 -2.361685484647750854e-01 -2.842341661453247070e-01 -1.923175007104873657e-01 -1.364147216081619263e-01 -1.924400925636291504e-01 -2.477710545063018799e-01
-2.116060853004455566e-01 -2.096633762121200562e-01 -1.635993272066116333e-01 -6.571947783231735229e-02 -8.030600845813751221e-02 1.662897706031799316e+00 1.411523699760437012e+00 1.675115466117858887e+00 1.661171436309814453e+00 1.417924165725708008e+00 1.127089738845825195e+00 1.445271611213684082e+00 1.670954346656799316e+00 1.667962789535522461e+00 1.686708688735961914e+00 -2.508405745029449463e-01 -9.635176509618759155e-02 -1.846893429756164551e-01 -1.923466324806213379e-01 -1.838454008102416992e-01 -1.119515076279640198e-01 -1.118192374706268311e-01 -1.285586953163146973e-01 -1.833347231149673462e-01 -1.922744214534759521e-01 -1.579658538103103638e-01 -1.630180329084396362e-01 -1.862381547689437866e-01 -2.846821248531341553e-01 -3.766662478446960449e-01 -2.993449270725250244e-01 -1.331112980842590332e-01 -2.178969830274581909e-01 -2.247364372014999390e-01 -1.303883045911788940e-01 -1.753355562686920166e-01 1.484985351562500000e-01 -4.316689446568489075e-02 2.061003744602203369e-01 -2.211055159568786621e-01 -2.426284253597259521e-01 -1.920150071382522583e-01 -1.986759752035140991e-01 -2.135727107524871826e-01 -2.318382859230041504e-01 -2.459586858749389648e-01 -2.239933907985687256e-01 -2.175112515687942505e-01 1.339623481035232544e-01 -2.199627608060836792e-01 -2.006697654724121094e-01 -1.709552258253097534e-01 -8.285548537969589233e-02 -1.686022877693176270e-01 -2.673637568950653076e-01 -2.051153779029846191e-01 -2.009374499320983887e-01 -2.740344405174255371e-01 -1.307257357984781265e-02 -2.292906641960144043e-01 -1.629212498664855957e-01 -2.987286448478698730e-01 -2.470702826976776123e-01 1.666927337646484375e+00 -9.854619204998016357e-02 -2.452832907438278198e-01 -1.073744595050811768e-01 -1.475550681352615356e-01 -2.169885337352752686e-01 -1.051735132932662964e-01 -1.171183660626411438e-01 -1.801528930664062500e-01 -1.154617816209793091e-01 -1.165455654263496399e-01 -5.610739812254905701e-02 -1.732042282819747925e-01 -1.512172818183898926e-01 -1.424468606710433960e-01 -3.433729708194732666e-01 -3.346146941184997559e-01 -3.155188560485839844e-01 -3.030390143394470215e-01 -3.085877001285552979e-01 -3.435710370540618896e-01 -3.421915769577026367e-01 -3.338665664196014404e-01 -3.456151485443115234e-01 -3.246132433414459229e-01 -3.295854330062866211e-01 -3.182282149791717529e-01 -3.188357949256896973e-01 -3.157548308372497559e-01 -1.146207675337791443e-01 -2.499011605978012085e-01 -2.730332314968109131e-01 -2.365408539772033691e-01 -2.818834781646728516e-01 -1.919947862625122070e-01 -1.368885338306427002e-01 -1.914978325366973877e-01 -2.469761669635772705e-01
