1.859112977981567383e+00 1.838353633880615234e+00 1.547876834869384766e+00 3.214283883571624756e-01 4.366402626037597656e-01 -2.813045382499694824e-01 -2.828251719474792480e-01 -2.858580648899078369e-01 -2.800153493881225586e-01 -2.903099060058593750e-01 -3.238157033920288086e-01 -2.767801284790039062e-01 -2.786437869071960449e-01 -2.753304541110992432e-01 -3.310829997062683105e-01 -3.162515461444854736e-01 1.186561882495880127e-01 -2.270728498697280884e-01 -3.036449849605560303e-01 -2.055012881755828857e-01 -1.017049849033355713e-01 -1.261306405067443848e-01 -2.404287159442901611e-01 -1.389915645122528076e-01 -3.853624314069747925e-02 -1.092593967914581299e-01 -1.588428616523742676e-01 -9.619809687137603760e-02 -2.855369150638580322e-01 1.099507808685302734e+00 4.068777561187744141e-01 -1.733200252056121826e-01 4.307571649551391602e-01 1.490181237459182739e-01 -1.629054248332977295e-01 -1.724592745304107666e-01 -3.002378046512603760e-01 -3.357281386852264404e-01 -1.635730266571044922e-01 -2.505403384566307068e-02 -2.453214377164840698e-01 -3.113994002342224121e-01 -3.273879289627075195e-01 -2.746543884277343750e-01 -2.974560260772705078e-01 -3.397868573665618896e-01 -3.663002848625183105e-01 -1.714976429939270020e-01 -6.185660883784294128e-02 -3.128679394721984863e-01 -2.396655529737472534e-01 -6.898807734251022339e-02 -4.305455833673477173e-02 -3.194001019001007080e-01 -2.510599493980407715e-01 -1.654843688011169434e-01 -3.464822471141815186e-01 -2.440294772386550903e-01 5.459325909614562988e-01 -1.192505098879337311e-02 -6.872677803039550781e-02 -6.923992931842803955e-02 -1.063181459903717041e-01 -2.848647236824035645e-01 -1.731624603271484375e-01 -3.084981441497802734e-01 -1.536614298820495605e-01 -1.574132442474365234e-01 -1.354031413793563843e-01 -1.421900093555450439e-01 -6.999686360359191895e-02 -2.175688892602920532e-01 7.253538072109222412e-02 -1.890726834535598755e-01 7.662174105644226074e-02 1.284765601158142090e+00 5.503087639808654785e-01 1.275209546089172363e+00 3.401848077774047852e-01 3.372822105884552002e-01 3.564310073852539062e-01 3.610549569129943848e-01 3.077645003795623779e-01 3.321045041084289551e-01 3.363748788833618164e-01 3.567270040512084961e-01 3.136819899082183838e-01 3.464103639125823975e-01 3.535447120666503906e-01 3.595487177371978760e-01 3.623598515987396240e-01 3.572663962841033936e-01 -3.315679430961608887e-01 -3.005634844303131104e-01 -3.060795366764068604e-01 -3.186116814613342285e-01 -2.326074242591857910e-01 -3.142176568508148193e-01 -3.063581883907318115e-01 -3.123730421066284180e-01 -3.091897368431091309e-01
1.838353633880615234e+00 1.874363541603088379e+00 1.557488799095153809e+00 3.240909874439239502e-01 4.401361644268035889e-01 -2.820829153060913086e-01 -2.832212448120117188e-01 -2.874017059803009033e-01 -2.821774184703826904e-01 -2.921196818351745605e-01 -3.248428106307983398e-01 -2.785848081111907959e-01 -2.761299610137939453e-01 -2.779823839664459229e-01 -3.319347202777862549e-01 -3.230212330818176270e-01 1.219905242323875427e-01 -2.289206981658935547e-01 -3.058775663375854492e-01 -2.087464779615402222e-01 -9.819830209016799927e-02 -1.229785531759262085e-01 -2.381874024868011475e-01 -1.326648294925689697e-01 -3.960619866847991943e-02 -1.112521961331367493e-01 -1.618304401636123657e-01 -9.496042877435684204e-02 -2.886432111263275146e-01 1.108322262763977051e+00 4.055465757846832275e-01 -1.750875562429428101e-01 4.408338367938995361e-01 1.456019282341003418e-01 -1.593007892370223999e-01 -1.685486882925033569e-01 -3.054035007953643799e-01 -3.360612988471984863e-01 -1.641256064176559448e-01 -2.597149461507797241e-02 -2.490642368793487549e-01 -3.147606253623962402e-01 -3.340803086757659912e-01 -2.739585638046264648e-01 -2.937404215335845947e-01 -3.455572426319122314e-01 -3.711420297622680664e-01 -1.748531460762023926e-01 -5.836712941527366638e-02 -3.231377601623535156e-01 -2.348593920469284058e-01 -7.175025343894958496e-02 -4.384644702076911926e-02 -3.254492878913879395e-01 -2.484129816293716431e-01 -1.633516997098922729e-01 -3.427547216415405273e-01 -2.507323920726776123e-01 5.459088087081909180e-01 -1.027354225516319275e-02 -7.090616226196289062e-02 -6.648474186658859253e-02 -1.095699667930603027e-01 -2.805063128471374512e-01 -1.710775345563888550e-01 -3.129310309886932373e-01 -1.510772854089736938e-01 -1.580938398838043213e-01 -1.346052587032318115e-01 -1.404210925102233887e-01 -6.308512389659881592e-02 -2.173763215541839600e-01 7.077156752347946167e-02 -1.934777945280075073e-01 7.268723845481872559e-02 1.293468236923217773e+00 5.512981414794921875e-01 1.285409331321716309e+00 3.442240953445434570e-01 3.424061834812164307e-01 3.581233620643615723e-01 3.591434657573699951e-01 3.095589280128479004e-01 3.334310650825500488e-01 3.416667878627777100e-01 3.570781052112579346e-01 3.142064511775970459e-01 3.504603803157806396e-01 3.511322140693664551e-01 3.608451783657073975e-01 3.607747852802276611e-01 3.574580550193786621e-01 -3.379278779029846191e-01 -3.079971969127655029e-01 -3.135839998722076416e-01 -3.237092196941375732e-01 -2.307074666023254395e-01 -3.203603625297546387e-01 -3.159081935882568359e-01 -3.175643682479858398e-01 -3.168832063674926758e-01
1.547876834869384766e+00 1.557488799095153809e+00 1.610377788543701172e+00 3.622954189777374268e-01 4.658809006214141846e-01 -3.382638990879058838e-01 -3.437092304229736328e-01 -3.422089219093322754e-01 -3.378316164016723633e-01 -3.446316719055175781e-01 -3.664470613002777100e-01 -3.295952081680297852e-01 -3.387007117271423340e-01 -3.375026881694793701e-01 -3.696437478065490723e-01 -3.631589114665985107e-01 2.096794545650482178e-01 -2.171722054481506348e-01 -3.191580176353454590e-01 -1.895094811916351318e-01 -1.496083438396453857e-01 -1.407339125871658325e-01 -2.217710763216018677e-01 -1.894933879375457764e-01 6.922319531440734863e-02 -1.011657193303108215e-01 -1.389749497175216675e-01 -1.451348364353179932e-01 -1.510028243064880371e-01 8.594234585762023926e-01 7.048543095588684082e-01 -1.609291583299636841e-01 7.343496680259704590e-01 1.779417842626571655e-01 -1.394152492284774780e-01 -1.414454430341720581e-01 -3.026278614997863770e-01 -3.213739395141601562e-01 -9.300092607736587524e-02 -2.732458338141441345e-02 -2.467967122793197632e-01 -3.715497255325317383e-01 -3.714821338653564453e-01 -2.358469516038894653e-01 -3.067004382610321045e-01 -3.220426738262176514e-01 -3.734039664268493652e-01 -1.880145221948623657e-01 9.643924236297607422e-02 -3.682380318641662598e-01 -2.283658534288406372e-01 -6.782306730747222900e-02 1.976849697530269623e-02 -3.755169808864593506e-01 -2.682639062404632568e-01 -2.349714934825897217e-01 -3.248718380928039551e-01 -9.481950849294662476e-02 7.211225628852844238e-01 -1.124987378716468811e-01 -1.060471907258033752e-01 -6.761807948350906372e-02 -1.487956792116165161e-01 -3.447737395763397217e-01 -1.700129657983779907e-01 -3.669103384017944336e-01 -2.905383147299289703e-02 1.985417306423187256e-02 1.637790538370609283e-02 -1.139983311295509338e-01 -7.587187737226486206e-02 -2.311765551567077637e-01 6.957990676164627075e-02 -2.213465273380279541e-01 6.448651850223541260e-02 1.608215808868408203e+00 7.105597853660583496e-01 1.597607731819152832e+00 3.264174461364746094e-01 3.222574293613433838e-01 2.859705388545989990e-01 2.816178798675537109e-01 2.907735109329223633e-01 3.171920180320739746e-01 3.232882618904113770e-01 2.813454866409301758e-01 3.523926734924316406e-01 3.263045251369476318e-01 2.775956392288208008e-01 2.787001729011535645e-01 2.860193848609924316e-01 2.830440402030944824e-01 -3.814037740230560303e-01 -3.585788905620574951e-01 -3.563627302646636963e-01 -3.743183314800262451e-01 -2.511698305606842041e-01 -3.694848716259002686e-01 -3.685979247093200684e-01 -3.639391660690307617e-01 -3.668938577175140381e-01
3.214283883571624756e-01 3.240909874439239502e-01 3.622954189777374268e-01 1.287705659866333008e+00 3.271104693412780762e-01 -7.522438466548919678e-02 -7.732225954532623291e-02 -7.912474125623703003e-02 -7.716642320156097412e-02 -7.716237008571624756e-02 -8.620155602693557739e-02 -4.017209634184837341e-02 -7.540360093116760254e-02 -7.715362310409545898e-02 -9.086588770151138306e-02 -2.581082880496978760e-01 4.272987693548202515e-02 1.621671915054321289e-01 -8.324787020683288574e-02 -1.463622041046619415e-02 -7.403469085693359375e-02 2.873731777071952820e-02 1.286635398864746094e-01 -1.841227412223815918e-01 6.186686456203460693e-02 -3.758401051163673401e-02 -1.128060370683670044e-01 -1.903430372476577759e-01 1.493313163518905640e-01 1.163838803768157959e-01 1.906475573778152466e-01 2.347621321678161621e-02 2.087009102106094360e-01 1.230534091591835022e-01 2.721837535500526428e-02 -3.184827789664268494e-02 2.028186321258544922e-01 4.902387037873268127e-02 -1.015816554427146912e-01 -6.438254565000534058e-02 -1.905962452292442322e-02 -2.587557733058929443e-01 -2.579698264598846436e-01 -1.525897439569234848e-02 1.845173388719558716e-01 1.514947116374969482e-01 1.442066878080368042e-01 8.022764325141906738e-02 -1.392480172216892242e-02 -2.609108388423919678e-01 1.597864627838134766e-01 1.996983587741851807e-02 6.795460358262062073e-03 -2.613525688648223877e-01 3.058304488658905029e-01 2.473975159227848053e-02 1.532655656337738037e-01 -3.559766337275505066e-02 2.029115706682205200e-01 -8.792714029550552368e-02 3.415375053882598877e-01 4.251245409250259399e-02 -1.471388041973114014e-01 -7.724916189908981323e-02 1.197672169655561447e-02 -2.587974965572357178e-01 1.325244642794132233e-02 6.623997353017330170e-03 1.757965423166751862e-02 2.294549532234668732e-02 -1.195524912327528000e-02 1.330056190490722656e-01 3.141554445028305054e-02 -1.247163116931915283e-01 3.325814753770828247e-02 4.055110514163970947e-01 2.094122171401977539e-01 4.022589027881622314e-01 7.634337991476058960e-03 8.652091026306152344e-03 2.953356876969337463e-02 3.021270595490932465e-02 5.777227692306041718e-03 6.939965765923261642e-03 6.765294820070266724e-03 3.032143786549568176e-02 -1.888441480696201324e-02 8.682289160788059235e-03 2.781817130744457245e-02 3.089488111436367035e-02 2.956037968397140503e-02 2.993123605847358704e-02 -2.532612681388854980e-01 -2.562258839607238770e-01 -2.573857307434082031e-01 -2.617793083190917969e-01 -1.359812915325164795e-01 -2.669018208980560303e-01 -2.670913934707641602e-01 -2.634249627590179443e-01 -2.655734121799468994e-01
4.366402626037597656e-01 4.401361644268035889e-01 4.658809006214141846e-01 3.271104693412780762e-01 1.291508555412292480e+00 -7.559429854154586792e-02 -7.784350216388702393e-02 -7.979820668697357178e-02 -7.750788331031799316e-02 -7.869268953800201416e-02 -9.319411218166351318e-02 -5.236379429697990417e-02 -7.561574131250381470e-02 -7.733957469463348389e-02 -9.804905205965042114e-02 -2.713879346847534180e-01 5.185671150684356689e-02 1.568499207496643066e-01 -1.259324848651885986e-01 -3.187992423772811890e-02 -8.200145512819290161e-02 1.650595106184482574e-02 8.300153166055679321e-02 -1.835490465164184570e-01 2.581959590315818787e-02 -3.729877248406410217e-02 -1.313194036483764648e-01 -1.881874501705169678e-01 1.516186892986297607e-01 2.131717354059219360e-01 2.227303385734558105e-01 -3.866363549605011940e-03 2.403452545404434204e-01 1.176784262061119080e-01 8.846436394378542900e-04 -5.539993941783905029e-02 2.015933394432067871e-01 2.931902557611465454e-02 -9.870693087577819824e-02 -7.366321980953216553e-02 -4.833116382360458374e-02 -2.718165516853332520e-01 -2.724503278732299805e-01 -3.592125698924064636e-02 1.274690777063369751e-01 9.742485731840133667e-02 8.587155491113662720e-02 4.832813516259193420e-02 -1.346143241971731186e-02 -2.749876081943511963e-01 1.258642524480819702e-01 -1.947013544850051403e-03 8.340428583323955536e-03 -2.748290300369262695e-01 2.781858444213867188e-01 1.722160843200981617e-03 9.894356131553649902e-02 -4.507771134376525879e-02 2.353263199329376221e-01 -8.522713184356689453e-02 3.654586970806121826e-01 3.031820990145206451e-02 -1.560360044240951538e-01 -7.772858440876007080e-02 -1.266173087060451508e-02 -2.724750339984893799e-01 1.063097920268774033e-02 1.235688477754592896e-02 1.259754039347171783e-02 1.376369129866361618e-02 -1.506281178444623947e-02 1.408061683177947998e-01 5.350971594452857971e-02 -1.246310546994209290e-01 5.511655658483505249e-02 4.975530207157135010e-01 2.418701201677322388e-01 4.929200708866119385e-01 2.520704455673694611e-02 2.589435689151287079e-02 3.544427081942558289e-02 3.594292700290679932e-02 2.091685123741626740e-02 2.380053140223026276e-02 2.381229028105735779e-02 3.602449595928192139e-02 9.227067232131958008e-03 2.611801587045192719e-02 3.284062445163726807e-02 3.641242906451225281e-02 3.537405654788017273e-02 3.544206917285919189e-02 -2.663843333721160889e-01 -2.688661217689514160e-01 -2.702592015266418457e-01 -2.752216756343841553e-01 -1.468787640333175659e-01 -2.806785702705383301e-01 -2.800280451774597168e-01 -2.762499749660491943e-01 -2.786141037940979004e-01
-2.813045382499694824e-01 -2.820829153060913086e-01 -3.382638990879058838e-01 -7.522438466548919678e-02 -7.559429854154586792e-02 6.896875500679016113e-01 6.759570240974426270e-01 6.773332357406616211e-01 6.743768453598022461e-01 6.669088006019592285e-01 6.147000193595886230e-01 3.846138119697570801e-01 6.775913834571838379e-01 6.760808229446411133e-01 6.140453219413757324e-01 3.747555613517761230e-01 -2.234826534986495972e-01 1.914825290441513062e-01 -1.611620634794235229e-01 -1.881917268037796021e-01 -6.768759340047836304e-02 -4.489908739924430847e-02 -3.323588967323303223e-01 -6.021903827786445618e-02 -3.260688781738281250e-01 -7.621100544929504395e-02 -1.946013867855072021e-01 -1.216917261481285095e-01 1.773283332586288452e-01 -1.876753717660903931e-01 -2.928172349929809570e-01 -2.455996423959732056e-01 -3.080076575279235840e-01 -1.392446756362915039e-01 -2.504210770130157471e-01 -2.260193526744842529e-01 7.239751219749450684e-01 1.311035826802253723e-02 -1.708138138055801392e-01 1.625492125749588013e-01 -1.594837196171283722e-02 3.730607926845550537e-01 3.736586570739746094e-01 -1.704157441854476929e-01 -1.775016486644744873e-01 -1.493346095085144043e-01 -9.168475121259689331e-02 5.890543758869171143e-02 -1.741063594818115234e-01 3.704743683338165283e-01 -1.663039624691009521e-01 -1.958723366260528564e-01 -1.591917276382446289e-01 3.717786073684692383e-01 8.795423805713653564e-02 -1.737466305494308472e-01 -1.852052956819534302e-01 -2.174581587314605713e-01 -3.525460958480834961e-01 6.057976186275482178e-02 1.872622370719909668e-01 -5.531571432948112488e-02 1.403660029172897339e-01 6.794864535331726074e-01 -3.018119633197784424e-01 3.752853572368621826e-01 -6.233402341604232788e-02 -1.342487484216690063e-01 -1.563626080751419067e-01 -7.622712850570678711e-02 -4.668305814266204834e-02 1.491821110248565674e-01 -6.736955791711807251e-02 -2.036502212285995483e-01 -7.003085315227508545e-02 -4.024882614612579346e-01 -3.541637659072875977e-01 -4.047426879405975342e-01 -3.677857518196105957e-01 -3.692212700843811035e-01 -4.194230735301971436e-01 -4.239759147167205811e-01 -3.461691141128540039e-01 -3.706656694412231445e-01 -3.714945018291473389e-01 -4.248493611812591553e-01 -3.225173950195312500e-01 -3.719881772994995117e-01 -4.232775270938873291e-01 -4.222188293933868408e-01 -4.227072894573211670e-01 -4.214169979095458984e-01 3.330752551555633545e-01 3.676614761352539062e-01 3.677455484867095947e-01 3.740909993648529053e-01 2.227084636688232422e-01 3.746570348739624023e-01 3.741333186626434326e-01 3.727206587791442871e-01 3.735927641391754150e-01
-2.828251719474792480e-01 -2.832212448120117188e-01 -3.437092304229736328e-01 -7.732225954532623291e-02 -7.784350216388702393e-02 6.759570240974426270e-01 6.930344700813293457e-01 6.817426085472106934e-01 6.768393516540527344e-01 6.717444658279418945e-01 6.133788824081420898e-01 3.838422596454620361e-01 6.760419607162475586e-01 6.765151023864746094e-01 6.133374571800231934e-01 3.756646215915679932e-01 -2.229065746068954468e-01 1.887064129114151001e-01 -1.628412157297134399e-01 -1.869538575410842896e-01 -7.101451605558395386e-02 -4.383850470185279846e-02 -3.331321477890014648e-01 -5.824584886431694031e-02 -3.263781666755676270e-01 -7.932327687740325928e-02 -1.970968693494796753e-01 -1.260969787836074829e-01 1.784620434045791626e-01 -1.886155605316162109e-01 -2.927326261997222900e-01 -2.459919601678848267e-01 -3.099690973758697510e-01 -1.380345374345779419e-01 -2.497334927320480347e-01 -2.233164757490158081e-01 7.222177982330322266e-01 1.366386562585830688e-02 -1.705926358699798584e-01 1.675801426172256470e-01 -1.681989431381225586e-02 3.755398094654083252e-01 3.750226199626922607e-01 -1.705994009971618652e-01 -1.764486432075500488e-01 -1.489171236753463745e-01 -9.178092330694198608e-02 5.452715605497360229e-02 -1.722102314233779907e-01 3.768419027328491211e-01 -1.684868037700653076e-01 -1.914519816637039185e-01 -1.585014015436172485e-01 3.758039176464080811e-01 8.739473670721054077e-02 -1.784809082746505737e-01 -1.875929832458496094e-01 -2.133006751537322998e-01 -3.548787236213684082e-01 5.913700908422470093e-02 1.868241429328918457e-01 -5.185450613498687744e-02 1.413158029317855835e-01 6.822283864021301270e-01 -3.014042079448699951e-01 3.733527660369873047e-01 -6.113646179437637329e-02 -1.341561824083328247e-01 -1.546709537506103516e-01 -7.480127364397048950e-02 -4.580882936716079712e-02 1.476670354604721069e-01 -6.849718093872070312e-02 -2.037893682718276978e-01 -7.172611355781555176e-02 -4.055229723453521729e-01 -3.560239672660827637e-01 -4.077179729938507080e-01 -3.712372779846191406e-01 -3.694647550582885742e-01 -4.188925623893737793e-01 -4.243478477001190186e-01 -3.492268621921539307e-01 -3.737784922122955322e-01 -3.719455003738403320e-01 -4.247903525829315186e-01 -3.278203606605529785e-01 -3.732286095619201660e-01 -4.229776859283447266e-01 -4.230870306491851807e-01 -4.247765243053436279e-01 -4.242394864559173584e-01 3.363997042179107666e-01 3.713410198688507080e-01 3.750124275684356689e-01 3.768897950649261475e-01 2.226914018392562866e-01 3.819154798984527588e-01 3.770811855792999268e-01 3.772149980068206787e-01 3.801246881484985352e-01
-2.858580648899078369e-01 -2.874017059803009033e-01 -3.422089219093322754e-01 -7.912474125623703003e-02 -7.979820668697357178e-02 6.773332357406616211e-01 6.817426085472106934e-01 6.983500123023986816e-01 6.761460304260253906e-01 6.738932728767395020e-01 6.138355135917663574e-01 3.840362727642059326e-01 6.764445304870605469e-01 6.737601161003112793e-01 6.211659908294677734e-01 3.798834383487701416e-01 -2.244305312633514404e-01 1.862750947475433350e-01 -1.602312922477722168e-01 -1.891665756702423096e-01 -6.667811423540115356e-02 -4.430355504155158997e-02 -3.332161009311676025e-01 -6.195178255438804626e-02 -3.212980031967163086e-01 -8.000201731920242310e-02 -1.924950778484344482e-01 -1.261252760887145996e-01 1.774227172136306763e-01 -1.882156878709793091e-01 -2.933455407619476318e-01 -2.503623664379119873e-01 -3.117634356021881104e-01 -1.400856673717498779e-01 -2.535189092159271240e-01 -2.258385270833969116e-01 7.176094651222229004e-01 1.510901283472776413e-02 -1.669976413249969482e-01 1.666682213544845581e-01 -1.351840142160654068e-02 3.813579082489013672e-01 3.759663999080657959e-01 -1.712465882301330566e-01 -1.783653795719146729e-01 -1.467033028602600098e-01 -9.202236682176589966e-02 5.736095085740089417e-02 -1.746383011341094971e-01 3.857176899909973145e-01 -1.655317097902297974e-01 -1.936020255088806152e-01 -1.599399149417877197e-01 3.831617236137390137e-01 8.617461472749710083e-02 -1.758828610181808472e-01 -1.870390027761459351e-01 -2.168962955474853516e-01 -3.571721613407135010e-01 6.106975674629211426e-02 1.801383197307586670e-01 -5.729316174983978271e-02 1.445274949073791504e-01 6.865130066871643066e-01 -3.055425882339477539e-01 3.816813230514526367e-01 -6.261369585990905762e-02 -1.364234387874603271e-01 -1.553654074668884277e-01 -7.729598134756088257e-02 -4.907837137579917908e-02 1.422320455312728882e-01 -6.748344004154205322e-02 -2.012447118759155273e-01 -6.894526630640029907e-02 -4.072351753711700439e-01 -3.604232370853424072e-01 -4.067341983318328857e-01 -3.712460994720458984e-01 -3.725696504116058350e-01 -4.191770255565643311e-01 -4.241026937961578369e-01 -3.509783148765563965e-01 -3.754998445510864258e-01 -3.751115500926971436e-01 -4.250486195087432861e-01 -3.306824862957000732e-01 -3.766211867332458496e-01 -4.225347638130187988e-01 -4.235354363918304443e-01 -4.229515492916107178e-01 -4.251283407211303711e-01 3.442298471927642822e-01 3.770780861377716064e-01 3.753872513771057129e-01 3.840851783752441406e-01 2.183568626642227173e-01 3.843126893043518066e-01 3.807643949985504150e-01 3.787377774715423584e-01 3.828954100608825684e-01
-2.800153493881225586e-01 -2.821774184703826904e-01 -3.378316164016723633e-01 -7.716642320156097412e-02 -7.750788331031799316e-02 6.743768453598022461e-01 6.768393516540527344e-01 6.761460304260253906e-01 6.912459731101989746e-01 6.706687808036804199e-01 6.110699772834777832e-01 3.824883401393890381e-01 6.704487800598144531e-01 6.733601689338684082e-01 6.171287894248962402e-01 3.858670294284820557e-01 -2.257376462221145630e-01 1.913869231939315796e-01 -1.632835716009140015e-01 -1.869560331106185913e-01 -7.443540543317794800e-02 -4.762177914381027222e-02 -3.350175023078918457e-01 -6.121632084250450134e-02 -3.266263902187347412e-01 -7.647399604320526123e-02 -1.921610385179519653e-01 -1.218778267502784729e-01 1.773565113544464111e-01 -1.862084716558456421e-01 -2.899204790592193604e-01 -2.472818642854690552e-01 -3.084715306758880615e-01 -1.341892480850219727e-01 -2.508376836776733398e-01 -2.239998131990432739e-01 7.198653221130371094e-01 1.019814610481262207e-02 -1.692843884229660034e-01 1.707076430320739746e-01 -1.730770431458950043e-02 3.755311071872711182e-01 3.835317790508270264e-01 -1.716594099998474121e-01 -1.806655228137969971e-01 -1.517545133829116821e-01 -9.441397339105606079e-02 5.459830909967422485e-02 -1.755679249763488770e-01 3.785572350025177002e-01 -1.691335290670394897e-01 -1.954971253871917725e-01 -1.599356830120086670e-01 3.811321556568145752e-01 8.629297465085983276e-02 -1.792629063129425049e-01 -1.867926567792892456e-01 -2.160981744527816772e-01 -3.506325185298919678e-01 6.212000921368598938e-02 1.850039064884185791e-01 -4.893683642148971558e-02 1.379863172769546509e-01 6.772369146347045898e-01 -2.998282611370086670e-01 3.778206408023834229e-01 -6.336225569248199463e-02 -1.377670466899871826e-01 -1.559168845415115356e-01 -7.718097418546676636e-02 -4.691900312900543213e-02 1.474937796592712402e-01 -6.678456068038940430e-02 -1.988282799720764160e-01 -6.822829693555831909e-02 -4.011014401912689209e-01 -3.539111614227294922e-01 -4.035013020038604736e-01 -3.706434965133666992e-01 -3.750059902667999268e-01 -4.266463816165924072e-01 -4.261399507522583008e-01 -3.511278629302978516e-01 -3.718627393245697021e-01 -3.744221031665802002e-01 -4.265103042125701904e-01 -3.188066184520721436e-01 -3.735943138599395752e-01 -4.268721938133239746e-01 -4.245647788047790527e-01 -4.260295927524566650e-01 -4.232538342475891113e-01 3.379249572753906250e-01 3.758964240550994873e-01 3.833117783069610596e-01 3.848793208599090576e-01 2.221248894929885864e-01 3.863317370414733887e-01 3.776054084300994873e-01 3.763546943664550781e-01 3.775204718112945557e-01
-2.903099060058593750e-01 -2.921196818351745605e-01 -3.446316719055175781e-01 -7.716237008571624756e-02 -7.869268953800201416e-02 6.669088006019592285e-01 6.717444658279418945e-01 6.738932728767395020e-01 6.706687808036804199e-01 6.893624663352966309e-01 6.163895726203918457e-01 3.821302354335784912e-01 6.639568805694580078e-01 6.669380068778991699e-01 6.227653026580810547e-01 3.823373019695281982e-01 -2.266574501991271973e-01 1.877308338880538940e-01 -1.499224901199340820e-01 -1.869678348302841187e-01 -7.324267923831939697e-02 -4.706030711531639099e-02 -3.304251730442047119e-01 -6.195914745330810547e-02 -3.163331449031829834e-01 -8.080168068408966064e-02 -1.860294640064239502e-01 -1.336029917001724243e-01 1.778714507818222046e-01 -1.966155618429183960e-01 -2.892379760742187500e-01 -2.467290908098220825e-01 -3.081864416599273682e-01 -1.395321786403656006e-01 -2.511026263236999512e-01 -2.255412787199020386e-01 7.122339010238647461e-01 1.171200629323720932e-02 -1.770143508911132812e-01 1.636298149824142456e-01 -4.258343018591403961e-03 3.837095201015472412e-01 3.810177445411682129e-01 -1.654463708400726318e-01 -1.692349314689636230e-01 -1.418745070695877075e-01 -8.341095596551895142e-02 6.155883893370628357e-02 -1.744900643825531006e-01 3.870753049850463867e-01 -1.692096441984176636e-01 -1.945962309837341309e-01 -1.639258563518524170e-01 3.869099318981170654e-01 8.397361636161804199e-02 -1.773460805416107178e-01 -1.793110817670822144e-01 -2.123853713274002075e-01 -3.525181710720062256e-01 5.607358366250991821e-02 1.792700439691543579e-01 -5.654321610927581787e-02 1.378482729196548462e-01 6.734098792076110840e-01 -3.006290197372436523e-01 3.839637935161590576e-01 -6.629951298236846924e-02 -1.323855668306350708e-01 -1.590326279401779175e-01 -7.581058144569396973e-02 -5.136996880173683167e-02 1.427754759788513184e-01 -7.651453465223312378e-02 -2.026802003383636475e-01 -7.623196393251419067e-02 -4.042157828807830811e-01 -3.529056906700134277e-01 -4.048089087009429932e-01 -3.735463023185729980e-01 -3.778465092182159424e-01 -4.223394989967346191e-01 -4.235656559467315674e-01 -3.549803793430328369e-01 -3.765789568424224854e-01 -3.764292597770690918e-01 -4.233535230159759521e-01 -3.336832821369171143e-01 -3.771219551563262939e-01 -4.222543537616729736e-01 -4.212145209312438965e-01 -4.217304587364196777e-01 -4.205680191516876221e-01 3.470347225666046143e-01 3.812388181686401367e-01 3.793098926544189453e-01 3.845721185207366943e-01 2.256899625062942505e-01 3.867101967334747314e-01 3.815009295940399170e-01 3.831607103347778320e-01 3.855137526988983154e-01
-3.238157033920288086e-01 -3.248428106307983398e-01 -3.664470613002777100e-01 -8.620155602693557739e-02 -9.319411218166351318e-02 6.147000193595886230e-01 6.133788824081420898e-01 6.138355135917663574e-01 6.110699772834777832e-01 6.163895726203918457e-01 7.049456238746643066e-01 3.485904633998870850e-01 6.155194044113159180e-01 6.149146556854248047e-01 6.869943737983703613e-01 4.500780403614044189e-01 -2.319677472114562988e-01 1.858015954494476318e-01 -6.836381554603576660e-02 -2.046140879392623901e-01 -9.732518345117568970e-02 -5.586074665188789368e-02 -3.476008772850036621e-01 -1.044595465064048767e-01 -2.394074946641921997e-01 -1.042856872081756592e-01 -9.859960526227951050e-02 -1.686115711927413940e-01 1.438204795122146606e-01 -2.308228462934494019e-01 -2.950677871704101562e-01 -2.616392970085144043e-01 -3.127619922161102295e-01 -1.554927080869674683e-01 -2.639856636524200439e-01 -2.408701628446578979e-01 6.610057353973388672e-01 -2.650030702352523804e-02 -1.958085000514984131e-01 1.444125324487686157e-01 8.571374416351318359e-02 4.539848864078521729e-01 4.510413110256195068e-01 -1.895406693220138550e-01 -1.356574743986129761e-01 -1.126621738076210022e-01 -5.271225050091743469e-02 1.290109157562255859e-01 -1.640630215406417847e-01 4.513495564460754395e-01 -1.632417291402816772e-01 -2.122627943754196167e-01 -1.712892055511474609e-01 4.469471871852874756e-01 5.429729819297790527e-02 -2.093966305255889893e-01 -1.539890468120574951e-01 -2.240985333919525146e-01 -3.617484569549560547e-01 2.569160982966423035e-02 1.547023952007293701e-01 -7.534712553024291992e-02 1.082357391715049744e-01 6.161384582519531250e-01 -3.096285462379455566e-01 4.532811939716339111e-01 -7.797799259424209595e-02 -1.275840997695922852e-01 -1.660497635602951050e-01 -6.542536616325378418e-02 -6.568506360054016113e-02 1.080737411975860596e-01 -1.022128537297248840e-01 -2.133508920669555664e-01 -1.074049249291419983e-01 -4.119888544082641602e-01 -3.642193675041198730e-01 -4.102863967418670654e-01 -3.972236216068267822e-01 -3.986956775188446045e-01 -4.423677027225494385e-01 -4.424323141574859619e-01 -3.760825991630554199e-01 -4.002223312854766846e-01 -4.024839401245117188e-01 -4.423448443412780762e-01 -3.600068390369415283e-01 -4.021107852458953857e-01 -4.417713582515716553e-01 -4.420941770076751709e-01 -4.418866932392120361e-01 -4.425731003284454346e-01 4.141382873058319092e-01 4.437018036842346191e-01 4.516463577747344971e-01 4.506384730339050293e-01 3.010575175285339355e-01 4.566773772239685059e-01 4.565474689006805420e-01 4.529325067996978760e-01 4.546131491661071777e-01
-2.767801284790039062e-01 -2.785848081111907959e-01 -3.295952081680297852e-01 -4.017209634184837341e-02 -5.236379429697990417e-02 3.846138119697570801e-01 3.838422596454620361e-01 3.840362727642059326e-01 3.824883401393890381e-01 3.821302354335784912e-01 3.485904633998870850e-01 8.744185566902160645e-01 3.847836256027221680e-01 3.845252692699432373e-01 3.463927507400512695e-01 1.117015108466148376e-01 -1.650904119014739990e-01 4.154411703348159790e-02 -1.078609302639961243e-01 -2.467027306556701660e-01 6.929969042539596558e-02 4.295323044061660767e-03 -1.477489769458770752e-01 3.342304378747940063e-02 -2.756302356719970703e-01 -4.534918442368507385e-02 5.694079771637916565e-02 1.225451976060867310e-01 4.261129349470138550e-02 -2.294275015592575073e-01 -2.947180271148681641e-01 2.190810441970825195e-01 -2.793850600719451904e-01 3.585700094699859619e-01 2.142850160598754883e-01 -2.903089821338653564e-01 4.647591114044189453e-01 -3.225396201014518738e-02 8.941078931093215942e-02 6.202001497149467468e-02 -1.047100499272346497e-01 1.164640933275222778e-01 1.196157187223434448e-01 -2.289556115865707397e-01 -1.929520666599273682e-01 -1.748486459255218506e-01 -1.664765626192092896e-01 1.026167348027229309e-02 -1.564362347126007080e-01 1.144077107310295105e-01 -2.059285938739776611e-01 -1.061634197831153870e-01 1.525539997965097427e-02 1.191382333636283875e-01 2.804709598422050476e-02 -1.080323383212089539e-01 -1.852131932973861694e-01 -1.148253306746482849e-01 2.722349464893341064e-01 1.968665570020675659e-01 1.346066147089004517e-01 6.852620095014572144e-02 1.179756522178649902e-01 3.834307789802551270e-01 9.497385621070861816e-01 1.158434674143791199e-01 -3.721066564321517944e-02 -1.090057715773582458e-01 -8.520907163619995117e-02 8.122707717120647430e-03 8.286507427692413330e-02 1.208039894700050354e-01 6.748633086681365967e-02 1.420926302671432495e-01 6.472997367382049561e-02 -3.767763972282409668e-01 2.839337289333343506e-01 -3.759878277778625488e-01 -3.233918249607086182e-01 -3.240003883838653564e-01 -4.110552370548248291e-01 -4.155491888523101807e-01 -2.979045212268829346e-01 -3.214673399925231934e-01 -3.189624547958374023e-01 -4.111090600490570068e-01 -2.332035303115844727e-01 -3.231185972690582275e-01 -4.144125580787658691e-01 -4.129239320755004883e-01 -4.165180623531341553e-01 -4.161126613616943359e-01 9.207604080438613892e-02 1.122974604368209839e-01 1.110163480043411255e-01 1.126169413328170776e-01 1.063269153237342834e-01 1.157872155308723450e-01 1.169669628143310547e-01 1.152759417891502380e-01 1.187662929296493530e-01
-2.786437869071960449e-01 -2.761299610137939453e-01 -3.387007117271423340e-01 -7.540360093116760254e-02 -7.561574131250381470e-02 6.775913834571838379e-01 6.760419607162475586e-01 6.764445304870605469e-01 6.704487800598144531e-01 6.639568805694580078e-01 6.155194044113159180e-01 3.847836256027221680e-01 6.914982795715332031e-01 6.742300391197204590e-01 6.123972535133361816e-01 3.775608837604522705e-01 -2.234688401222229004e-01 1.894291937351226807e-01 -1.616387367248535156e-01 -1.872781366109848022e-01 -6.641898304224014282e-02 -4.202032089233398438e-02 -3.339627683162689209e-01 -5.790003761649131775e-02 -3.253237009048461914e-01 -7.787201553583145142e-02 -1.946798712015151978e-01 -1.188086792826652527e-01 1.771123111248016357e-01 -1.833730787038803101e-01 -2.911332249641418457e-01 -2.451195120811462402e-01 -3.071097731590270996e-01 -1.392555534839630127e-01 -2.491276115179061890e-01 -2.248275876045227051e-01 7.221383452415466309e-01 1.005969289690256119e-02 -1.687224358320236206e-01 1.627283990383148193e-01 -1.848691701889038086e-02 3.792527914047241211e-01 3.760235309600830078e-01 -1.723414510488510132e-01 -1.780216097831726074e-01 -1.464620232582092285e-01 -9.218083322048187256e-02 5.544251576066017151e-02 -1.689865142107009888e-01 3.756028711795806885e-01 -1.658364981412887573e-01 -1.939109265804290771e-01 -1.568405777215957642e-01 3.741011917591094971e-01 8.824486285448074341e-02 -1.756592839956283569e-01 -1.868148297071456909e-01 -2.170660048723220825e-01 -3.533623218536376953e-01 6.061779707670211792e-02 1.880917698144912720e-01 -5.301652103662490845e-02 1.403265297412872314e-01 6.784921288490295410e-01 -2.991282939910888672e-01 3.802149593830108643e-01 -6.326943635940551758e-02 -1.356587707996368408e-01 -1.569517254829406738e-01 -7.631213217973709106e-02 -4.541282355785369873e-02 1.498070508241653442e-01 -6.633710861206054688e-02 -1.994588971138000488e-01 -6.992863863706588745e-02 -4.006562232971191406e-01 -3.541179001331329346e-01 -3.992696404457092285e-01 -3.707274794578552246e-01 -3.715973794460296631e-01 -4.209828972816467285e-01 -4.266333878040313721e-01 -3.497778177261352539e-01 -3.730567693710327148e-01 -3.736031353473663330e-01 -4.254567921161651611e-01 -3.262687325477600098e-01 -3.749028444290161133e-01 -4.260609745979309082e-01 -4.245547652244567871e-01 -4.257508218288421631e-01 -4.255478978157043457e-01 3.366510272026062012e-01 3.680900037288665771e-01 3.710755407810211182e-01 3.756003081798553467e-01 2.240722626447677612e-01 3.780493736267089844e-01 3.757652640342712402e-01 3.751988708972930908e-01 3.762252926826477051e-01
-2.753304541110992432e-01 -2.779823839664459229e-01 -3.375026881694793701e-01 -7.715362310409545898e-02 -7.733957469463348389e-02 6.760808229446411133e-01 6.765151023864746094e-01 6.737601161003112793e-01 6.733601689338684082e-01 6.669380068778991699e-01 6.149146556854248047e-01 3.845252692699432373e-01 6.742300391197204590e-01 6.912938356399536133e-01 6.115556955337524414e-01 3.767015337944030762e-01 -2.254743576049804688e-01 1.883232891559600830e-01 -1.616976261138916016e-01 -1.894148141145706177e-01 -7.148347049951553345e-02 -4.929525777697563171e-02 -3.316141664981842041e-01 -5.694011226296424866e-02 -3.279049396514892578e-01 -7.875064760446548462e-02 -1.870767474174499512e-01 -1.210392490029335022e-01 1.775164306163787842e-01 -1.836433112621307373e-01 -2.872593700885772705e-01 -2.484456151723861694e-01 -3.089854121208190918e-01 -1.418213993310928345e-01 -2.516914010047912598e-01 -2.255108803510665894e-01 7.257335782051086426e-01 9.419486857950687408e-03 -1.653632521629333496e-01 1.613008975982666016e-01 -1.801661215722560883e-02 3.803898990154266357e-01 3.746711909770965576e-01 -1.713995635509490967e-01 -1.801375299692153931e-01 -1.531093567609786987e-01 -9.636757522821426392e-02 5.326155573129653931e-02 -1.732710450887680054e-01 3.760834336280822754e-01 -1.708091348409652710e-01 -1.976904124021530151e-01 -1.565832793712615967e-01 3.729993104934692383e-01 8.424623310565948486e-02 -1.795239746570587158e-01 -1.867253780364990234e-01 -2.131026238203048706e-01 -3.501130044460296631e-01 6.080948561429977417e-02 1.855530589818954468e-01 -5.183212831616401672e-02 1.442617326974868774e-01 6.779277324676513672e-01 -2.968058884143829346e-01 3.762517571449279785e-01 -6.661213189363479614e-02 -1.376908570528030396e-01 -1.574615538120269775e-01 -7.877594232559204102e-02 -4.701464250683784485e-02 1.446626931428909302e-01 -6.295672059059143066e-02 -1.967251449823379517e-01 -6.842727214097976685e-02 -4.009445607662200928e-01 -3.515087962150573730e-01 -4.031564891338348389e-01 -3.692256212234497070e-01 -3.697077035903930664e-01 -4.196931421756744385e-01 -4.245989322662353516e-01 -3.471947908401489258e-01 -3.716275691986083984e-01 -3.722666501998901367e-01 -4.240438640117645264e-01 -3.233842551708221436e-01 -3.726283013820648193e-01 -4.234920740127563477e-01 -4.221988916397094727e-01 -4.229733645915985107e-01 -4.224545955657958984e-01 3.364282548427581787e-01 3.740617930889129639e-01 3.737283945083618164e-01 3.787766993045806885e-01 2.205123156309127808e-01 3.821622133255004883e-01 3.783693909645080566e-01 3.755396008491516113e-01 3.802900016307830811e-01
-3.310829997062683105e-01 -3.319347202777862549e-01 -3.696437478065490723e-01 -9.086588770151138306e-02 -9.804905205965042114e-02 6.140453219413757324e-01 6.133374571800231934e-01 6.211659908294677734e-01 6.171287894248962402e-01 6.227653026580810547e-01 6.869943737983703613e-01 3.463927507400512695e-01 6.123972535133361816e-01 6.115556955337524414e-01 7.150048017501831055e-01 4.708774387836456299e-01 -2.388029247522354126e-01 1.844611316919326782e-01 -6.222704797983169556e-02 -2.090441733598709106e-01 -9.304004907608032227e-02 -6.013482809066772461e-02 -3.513039350509643555e-01 -1.078793182969093323e-01 -2.322569638490676880e-01 -1.049120351672172546e-01 -9.614305943250656128e-02 -1.711600422859191895e-01 1.413006931543350220e-01 -2.371571809053421021e-01 -2.978129982948303223e-01 -2.636511027812957764e-01 -3.170570433139801025e-01 -1.598487049341201782e-01 -2.659209966659545898e-01 -2.444248646497726440e-01 6.561683416366577148e-01 -2.841627411544322968e-02 -1.916898936033248901e-01 1.421671360731124878e-01 9.602805227041244507e-02 4.668792486190795898e-01 4.588007628917694092e-01 -1.919575035572052002e-01 -1.397832483053207397e-01 -1.139919981360435486e-01 -5.516400188207626343e-02 1.436780542135238647e-01 -1.727070063352584839e-01 4.724960029125213623e-01 -1.647626757621765137e-01 -2.182555049657821655e-01 -1.763290613889694214e-01 4.681110680103302002e-01 4.799512773752212524e-02 -2.116734534502029419e-01 -1.531864106655120850e-01 -2.297911643981933594e-01 -3.648394644260406494e-01 2.288382127881050110e-02 1.477412134408950806e-01 -8.377327024936676025e-02 1.006864011287689209e-01 6.211501359939575195e-01 -3.148707449436187744e-01 4.723324477672576904e-01 -8.332536369562149048e-02 -1.337577551603317261e-01 -1.703102439641952515e-01 -7.187957316637039185e-02 -6.296733021736145020e-02 1.037897542119026184e-01 -1.098432168364524841e-01 -2.173381149768829346e-01 -1.087406054139137268e-01 -4.178448021411895752e-01 -3.688805401325225830e-01 -4.169993996620178223e-01 -4.006892442703247070e-01 -4.054774343967437744e-01 -4.429326355457305908e-01 -4.444265067577362061e-01 -3.809614479541778564e-01 -4.017701745033264160e-01 -3.998690843582153320e-01 -4.459402263164520264e-01 -3.620194494724273682e-01 -4.048142135143280029e-01 -4.426248371601104736e-01 -4.398341774940490723e-01 -4.401680827140808105e-01 -4.416414201259613037e-01 4.295896887779235840e-01 4.643412828445434570e-01 4.677133262157440186e-01 4.726656079292297363e-01 3.025441467761993408e-01 4.739422798156738281e-01 4.699367880821228027e-01 4.663077592849731445e-01 4.666908979415893555e-01
